2.246639025141682799e-22
1.636127462848592772e-22
1.863759315647197891e-22
2.684910849914944600e-22
1.524480902284635050e-22
3.451120263010564020e-22
5.067183022388374287e-22
8.003359801097444239e-23
2.031688834443093083e-22
3.267195035653002671e-22
3.251470085204253387e-22
1.642922670038102300e-22
2.477110295940097026e-22
3.212090717160330167e-22
3.599404359480211207e-22
2.992293906690765655e-22
-1.056062684496820661e-22
1.505157803513185532e-22
1.335300306032625234e-23
1.502482605687542380e-22
1.789207750734536750e-22
2.289750769823538268e-22
2.216495492566646744e-22
2.446514948051815659e-22
1.106095706222797334e-22
4.112983763633586151e-23
3.979628157626069402e-22
7.157769353933369822e-23
9.745356049990187189e-23
2.586571981372306709e-22
-6.428017809624640835e-23
4.356116651404154820e-23
2.705337302725514790e-22
1.273467659196393182e-22
1.664624868292030306e-22
-1.287228529778121196e-23
1.032658614523400023e-22
-7.131837928837934952e-24
2.671994803868260429e-23
2.422922186430246710e-22
2.838050024791984228e-22
-8.180130744902639359e-23
9.911218788842601963e-23
-7.747298076314686297e-23
-2.903268777454827950e-23
-1.695275478444413325e-22
-1.468761503434638273e-22
-4.636586821338155551e-23
9.676305369481675113e-23
1.345601695108720040e-22
-8.944433148956920910e-23
7.968045425980141706e-25
-1.130871441727851252e-22
-2.145547875014058286e-22
9.840834666636890737e-23
-3.291470861550218216e-23
-5.412142062832032279e-23
-1.389943404206433833e-22
-2.299897357671055283e-22
-8.739350268053912005e-23
-2.134635589440560491e-22
7.118067262989388266e-23
-2.021152658623527662e-22
-5.594027668127298594e-23
-2.835127728116347429e-22
-2.499845804522402568e-22
-1.035703660515638305e-22
-1.827874867619509287e-22
-1.990242977410382913e-22
-1.669112050590769998e-22
-4.523269809555836378e-22
-1.815445261766756818e-22
-4.371337705065977150e-22
-3.045589558577059358e-22
-3.091502491338819849e-22
-2.166320539830610002e-22
-1.488479313343907066e-22
-1.460048153377902330e-22
-2.506538890552679199e-22
-1.112826525066930709e-22
-2.571059637069002301e-22
-2.417262402300057351e-22
-2.603395052538638810e-22
-3.560894142494347003e-22
-2.461734872379785173e-22
-4.051087263185951635e-22
-3.720414659038466896e-22
-1.360966811837253405e-22
-4.011059669982189058e-22
-4.029713919640361307e-22
-1.610334778325908442e-22
-2.237987470033236274e-22
7.182795369310207127e-23
-2.608984096987061253e-22
-5.899253647280189449e-22
-1.606749170606189824e-22
-1.729120632874482544e-22
-3.769343245954139930e-22
-1.903095400465409971e-22
-2.086488706982705463e-22
-5.073260624182525744e-22
-4.799116705966756193e-22
-5.242242518073481922e-22
-2.310051029747850860e-22
-3.409054278563374250e-22
-4.982786637248366054e-22
-2.999687473712644713e-22
-3.654584590295754564e-22
-1.486126770087497675e-22
-4.836011100905434305e-22
-1.416274011425812609e-22
-3.571912125433039030e-22
-2.791927724830496715e-22
-2.715323117231099835e-22
-3.748766991542763538e-22
-3.020241293178211251e-22
-3.448023606347321677e-22
-1.509314196015863436e-22
-4.619359794522093950e-22
-2.553321066846482959e-22
-2.446567194270938410e-22
-2.784198268012155308e-22
-1.822691087849086338e-22
-1.470264241753809565e-22
-2.916779305586851092e-22
-1.592775058246095612e-22
-5.597303900673123291e-22
-3.909070192399389698e-22
-2.043744658801853912e-22
-4.534167068137590495e-22
-4.579271482319578198e-22
-3.678986219115056007e-22
-3.705486643708579668e-22
-2.509503318532413254e-22
-3.977827424421368822e-22
-3.618024238058443256e-22
-1.774795997512384586e-22
-1.478893098956308720e-23
-4.280250306716370425e-22
-1.654789666805080775e-23
-3.283317881631572866e-22
-2.003642450413256973e-22
-6.635459472217253095e-24
1.028550967813229358e-22
-2.715138247886725326e-22
-1.711304519180390575e-22
-6.067538763202103086e-23
-8.128961705500359949e-23
-8.032453431250475904e-23
-4.367101952010133368e-23
-7.971010011971395213e-23
-1.074180171758204135e-22
-2.127081904962355348e-22
-2.477484549774878389e-22
-2.916196266815286840e-22
-2.717579081658514906e-22
-1.173384583838436237e-22
5.002551616574553266e-24
-1.455083569345467562e-23
-1.616773718654577874e-22
-9.446789467894103636e-23
1.695366633048416790e-23
-8.533209243641435686e-23
2.141607671831608933e-22
-1.556432598394539887e-22
1.032694256915629938e-22
-4.455890215076881510e-23
2.008690408824994420e-22
1.120315743650977760e-23
-2.783590600298444350e-23
-4.014749982139565000e-23
1.035156275168944401e-22
2.588277009106955569e-22
-1.311222812644418012e-22
2.235378212521505695e-22
2.542644022874049137e-22
-1.843123735946196573e-22
8.781002000174608843e-23
-8.745483963105196691e-23
1.814668785262948469e-22
4.405943062820850275e-23
-1.765928247137496962e-22
-1.896797076424282929e-23
7.875072952405159942e-23
1.101154838262635553e-23
3.143064768626362382e-22
4.507255807896698243e-23
5.078865257047595919e-22
1.206376634691043601e-22
2.929054637004741536e-22
2.872990253968520161e-22
1.079172425511451759e-22
1.883686130674022965e-22
3.483866427330518225e-22
2.245919886208203192e-22
9.943466246421926764e-23
1.602674540664282119e-22
2.921663460763016505e-22
1.630594394862415008e-22
2.042928307585482885e-22
3.695578038190354536e-22
1.727331914821559929e-22
3.614295350672445933e-22
3.106296976752057834e-23
1.973508789029991428e-22
3.723838360013722787e-22
3.090479050028958869e-22
2.441200304169169738e-23
3.646859701561542540e-22
3.040501730533524409e-22
2.234112209617383860e-22
5.452357986206519012e-22
2.821258383923415646e-23
4.768161085546832528e-22
3.764015189158413796e-22
3.304609855328530299e-22
2.071520674836020074e-22
3.475767855528379193e-22
2.126491266049026357e-22
5.713229593256473587e-22
2.594314392530625609e-22
4.891137566459349953e-22
1.502258217999011518e-22
4.680136486522160996e-22
1.739050332067112932e-22
6.531717344137299508e-22
3.322192825135635869e-22
1.358125932410562793e-22
4.070373348016552533e-22
5.648461521749934363e-23
2.494841290516775281e-22
3.171591405204423801e-22
4.647177116877195824e-22
4.602039400174223856e-22
6.312045408853793264e-22
2.745230873431710233e-22
3.600392715350755804e-22
3.182868200047194483e-22
2.038318342666778323e-22
5.578883696605488574e-22
1.665685546246881898e-22
3.346148886246753046e-22
2.707556522721773294e-22
6.045446977433789648e-23
3.762918858422420421e-22
8.879039533479126494e-23
4.211458202293650427e-22
4.864604281603900942e-22
4.291444566967988093e-23
3.064216677690175579e-22
1.706035538193574018e-22
3.235814039950345914e-22
2.123628188135486514e-22
2.097975092094939890e-22
1.820843732955016336e-22
-5.205546509079944497e-24
2.492342677129432221e-22
2.709277693198610133e-22
2.796938844980548882e-22
2.551351942647708351e-22
2.394539077455381926e-22
4.798631296602715719e-22
3.428658749074009553e-22
3.170411766780030732e-23
1.555754163540784335e-22
2.366618649583412198e-22
1.174836728884354319e-22
5.997587026503659080e-23
3.401435812434525888e-22
2.051769301154658400e-22
1.307254309882942405e-22
1.380090238058951479e-22
2.405113981332171017e-22
2.832023118752168605e-22
1.074932758035136847e-23
2.628042260075048141e-22
-1.346180442630536346e-22
2.877278020623272617e-23
2.056562649690265858e-22
1.483220979219638876e-22
2.996365494478577140e-22
3.851066221031326060e-23
6.836667602250698595e-23
-3.151540285206091850e-23
1.836293742047006523e-23
-1.014536200965309821e-22
-3.503750201745288420e-23
2.067840517065927688e-22
6.415282845909233137e-23
-5.830143588272053222e-23
8.072867511146590824e-24
-3.187997452277799093e-22
4.325165233601925689e-23
6.111896616389754740e-23
-1.434194583923598567e-22
-1.706302173761668208e-22
2.164821685066059414e-22
-7.615988217448545404e-23
-1.291262073042412696e-22
1.685051168364982998e-23
-1.504699581384954046e-22
-1.724423430412955268e-22
-3.169215530371429941e-22
-4.166457846296157212e-23
7.192518708526116432e-23
-1.213471962366286696e-22
-1.687046512854884689e-22
-1.447421926829758656e-22
-2.118058263024412960e-22
-9.364211810534670973e-23
-5.338256636764648966e-23
-2.583492906167079644e-22
5.741836060299716857e-23
-2.273369219078102109e-22
-5.178420045615030783e-23
-4.002699477897839035e-22
-2.013592134311272403e-22
-3.854889086476435420e-22
-3.008548684888492273e-22
-2.110847575944930149e-22
-3.212497424015550305e-22
-2.562742833302662627e-22
-2.493757179221021565e-22
-3.545617999027685166e-22
-2.562260864518196915e-22
-3.314188224900573157e-22
-1.186485542068720152e-22
-2.537947761218373709e-22
-7.176691842212373832e-23
-3.924266356874087125e-22
-4.111371092057408534e-22
-1.029038834602385234e-22
-2.875143119559197708e-22
-1.937270370989469614e-22
-6.048517829649890949e-22
-3.740200387702770357e-22
-4.033374886294846115e-22
-3.759924580650502806e-22
-1.840274391743959278e-22
-3.152267740423991852e-22
-3.519871420683447764e-22
-3.857622410625247223e-22
-1.839925499371336561e-22
-7.430289859793642887e-23
-3.810173462887904058e-22
-3.042255735825434096e-22
-3.124027996302457287e-22
-3.461159709496755807e-22
-4.659744321448083456e-22
-1.684701972615642722e-22
-3.470086332116390260e-22
-3.427123982581180787e-22
-3.655859180760106809e-22
-4.809661486805149523e-22
-4.643172353428903534e-22
-3.204713157474441884e-22
-3.045803287214324002e-22
-4.716107627472047987e-22
-1.902982673077477253e-22
-8.074126299323039655e-23
-2.399551360455063655e-22
-3.006096449976492506e-22
-4.328570686766483699e-22
-1.080886359911037225e-22
-3.976405920394690924e-22
-3.340253313529326776e-22
-4.033313184507284028e-22
-1.793804654437140177e-22
-2.642241923407861173e-22
-2.024814647506449011e-22
-1.417722030897305008e-22
-4.870018315640659955e-22
-2.424697713626116886e-22
-1.911947206549829495e-22
-1.376547164959182543e-22
-9.576118620213306122e-23
-3.189316809157582378e-22
-9.506182219604815941e-23
-3.276563279739052384e-22
-7.008125027017982195e-23
-3.744255047138096807e-22
-3.554754860128879911e-22
-4.430546626566028748e-22
-2.046627421073948003e-22
-1.948693647519654152e-22
-2.543802626952118692e-22
-4.315480641369182113e-22
-2.293161740162367481e-22
-2.161925223025808828e-22
-2.894502451801407539e-22
-2.089785964719068060e-22
3.865241134079615425e-23
-2.553358389218687307e-22
-1.785960108718782805e-22
-6.148238997773158261e-23
-8.094108361792485839e-23
-1.883555314545445070e-22
-2.622814060263495551e-22
-1.119628471447911691e-22
-2.645907053945119517e-22
2.523370765741675854e-23
-6.377742950321700793e-23
-8.929006474230840682e-23
-2.046482470188445964e-22
-9.888225524389542946e-23
-2.122598800033929006e-22
1.509547452331977757e-22
-7.048885192531305315e-23
-1.462827761023252817e-23
-2.106384131474912322e-23
-8.184063581059548236e-23
9.191964316267844765e-24
3.289789763037096523e-22
7.944490372747721059e-23
2.344070076063340484e-22
1.006028574038746841e-22
1.619622450598236727e-22
8.328545612290057960e-23
1.344851941382890348e-22
2.038854671797412597e-22
1.690090267808908751e-22
3.564754205409043910e-22
4.856019289337892570e-23
1.919786449481172166e-22
2.352675101525922172e-22
2.027917621233009594e-22
2.083696625098099476e-22
-3.828655641386073343e-23
2.350240191495021077e-22
-1.119634689536590766e-22
2.015094005287164434e-23
2.269902550454241267e-22
1.583514865457015228e-22
3.634010357656446544e-22
1.503872566870167081e-22
2.491137945662650436e-22
1.409561176223363441e-22
9.901729821057687582e-23
6.030672356103164825e-23
3.137298489229767345e-23
1.868322909458545761e-22
1.578252198538454165e-22
1.205049364339080709e-22
2.469630008862529228e-22
3.657862672367217204e-22
3.031315179032770616e-22
1.181041439437010825e-22
1.233453228763877934e-22
4.773776122480568014e-22
-4.458164105025383535e-23
7.313819010351692331e-23
1.566663304176940112e-22
3.800705838922209812e-22
2.426527754987754075e-22
3.427186142731341358e-22
1.854814091101388548e-22
3.604489554815428925e-22
3.707821903269384090e-22
2.894051295440133994e-22
2.229269275336676656e-22
4.851806997125917007e-22
5.004892881349468106e-22
2.455074594104125442e-22
3.861385419570215298e-22
3.144762247290746909e-22
2.268444367748309619e-22
5.066344207363061153e-22
1.991608254086614393e-22
3.189410919562424367e-22
4.850206122442560148e-22
6.014837062119387515e-22
3.005213922214847736e-22
6.588627056286938602e-22
2.156242154560511970e-22
5.095482555092850051e-22
5.159846864655050614e-22
1.056000664143727891e-22
4.303404893228429327e-22
4.382714650275687057e-22
3.554580970252471040e-22
4.052107800351567523e-22
2.761932414043486128e-22
4.241598009975670047e-22
3.572356165865443529e-22
4.912835934174430959e-22
2.977457251666998382e-22
2.736605332855221565e-22
1.342333037484257868e-22
3.575641244818843554e-22
1.726347421101318011e-22
1.747431898526775473e-22
3.191863592147622389e-22
2.351590645483291733e-22
3.572015355067986530e-22
2.819631989117792276e-22
2.130034179646138688e-22
2.293499506400926602e-22
1.100365317797168646e-22
6.491273170311757091e-23
2.367378539455765173e-22
1.091843539056364292e-22
2.709175762224945610e-22
-1.313341110180227370e-23
3.179192195357921617e-22
1.467567176387552388e-22
3.232932964146447258e-22
-3.768069605923056756e-23
1.560202607233132405e-22
8.940253382706010651e-24
-5.495901274687994631e-23
1.212435288765475282e-22
4.224211680371083895e-22
7.734896406735184121e-23
1.347849215800741359e-22
-4.261231537806587295e-23
1.078666289236678474e-22
3.108082575306573273e-22
5.819489121447866712e-23
1.414205527809300039e-22
1.081509045118983808e-22
1.678503134987449047e-22
1.349902954128805510e-22
1.966940128372628691e-22
1.149935353344635386e-22
1.440413282512534090e-22
1.562156426262415435e-22
2.066506686268218400e-22
1.225072036923699187e-22
2.277369525897201996e-22
-2.212842792585891796e-22
9.255394438186780644e-23
1.245660750006853963e-22
1.879493548600173714e-23
1.128534273566824736e-24
1.426525016819536758e-22
3.177676942575444768e-23
-3.497681009037049619e-23
1.037823910348152107e-22
-2.189937802920794681e-22
-8.900844433099716969e-23
-3.386867515972270846e-22
1.795698844762956259e-23
9.945029330614112308e-23
-2.621029365073271072e-23
-1.177007334453727743e-22
-1.219534492728283246e-22
-2.431231526462388632e-22
-7.527581541646755276e-23
-1.942269563503935354e-22
-1.367371255566101527e-22
-1.724939323613618667e-22
-2.140690409303875193e-22
-4.189689349128868842e-22
-2.424891377659305744e-22
-3.863979691087734357e-22
-3.712914622224919268e-23
-4.246319054993595566e-22
-3.879440901317577583e-22
-1.209141199834161025e-22
-2.708774227685165281e-22
-2.038331221323373945e-22
-3.232999154201694738e-22
-3.414394538902341885e-22
-3.484072708672284455e-22
-8.039418315297751426e-23
-1.442067067575964870e-22
-1.472890771770420792e-22
-5.247592333791776619e-22
-3.367284081124899703e-22
-3.387916152053829626e-22
-2.079460140452553141e-22
-4.017728797187907101e-22
-2.986401450029941890e-22
-1.655451745418003157e-22
-4.456773626950610259e-22
-1.511174884146291037e-22
-2.506759796373419611e-22
-2.645611129019544410e-22
-2.985439694861515083e-22
-3.624405320538285352e-22
-4.023041920019005028e-22
-2.684872690286796084e-22
-1.451978001389008358e-22
-2.628574554637870916e-22
-1.104023978365272133e-22
-3.991091048944048373e-22
-5.398829876132822673e-22
-2.456543495597325098e-22
-3.564009678480366517e-22
-1.849122565913180659e-22
-4.303258463908480295e-22
-2.332177355834348493e-22
-1.181952854709934614e-22
-3.050784132160773412e-22
-5.136846225973120481e-22
-1.816790082939756134e-22
-4.858853790125909540e-22
-2.505468189670288278e-22
-3.233589884967555151e-22
-3.335441966469289215e-22
-1.454703906771126716e-22
-4.777933282729849198e-22
-7.806496000407369826e-23
-6.096974806055896150e-22
-2.549589871112488449e-22
-2.341068755206258257e-22
-4.486890247299125779e-22
-4.801245899780666208e-22
-4.143470640711358739e-22
-3.893942280182241062e-22
-8.056031491577917195e-23
-2.744515074252274197e-22
-3.661044973040684182e-22
-1.242162989678173347e-22
-3.755061877444436143e-22
-2.705813152242784962e-22
-1.709776529692396902e-22
-4.224007918977701235e-22
-2.365390728308985771e-22
-4.178791753962440543e-23
-3.486462117674419292e-22
-2.723363972425302602e-22
-1.377573604207075843e-22
-4.494176051791824006e-22
-2.298138804587402159e-22
-1.351434936395078393e-22
-4.682342100763422164e-22
-4.011209513160562879e-23
-1.115493108987880407e-22
6.678947033926098836e-23
-3.458675710924692069e-22
-1.793616280120228678e-22
-5.663955534944422869e-23
-1.515221896847799496e-22
-9.642926570420285666e-23
-1.531223372672157745e-22
-5.550582121802432247e-23
-1.048925999142997090e-22
-1.874338327076460674e-22
-3.122611397386330909e-22
-1.762486371780413296e-22
-1.766613510779889393e-22
-9.232915957980159819e-23
-1.972761517355414061e-22
-2.400764376648947903e-23
1.568516807442604832e-22
-1.414471043551251699e-22
2.487773388498257351e-23
-2.417344639779416903e-22
1.299102090621530229e-23
1.700075557858660440e-22
1.435111633748800774e-22
-9.628162359124494130e-23
2.587870615220764311e-22
1.793171634347075071e-23
2.257960356458872449e-22
1.303511797053039441e-22
6.725057902490075870e-23
4.317254664141980614e-23
6.023484458671259732e-24
2.038850400700605228e-22
1.634465908652685098e-22
-4.607807239453080213e-23
1.378773221129246963e-22
1.598884477348647406e-22
2.628235841175954333e-22
-1.055163857197529356e-23
2.195549459024964152e-22
-1.537862231287220801e-23
3.103062904829174770e-23
1.901977483703908238e-22
1.733498703093813471e-22
-4.483609167519583611e-23
3.054939676621785533e-22
4.217667142138604099e-23
-7.193794320626539055e-23
1.358226018527438526e-22
4.717771148838535251e-22
5.192800063778437841e-22
2.707800499423441204e-22
4.146866621945687027e-22
8.177498317360983862e-23
4.141401589862450125e-22
2.743191789951155236e-22
-5.351373579730416704e-23
4.361429089694640820e-22
6.736263802484750456e-23
2.236170996206812899e-22
3.469444055683202821e-22
2.993359515669410407e-22
3.562312231046364499e-22
2.613013938916900319e-22
3.633848971306348775e-22
6.457545671233000101e-22
-7.166967045427190845e-23
4.342192532497078620e-22
3.671641491538769324e-22
2.401729848662400459e-22
1.355522490709073300e-22
1.083220983824875285e-22
2.190058583025588383e-22
3.598434818659279004e-22
1.697424717192207042e-22
5.595241484861369585e-22
2.579337850661477777e-22
2.376788492155768007e-22
2.789297677214719269e-22
5.037969479419987719e-22
4.128391214376184919e-22
3.490992952314035087e-22
2.474655034982927427e-22
3.093350106542565729e-22
2.367536033425516394e-22
3.867170020498784422e-22
5.299589584477369336e-22
1.816384944499063816e-22
3.716497701103473571e-22
3.277400138949587508e-22
6.033212911967439920e-22
2.585788535411995223e-22
2.318107554514167891e-22
5.478303448495893789e-22
3.337193091526081025e-22
2.965453996002563569e-22
4.183678542625383977e-22
6.637891389311318775e-22
1.604497417056788344e-22
2.689284193365504539e-22
3.090329139540176086e-22
1.436548096879197798e-22
3.469603535284505020e-22
3.251395037775189237e-22
1.666466768061021696e-22
2.604899022627331728e-22
3.823653236427134821e-22
1.379783033397874321e-22
2.392496335726079031e-22
-8.903253957465523737e-23
3.397783936955588706e-22
3.671830789733964041e-22
3.162511833067358218e-22
1.926956135649501794e-22
2.311161564284804168e-22
2.372136077448268376e-22
1.425124330798138475e-22
3.810716160251104739e-22
2.569656555032410115e-22
1.903442154341693590e-22
5.310807134361438635e-23
8.458756914268945116e-23
2.014659779218435781e-22
-5.006428168739803975e-24
2.710414637412033124e-22
-1.178196350409398480e-22
2.355494667766344495e-22
1.324443077811410266e-22
1.201759086593401415e-22
2.618323259145028399e-24
1.262766636234879460e-22
1.315757055236859142e-22
1.194029756327389562e-22
2.681556286629098123e-22
-1.008484931191061006e-23
-6.306808532807379858e-23
8.330118848188301205e-23
-8.754055063000408259e-23
-1.854714839743548055e-22
2.014861505011397451e-22
-1.968011937443713996e-22
2.336143837228195845e-22
-8.993470682089564785e-23
1.618980935792409368e-22
-6.556304407148897317e-24
1.759732061082463555e-22
-1.557909578374993039e-22
4.492675701493889762e-23
-6.273927113267192942e-23
-7.668301650242929311e-23
6.661782678348436358e-23
-7.852052146623931612e-23
-3.004263438277300109e-23
-1.681478275123549073e-22
-6.237986354858249784e-23
-3.406140586843413807e-23
-1.490160082876426758e-22
-3.843926333568070432e-22
-2.306222720265563193e-22
-1.806042150508705929e-22
-6.125537001031064203e-23
-4.924555146142376800e-23
-2.195304598281841841e-22
-1.738343693623292927e-22
-4.962278344114660489e-22
-1.024932810614366283e-22
8.537590873926734654e-23
-2.048564361767190617e-22
-1.960553237452759671e-22
-4.965295680584241104e-23
-2.986498925996269427e-22
-1.943720465952261131e-22
-2.589583884892975606e-22
-2.239360154603812941e-22
-7.946378072289502031e-23
-1.907014731573011525e-22
-4.793140682926008526e-22
-4.704872010728876146e-22
-3.865454835216505235e-22
-3.155920450085577076e-22
-4.795188665465656479e-22
-2.061146965153038347e-22
-5.081116825309437040e-22
-1.691304830246803469e-22
-3.537093422271276610e-22
-1.953156068722768700e-22
-2.481550423707740077e-22
-4.064215421790922467e-22
-2.625435009894973388e-22
-4.461247187761627206e-22
-1.886973574866954156e-22
-2.669996849932042390e-22
-2.578758887214535921e-22
-1.803698077904406083e-22
-4.576267487661529812e-22
-3.048857585303028309e-22
-4.156204251641319676e-22
-3.044169489391734710e-22
-2.270842120032003031e-22
-3.382887010256850849e-22
-3.054072949283253634e-22
-4.577315688935107976e-22
-3.075702022285535024e-22
-5.344458108341221777e-22
-5.152839005476970393e-22
-4.767046160736070565e-22
-1.859065750553552823e-22
-4.351782335835505570e-22
-4.905701571519408127e-22
-3.296566518730392910e-22
-4.888605172983820923e-23
-3.445469783627536995e-22
-2.972573941781751692e-23
-3.332103933882761010e-22
-2.425294937272529858e-22
-3.187876045723759934e-22
-1.730181439911733549e-22
-3.487688517463913648e-22
-6.507160902211607513e-23
-3.796513381547334839e-22
-5.268262434284603066e-22
-5.357749459120878587e-22
-2.738699415305458081e-22
-9.813817348609867519e-23
-1.926628125333373210e-22
-2.993422251687999816e-22
-1.179718860308735967e-22
-2.513955451215459251e-22
-2.920828142995193051e-22
-1.673141221234255714e-22
-2.934018252975996230e-22
-2.612486579945216859e-22
-1.876595475212291449e-22
-1.365997580927643035e-22
-1.402748373380968288e-22
-1.701737425153033497e-22
-2.310242412830712544e-22
-3.829272605498992594e-22
-1.263732546527825924e-23
-3.076762818614114542e-22
-4.864141553785336944e-22
-8.382791007941272307e-23
-2.562242348819512758e-22
-8.421757542525763292e-23
-2.645327916453802291e-22
-1.782122265110111111e-23
-2.205363335303163369e-22
-1.427848091059344089e-22
-6.093475054086757016e-23
-2.348208374584568710e-22
1.931288307319844114e-22
-3.196253839650117809e-23
-3.722903379250890134e-22
2.016753299742843551e-22
1.889498654674434738e-23
-2.637935981364372936e-22
-1.434512033999296136e-22
-1.340986020867163932e-22
2.261462714912098919e-23
-1.307016475291408593e-22
-5.199161670804031143e-23
-7.810018517923181322e-25
5.219062065071049262e-23
7.770799197544644224e-23
2.013168034418276155e-22
1.339035471427782215e-22
-5.167170500543094081e-23
2.565949120139118464e-22
-5.185415639509938310e-23
-2.167490665337722723e-23
1.067133019529847740e-22
2.742805391516304366e-22
1.015481574015625716e-22
1.073971495662475854e-22
1.672291621200722002e-22
2.770694738133500356e-22
-4.276745607205356248e-23
3.610191023115858511e-22
1.854634404041390501e-22
3.615995229586462289e-22
2.959624283309507728e-22
3.021194438621041667e-22
1.925415811944566885e-22
1.384707054247893683e-22
9.971431000587007955e-23
4.024013507334634624e-22
2.594287171927297690e-22
5.076570696883224277e-23
1.922163239470997741e-22
-7.102393425723332109e-24
2.258188017838552694e-22
1.230297907910039555e-22
3.319363157771270210e-22
2.396356397759092169e-22
2.472493692979977979e-22
2.537652104319366847e-23
3.479315161204210628e-22
2.465357252170526874e-22
3.477764228297001659e-22
-5.256347094757169354e-24
3.595520356861157969e-22
7.394901176761980880e-23
2.807951603252106473e-22
2.915845581655303908e-22
2.972184610343452684e-22
5.123229219566360822e-22
4.643012142539052205e-22
4.190333336934162657e-22
2.700724499888746303e-22
3.843034379244368319e-22
2.512429368555209228e-22
2.363991296986856049e-22
4.433135155619100055e-22
4.560446140413253324e-22
3.241914536968706652e-22
5.541013884689821591e-22
3.871230229618524695e-22
3.735590794046010700e-22
2.760500707959646195e-22
3.270054902918289989e-22
4.881153646279598576e-22
1.205952777535900941e-22
1.898266267399704105e-22
4.828599390501137801e-22
3.056231422779482759e-22
4.861287494249221732e-23
3.355348487808625027e-22
4.263981096650736584e-22
9.777261435432558021e-23
3.570150309881588337e-22
4.138071035118655368e-22
4.723382474179592962e-22
2.895937020646399672e-22
4.307814402189268026e-22
2.998580443856434493e-22
4.160094806970768155e-22
2.609000173355709268e-22
3.900757021999471879e-22
3.430193309479962427e-22
2.028951301484613945e-22
2.770664771146676002e-22
2.101793368093392783e-22
4.625086545254065806e-22
3.379206823366715337e-22
1.646164796602805805e-22
4.749982111530004975e-22
2.063404616506385885e-22
2.901901296050493664e-22
1.159217421792584364e-22
1.280696207146230089e-22
2.617728837303865775e-22
-6.368390985061914703e-23
4.551344874994418030e-22
-1.073379714397794375e-22
5.695270161256675195e-22
1.859355043826990032e-22
8.716077748183086135e-23
8.103473395119351153e-23
3.043589549329214776e-23
2.499464175844883194e-23
3.588335531289444806e-22
9.539494022727765542e-23
-1.660801551577656454e-23
2.118401100151395755e-22
2.820549975987760233e-23
2.865146451580213443e-22
-4.180786811245952774e-23
1.710909586620840512e-22
5.074088209200849982e-23
1.078112007500323964e-22
1.354759546437701403e-22
4.443209885712138004e-23
1.809328230224414626e-22
1.845318769298910564e-22
-1.111437054975217336e-22
-9.597919603634951415e-23
-7.889116096319057404e-23
-8.747323173116464218e-23
-7.299022528476788033e-23
1.383675020363099664e-22
-5.833747908383983568e-23
4.978758628731811740e-23
-2.973368131457763408e-22
1.466730472856148567e-22
-1.203890790094199667e-22
4.626288727479166428e-23
1.646107237299994941e-23
-1.144966142138627778e-22
-1.450246927874753941e-23
-6.574428704912857372e-23
-6.308749655592678540e-23
2.246722183781959728e-22
-1.959113243229211061e-22
-8.566904393661391878e-23
-2.864466942177692909e-22
7.189505158622566314e-24
-1.782921442603832448e-22
-2.227475827428549601e-22
-1.991597535603257519e-22
-1.944103972793602459e-22
-3.126538987790235091e-22
-1.876567766394539306e-22
-4.101382157988449561e-22
-1.276568514246794893e-22
-1.367920202565350655e-22
-3.298461571430117624e-22
-1.986927048131180260e-22
-3.520324630799190939e-22
-4.187102805962175000e-22
-2.509745940014300801e-22
-1.503685119799678765e-22
-2.759658035021727484e-22
-2.571232186907782170e-22
-2.408584854422891267e-22
-2.831341304598854498e-22
-3.898288609931955855e-22
-4.089683915113686200e-22
-1.750744167468054682e-22
-3.302858428331463741e-22
-6.357327808806659984e-22
-2.320714654990873936e-22
-3.215702413242592185e-22
-2.703407248278177432e-22
-2.244964413235321641e-22
-1.201282050342909965e-22
-3.988204466399233120e-22
-3.791629717086131564e-22
-4.201377158734885060e-22
-2.450881120130395317e-22
-5.275522987158636972e-22
-1.705528651918573130e-22
-3.066005498584459258e-22
-3.889649242489268231e-22
-2.053231784637986075e-22
-3.272230352475465999e-22
-1.494667462706063480e-23
-1.535456586646916903e-22
-2.358925446770525698e-22
-4.859406338369792672e-22
-3.433406111687103795e-22
-3.590069162740733093e-22
-4.012962976212974970e-22
-3.214554431617996394e-22
-3.191556254545936615e-22
-4.064283758155279197e-22
-5.189457479914138020e-22
-3.291481734222228927e-22
-2.348572387031867983e-22
-5.972249343296150781e-22
-5.655350837658100829e-22
-2.086239021586756926e-22
-2.313199614189164012e-22
-4.257356915644877183e-22
-1.259184424028039794e-24
-4.519240628173701719e-22
-1.762404230090367705e-22
-3.081533175882275051e-22
-3.219769618365005711e-22
-4.012650978286291608e-22
-3.250391851076513095e-23
-2.443343228688148599e-22
-6.598342608236849091e-23
-2.795398312632986727e-22
-4.142496883792979166e-22
-3.641676945882170659e-22
-2.891993514735199932e-22
-1.974362159332496080e-23
-2.132234247316721515e-22
-5.107872697107201044e-22
-2.946041484140496550e-22
-1.877839656299821403e-22
-3.506588951998533590e-22
-1.164710213676693800e-22
-2.490380519478525052e-22
-5.049569278054632510e-23
-6.180223698402872523e-23
-3.728478647753105969e-22
-1.256093197164723667e-22
-9.349584053859021385e-23
-7.008850543410174684e-25
-1.289567568367326402e-22
-2.056640420220698511e-22
4.730415260771763407e-24
-1.080686632059298993e-23
2.444765376446543018e-22
-2.582527959262555114e-22
1.041550856882269339e-22
-6.668163766303856918e-23
6.398284837575840156e-23
-3.952188217304851042e-23
2.476815005181201176e-23
-2.070568472832766456e-22
-9.328210965905738783e-23
-7.012893485428386404e-23
7.007738594877970215e-23
-1.099434492810518684e-22
-2.964888035605649951e-22
2.768564002401761018e-24
-6.113332588996565514e-24
-1.954473121526856336e-22
1.619216628901949053e-22
-3.142818174637358256e-23
2.470559153110247769e-22
2.475422618380793842e-22
-4.456853608121691755e-23
8.216048624994014540e-23
2.415860781779520375e-22
7.800516425716255860e-23
1.735299888340514205e-22
-7.326122303359240728e-25
2.633494395483676747e-22
7.531443716845687489e-23
1.997186114518288287e-22
3.410447574595268598e-22
1.438243185355793050e-22
7.586971229322250492e-23
5.470580230782096560e-22
5.273650116604189724e-23
3.989004663610545174e-22
1.219802729035012849e-22
2.531934859999886449e-22
2.384929643695927512e-22
1.200882972033935961e-22
1.149609326878284351e-22
1.880966024041053835e-22
1.914495170914308968e-22
2.431755032678248795e-22
2.919421412120679244e-22
8.042147833974411506e-23
2.768770391818218549e-22
2.452142187294363240e-22
2.361578580525184460e-22
4.963076483400268732e-22
1.231643467038716893e-22
3.247437198322023000e-22
2.419286949158601755e-22
2.752281111894517102e-22
4.706850359586210183e-22
2.954745659045909281e-22
4.156081613931604391e-22
3.350373966131433997e-22
4.767309198633626498e-22
3.151600347407986515e-22
6.163908201929984264e-22
2.485513646068668518e-22
5.806955799019617752e-22
4.017988795839694297e-22
1.895025405002718640e-22
2.029698031463474348e-22
3.255891733705011060e-22
2.797670986222203182e-22
2.781998548410876782e-22
2.660187487117883220e-22
4.796577317950695379e-22
2.852957997778416661e-22
3.363448196672690544e-22
5.475555358979934391e-22
2.915691134769696430e-22
4.153319177782519057e-22
1.259140682848651976e-22
2.272149173286658620e-22
3.228531463512504891e-22
2.347380479960545671e-22
3.516295566795283431e-22
3.936177394037383056e-22
2.682290641381823289e-22
1.773444002069983273e-22
5.030122701484050597e-22
2.938573672269490443e-22
1.502948624980115257e-22
2.969748497334148376e-22
8.396733165584143906e-23
3.972908225271850859e-22
1.819474759049906545e-23
4.106699745914516670e-22
3.974928527793128338e-22
2.930013210922725204e-22
1.825770719689771990e-22
3.556210074305242601e-22
8.393807991893561024e-23
4.134344412641354237e-22
2.896321785400169297e-22
2.431335013497983697e-22
2.442609582485465627e-22
3.604573366273208946e-22
1.529175970840370585e-22
3.045799475170409833e-22
1.612133342039475995e-22
5.522208336780894780e-22
1.871665827531245474e-22
1.639790388830687391e-22
3.677173024190032595e-23
1.483941568525672036e-22
2.309839976978240244e-22
1.708282440688653828e-23
1.042471132045400899e-22
3.450515175555957478e-22
-6.350889798853251499e-23
2.011749055167686580e-22
-1.471323921007699849e-23
2.060471254120959442e-22
3.944434080352339912e-23
-9.513594109219926075e-23
1.314493629235010364e-22
1.440184622906273863e-22
2.398213452418771145e-22
1.615729054156521198e-23
-3.147466248787811911e-23
7.690680940879848917e-24
-3.004268960317072322e-22
-6.791931040540875584e-23
-7.227210195927588405e-23
-7.385619873290207998e-23
1.173063343571531787e-22
9.873857833218343552e-23
-2.102202894129486266e-23
-6.514158320488144971e-23
4.173523164187535918e-23
-3.382992151167660114e-22
-2.856590963693631739e-23
3.576142813509513838e-23
-3.164250902071709576e-24
-9.427643399653053351e-23
-1.103881152311496822e-22
-7.276166119032717536e-23
-6.585444964298358127e-23
-4.178600170246033319e-22
-3.265803704861922096e-22
-1.039720079196947831e-22
-3.490366857379752054e-22
-2.171866649256910789e-22
-3.227097165463804771e-22
-2.563225097849766969e-23
-1.387829465040322145e-22
-1.519119453703773014e-22
-1.556044730223153312e-22
-1.132931202671403310e-22
-2.134794908388783853e-22
-3.050170069466773905e-22
-3.954675732989422928e-22
-2.270897651447600333e-22
-3.790868885489305647e-22
-1.307329909901176606e-22
2.280696761318297137e-23
-3.154210527385910451e-22
-3.005053580036148724e-22
-2.330049386605162308e-22
-3.403346626825738207e-22
-3.994716523293639680e-22
-9.034052003145744054e-23
-4.035858065917531189e-22
-3.292436458223636975e-22
-1.409486476464062231e-22
-3.593532504528609328e-22
-4.378578591302750258e-22
-3.758319356356503842e-22
-3.165551336003462773e-22
-4.560273768139957047e-22
-2.748495423083667310e-22
-2.946741227369773789e-22
-4.508955251310573287e-22
-2.797506348790830265e-22
-6.472824769946630447e-23
-2.210323423267134985e-22
-3.393411860792907779e-22
-5.218678310447168853e-22
-2.036741143753982070e-22
-2.376514877595700390e-22
-3.830313677256748378e-22
-2.637790174977848512e-22
-3.164800528155129686e-22
-5.029085821169402329e-22
-1.665278738010157475e-22
-4.831180216535049702e-22
-4.212516027650330732e-22
-3.907595413940493771e-22
-4.523867757488766545e-22
-4.700094324886276459e-22
-3.300886316559333044e-22
-2.410538896401704967e-22
-4.797999561270554632e-22
-4.332217092148610509e-22
-2.343022058001201232e-22
-3.145365009573246652e-22
-2.511030973350977916e-22
-3.491360083043788081e-22
-4.041973409416446866e-22
-3.489125415159235966e-22
-1.443165326503837057e-22
-3.052735576995575458e-22
-2.422408194166252858e-22
-4.177386806146625575e-22
-7.742981893200088284e-23
-2.837550349689080100e-22
-8.989317036053542020e-23
-2.353012382311603159e-22
-3.009812494759734878e-22
-1.240351351980226715e-23
-5.346201776560959819e-23
-2.735051012905963169e-22
-8.934454886695527575e-23
-2.284888241470145572e-22
-2.509577171941981194e-22
-4.209658317891683335e-22
-1.229494503288865052e-22
-2.307550191537525022e-22
-1.719222585109917433e-22
-2.651668203944262333e-22
-2.050377184008788709e-22
-1.619619687760088789e-22
-7.736298510082391802e-23
-1.986939122322877870e-22
-9.318375042530344950e-23
-3.601796717324741728e-22
-9.998612520505583732e-23
-2.710000076155878774e-22
-2.782760182739749474e-23
8.679603841396879716e-25
-1.101141469806198734e-22
2.510065343842198038e-23
1.712722236026229275e-22
-1.908517574166535676e-22
-7.172672324157263474e-23
6.963261189519838179e-24
1.032836824140322106e-22
-1.328168102232173585e-23
-8.300946416346202207e-23
1.100225029306135164e-22
1.650461537198224042e-23
2.621773461215749914e-22
3.330662688034738250e-22
1.479395123148256611e-22
-8.588504744784468899e-23
7.142825048038260306e-23
5.221606769821685925e-23
1.572779728561592796e-22
2.608277240774611182e-23
1.757912431257825293e-22
1.014747106742420613e-22
9.964333256301626401e-23
-7.608195048385428654e-23
3.651794121715877609e-22
1.036349217486426152e-22
-4.789135483723564230e-23
1.364383240695549045e-22
1.704027876681513333e-23
1.340709415324043477e-22
1.693452388566036476e-22
1.757526429433614760e-22
3.069509924856932511e-22
1.830077611247608689e-22
2.062507429298100440e-22
2.813999493136565621e-22
2.493971698030473717e-22
3.112633423916780446e-22
3.012497695365210083e-22
2.756460222082262583e-23
4.419159262097785753e-22
3.934788230342609799e-22
1.905116950680941377e-22
3.123840297538765192e-22
3.348268337955721930e-22
2.140156440916683928e-22
1.643096838181246578e-22
3.044292025985035673e-22
2.247261224883676460e-22
2.404794334815783432e-22
1.021584518648193962e-22
4.241047571369038871e-22
2.865545638804375782e-22
2.446898819258014331e-22
5.270175822410930033e-22
1.156016916566610793e-22
4.463381730819993437e-22
3.726769926417934893e-22
4.979047032371030112e-22
3.118184355484075630e-22
4.570511823205708004e-22
5.410703580860715415e-22
3.913675425230670012e-22
2.843368376192221188e-22
4.997473715627637534e-22
2.378774373825623110e-22
5.078482506979990269e-22
4.378886981130449974e-22
5.385299053380637904e-22
2.104568920364930377e-22
3.344086450046084618e-22
4.300032126330653704e-22
1.721614608786521508e-22
2.380535091253684509e-22
2.224201232424556066e-22
4.796649382442815059e-22
2.076505016982489243e-22
3.307820759307106947e-22
9.319164726410024891e-23
4.975807589510336143e-22
2.481785767946048983e-22
2.365536168823794870e-22
3.698882665530800387e-22
2.066031711346179867e-22
3.209438618375755064e-22
3.355662131832742906e-22
1.062180239662865875e-22
4.560294044604892308e-22
3.019311353644183493e-22
1.450267394199572288e-22
3.380238671171318798e-22
7.652174084776876614e-23
2.568693468009854453e-22
1.996793275783206317e-22
2.382715203432866697e-22
2.012249426579574285e-22
2.189862300957161845e-22
4.582411394728827209e-22
1.461030175018614733e-22
1.005233691672670774e-22
3.326123863680308722e-22
6.037901449920122855e-23
1.305134533890006066e-22
2.578561886923368512e-22
2.049323183095895180e-22
8.253584417253049924e-23
1.331380063833901313e-22
5.904989694333541410e-23
2.735995593177613037e-22
-7.811112953809646540e-23
3.027899027433977940e-22
1.215625595659236811e-22
-4.893058504561914969e-23
1.279430042982412971e-22
2.391201326371103475e-22
5.326994887842776764e-23
1.577141575588951855e-22
1.038518132607761481e-22
1.488122112809903961e-22
1.401585191637783450e-22
1.465467370040197299e-22
9.078388221065363995e-24
2.732261276620898005e-22
-1.716367879168821821e-22
2.083716440978771972e-23
-1.276452147056633023e-23
3.661507705290597750e-23
-2.178785216511328743e-22
1.213542047394528024e-22
-2.346344100781458505e-22
-3.099437714169930375e-22
-3.606935655526560608e-23
1.974587996169923083e-23
3.417741033659763680e-23
-4.212501568916896498e-22
-2.431451938654924680e-22
-7.462569937328468876e-23
-3.082758986242557500e-22
-1.052043213155297914e-22
-2.844728725124656677e-22
-1.001756871957816720e-22
-2.081702691554618384e-22
-1.580466399477698537e-22
-3.734458743121939217e-22
-3.083420212264559273e-22
-2.146177746871899332e-22
-1.943155018202523616e-22
-2.088056235152718020e-22
-1.208955783724662001e-22
-1.631342578267704982e-22
-1.190869501137498237e-22
-1.339688993663840449e-22
-2.409602752929348514e-22
-1.772028473913995355e-22
-9.767795690130795804e-23
-2.466679798588665557e-22
-2.628588691334521312e-22
-2.923525458045505646e-22
-3.172291880575636029e-22
-3.260244024230092363e-22
-3.925296405487656800e-22
-4.253009776384344146e-22
-1.279051872906635701e-22
-4.721705667679976921e-22
-2.915822952980670206e-22
-4.380351616085901417e-22
-4.630314427716217494e-22
-2.016520362998294526e-22
-2.619482836498060265e-22
-2.478208001480761924e-22
-3.839719716038900307e-22
-3.735676964349206025e-22
-1.667242913954625649e-22
-1.769344564438378613e-22
-5.170728644935677880e-22
-4.540340438661281710e-22
-3.628071752584483366e-22
-4.476447359434722418e-22
-2.468061051716787367e-22
-2.128106959515173838e-22
-7.511619287472122711e-23
-3.844717698725119332e-22
-3.936119460294690534e-22
-4.125371649237725155e-22
-3.871228426264404784e-22
-2.933697966640973169e-22
-3.719726156511595870e-22
-4.245509117346241083e-22
-5.148672161051878460e-22
-3.883272636832344773e-22
-3.265457236477498191e-22
-4.421271365431583787e-22
-9.238937653878087097e-23
-1.839902976158076967e-22
-1.667966801359799928e-22
-3.739353823256975813e-22
-1.374377534390606845e-22
-4.262707479949338554e-22
-4.267398051268890130e-22
-1.391281972913814399e-22
-3.322706340846512416e-22
-2.702105188986512334e-22
-4.198109176158292334e-22
-4.093103866006261444e-22
-3.538594710181719216e-22
-1.746484713393332441e-22
-9.579775936419945631e-23
-2.156390172468001436e-22
-3.098186947635598352e-22
-9.381515405091737307e-23
-3.113345920249259793e-22
-2.048997315524418684e-22
-3.724421824577350586e-22
-1.517310953544786337e-22
-3.751038513111305319e-22
-1.592800088742386885e-22
-3.219816701709340983e-22
-1.358059296026611495e-22
-2.294614666369873703e-22
-1.472410829918870121e-22
-8.871759067160108545e-23
-3.000880344149202098e-22
-4.008519300262069986e-23
-1.233612328522287510e-22
-3.162431526791790230e-23
-2.989977530059797362e-22
4.846684373901235716e-23
-1.747968252468237991e-22
-8.055333279083522498e-23
6.145298268137658522e-23
-8.043408342999457925e-23
4.485902629524219674e-23
-7.557679740756822033e-24
3.565004140749572678e-22
3.161975596604504779e-23
1.263091393202584212e-22
1.743831651363189001e-22
-6.678002694808104335e-23
1.050909132311962937e-22
1.754296954258049030e-22
-2.389473029675553565e-22
4.063563851881535789e-23
1.885004735614331996e-22
-1.911045281629183731e-22
1.583068722731503057e-22
2.627314659211028745e-22
8.322180565532552508e-23
-6.236332731077345680e-23
-5.535562467272525098e-23
1.046043906801191842e-22
2.788113907202712533e-23
-2.910701946607443718e-23
-1.199818192798149749e-22
3.881455800876047214e-22
1.292695038537996463e-22
4.599484819894743289e-23
4.619250066038844169e-23
7.194845179062094378e-23
2.435401416750400875e-22
1.909648814928977644e-22
1.463112071865152532e-22
3.955742986767251442e-22
3.121307170111095356e-22
2.149632851785921180e-22
2.543523368602713363e-22
2.671514558335806938e-22
2.678762691695823235e-22
2.379373383215006365e-22
3.293439074336711058e-22
3.492793527498577977e-22
4.997059988497862661e-22
3.302880983238924177e-22
5.555057663704628087e-22
1.909264706481627481e-22
3.378995410880601313e-22
3.387000890242555221e-22
3.837511145824308691e-22
5.033944834435509535e-22
2.610511041342870564e-22
1.514715164847473476e-22
1.656753756590617984e-22
1.895137860545113791e-22
2.360252840226437758e-22
3.823103088302808957e-22
4.109753107449807399e-22
2.599861045927698184e-22
3.182287704467454805e-22
3.917100950447837516e-22
2.321493414363487710e-22
4.006928204668758463e-22
2.434491336455247550e-22
6.734965993696529682e-22
2.135300118196102557e-22
4.317032016539727856e-22
4.574314398047526468e-22
4.049415095488797571e-22
3.359022324242901091e-22
5.026925834705257709e-22
1.736020936121324684e-22
3.165893763281639173e-22
2.783077388001375853e-22
3.279605427234306985e-22
1.869708484924557568e-22
1.937081268575646829e-22
4.786434197108548390e-22
3.035842958957312322e-22
2.386525404250970564e-22
1.777000647213633381e-22
3.770503801538838314e-22
2.077044770308284446e-22
3.052638842535990463e-22
3.988829245313908402e-22
1.276228146584036187e-22
4.242386586689790136e-22
5.949969464806537590e-22
1.166935341879427391e-22
3.033054278442143820e-22
3.535056418073957832e-22
2.766607930194448994e-22
8.212722338894641718e-23
8.254456614530434435e-23
3.824142922992879427e-22
3.420739769718403018e-22
2.216213553031511294e-22
1.435261617255694912e-22
5.995697542004631290e-23
2.101827661754117175e-22
2.827291661687572847e-22
2.267346108711837505e-22
3.512014818657289544e-22
2.336058185893644115e-22
5.882170281139733052e-23
1.231920814601747120e-22
3.644444302751386017e-22
1.221524642691635724e-22
1.392968422671883154e-22
-1.164943029416632058e-22
2.268797430202350188e-22
-4.130158783423435807e-23
2.045927518330458343e-22
1.266131299672795934e-22
7.071523857952757046e-23
2.889075129575256066e-22
-6.693105421433519060e-23
1.822966549298109874e-22
1.181899725733379092e-22
-2.826328885104831731e-22
2.407368983106191367e-22
-3.840822025329536664e-23
6.195420524966682938e-23
3.161584094421844951e-23
-2.311887019784567268e-22
-7.518773858390642422e-23
-8.543796038830658665e-23
-2.899913375926049108e-23
-2.312803483414663438e-22
-1.107227477715677891e-22
-1.838587174848903784e-22
-2.577890040752207967e-22
1.168342849881252239e-23
-2.700923052025480493e-22
-3.420224247330558225e-23
-2.107285773076047197e-22
-5.263729815495362906e-23
-1.951389537590900369e-22
-3.974132166794032544e-23
-2.934709410862768318e-22
-3.101154029923689824e-24
2.506345646643487518e-23
-4.242172782568763719e-22
-1.373332946981217081e-22
-1.145632879710016522e-22
-6.951547484125746737e-23
-3.554148479903628153e-22
-2.257780771925787671e-22
-2.448591788451318458e-22
-3.061484267907422574e-22
-2.339140269012621344e-22
-2.613939768390147158e-22
-1.041497131432689615e-22
-3.092642839777175451e-22
-5.751207888455991999e-23
-3.046232812546950712e-22
-1.351627814009066922e-22
-5.392339347272519455e-22
-3.064984133783289791e-22
-1.121634581529221329e-22
-3.340920790786925528e-22
-1.927040924372936951e-22
-4.236252592347487459e-22
-3.718969944428656094e-22
-1.352232511888779885e-22
-4.553102346256308683e-22
-3.693577747533639120e-22
-4.692882654920287520e-22
-3.184767462614038209e-22
-2.641259705385160115e-22
-3.731512001059956517e-22
-4.783073006683037153e-22
-2.100004054138237340e-22
-2.645076393085372313e-22
-2.735393149284223433e-22
-6.642847999869078640e-22
-4.498032907521297785e-22
-4.608944192627107621e-22
-2.430796722530381963e-22
-4.314748643694143157e-22
-3.451093300134122374e-22
-2.582418974442508718e-22
-2.826850861102879223e-22
-4.963073420039522561e-22
-5.245312203615103813e-22
-4.538582999968001474e-22
-2.522017509942753688e-22
-3.265176363370963681e-22
-2.301687929115820052e-22
-4.423034812715843394e-22
-1.337873670998065522e-22
-3.009251403409898697e-22
-1.626146899220905421e-22
-3.258264890046295195e-22
-1.676345774675272765e-22
-1.835017897267754149e-22
-3.619890844851932431e-22
-4.045297710867793313e-22
-2.111649411027789656e-22
-3.702304025055454504e-22
-1.536557318218655340e-22
-2.562596908741988530e-22
-3.574630453809448011e-22
-2.986043140789826817e-22
-1.284504604108956453e-22
-1.931293549230738940e-22
-7.218899155572152404e-23
-3.511449165267912476e-22
-1.038895462902206130e-22
-3.412587092285787171e-22
-2.614878496420232529e-22
-4.719888240681481849e-22
-7.416140746960752987e-23
-4.139102412765616023e-22
-2.441530751411633776e-22
-2.668120558624182695e-22
-2.445440581336431017e-22
-1.307069415540895295e-22
-3.645239261629698894e-22
5.650027855970729990e-23
-1.059537475026071688e-23
-5.680161698802600347e-23
-2.728206749836496281e-23
-1.151760198019423589e-22
8.389898809884453082e-23
2.292328306535132918e-23
-3.973888768325548153e-22
-8.442362032460910072e-23
-3.053713606061522929e-22
-1.910781010795470818e-22
2.520661631305966852e-22
1.299309698345429404e-22
2.799047103745031740e-23
3.360484333130206112e-23
-3.778553535291046828e-23
1.297955355619513087e-22
2.337059987231085981e-22
2.617498584996420282e-22
9.090937898970045424e-23
2.028316996155238506e-23
-1.663880732849306198e-22
1.560228877196627272e-22
-2.844979374453954121e-23
-2.108689395231179357e-23
-1.652503891464445752e-23
1.114686090590099119e-22
1.260806042718041582e-22
9.535027574305429499e-23
1.935993482332832308e-22
1.021306415499825457e-22
4.504303027288326340e-22
2.030534953232194289e-22
-5.097132123298657722e-24
2.541293937699535643e-22
1.197820287419928734e-22
6.149527274889684411e-23
1.269411507905203282e-22
1.894951548291013331e-22
6.590256222971961939e-23
2.856373030400806048e-22
2.538100577966249458e-22
2.331587095942212893e-22
3.500730818973960286e-22
2.079963493032597571e-22
3.011683317482232956e-23
1.388361676792061598e-22
4.651441392422945335e-22
3.675938303981325869e-22
1.905010532243187846e-22
4.966631325551258975e-22
1.961816966411631502e-22
2.577751891882644819e-22
3.800623682268457560e-22
3.695408664115224892e-22
3.917350942291724051e-22
4.695790938309766156e-22
5.264191343553701377e-22
3.812304388037425644e-22
1.927095951993918413e-22
2.403527736671495399e-22
4.104254299216432132e-22
1.665340641774918152e-22
7.924419906763114805e-22
2.199783017637754193e-22
4.785269338478705559e-22
3.481340157974619772e-22
1.761026926458460819e-22
3.478667988559409651e-22
3.682075424818302562e-22
3.500701878850768396e-22
4.240983500084131341e-22
3.725398839390650637e-22
4.036660372112372227e-22
2.147329927563940342e-22
3.867887467513742804e-22
2.710272391327636144e-22
1.908474837445048080e-22
5.043030844137805375e-22
5.454805093432351234e-22
2.633972219960854718e-23
3.712526722214279611e-22
1.118000491235027399e-22
1.810789435362046001e-22
5.074109031945618201e-22
4.240722713361442128e-22
1.242251749854853960e-22
2.674298586448105891e-22
3.340974859322222259e-22
5.266630850921982236e-22
3.036024469364807373e-22
1.521013917599588631e-22
1.397835266730834172e-23
3.050885489231698493e-22
1.852129250353569406e-22
4.785119297794538746e-22
6.105346894312850794e-23
5.343080461697600896e-22
3.319623271156584956e-22
7.908606070076975066e-23
3.811288336993487271e-22
2.088950284972900812e-22
2.698721393280888575e-23
2.502419230837222398e-22
-1.099712763862900075e-22
1.768023990607951464e-22
2.257528378241690503e-22
1.642198801253988105e-22
1.982486761889943623e-22
1.148247090844953301e-22
2.974418162752923340e-22
1.912221746378129518e-22
2.617953661953835178e-22
9.715657950657007291e-23
3.049254069309295453e-22
3.863592539221476271e-22
3.402269415440302517e-22
-6.185137025167353549e-23
3.714583527922367724e-23
3.442668628416823818e-23
1.363648689413968255e-22
3.828359581453864728e-23
1.436407441994280296e-22
1.598998429183087917e-22
-5.439620584922441079e-24
1.436250980418611845e-22
3.354265543000128443e-23
-5.105011973502842393e-22
-3.131511945457865426e-23
-4.514225885918385641e-23
-1.320601575093739928e-22
-1.382856489611786317e-23
-3.782836678878973709e-22
8.478053394889538688e-23
-1.299275033949251095e-22
3.942958326456779184e-23
-2.740908491897279758e-22
5.265700015143507962e-23
-2.466668237458352054e-22
-1.229422140964327557e-22
-1.899122647489290900e-22
-1.747980057742499920e-22
-1.680539066637666361e-22
-2.253538099397192523e-22
-3.517098448972321882e-22
-1.975709438162441088e-22
-2.595899779005926526e-22
-1.345881185266643906e-22
-9.713219525862368474e-23
-3.399324748013361732e-22
-7.978653295956163926e-23
-2.269765094013577012e-22
-3.543996073301016902e-22
-5.165878206220047448e-22
-1.781517602940769714e-22
-2.713380387117602078e-22
-3.280072416022903841e-22
-4.312674447768880215e-22
-2.741276473559627055e-22
-3.230244977673321437e-22
-4.496353828091502850e-22
-4.894289142340537498e-23
-3.656548592110939061e-22
-7.171133498378654552e-23
-1.762813801754018855e-22
-2.756735165082510778e-22
-9.905060955730259566e-23
-2.482294932579462078e-22
-1.519856007724797539e-22
-2.660767924823520698e-22
-3.373569519075144525e-22
-3.906309839949212702e-23
-3.009875079953951033e-22
-3.262456861552341948e-22
-1.112484565808492155e-22
-4.135340360427372139e-22
-3.374512116028907348e-22
-4.329693089502511508e-22
-3.393883742702352789e-22
-3.658621457478478378e-22
-4.444923935558392410e-22
-2.639060417269403124e-22
-4.205739883108423122e-22
-3.875501877883238109e-22
-3.642869449601729778e-22
-5.110541905498375047e-22
-5.999540077051749135e-22
-3.235929451150642885e-22
-5.434242254662046895e-22
-4.445019349847509612e-22
-3.936665000887281308e-22
-5.951348181696991228e-22
-6.401688992311481859e-22
-3.620127618874901890e-22
-3.769883773080598101e-22
-2.057036067535173435e-22
-4.501554636421136175e-22
-1.449377876852493982e-22
-3.047203036083836557e-22
-1.356671805436342217e-22
-2.758313460656463402e-22
-4.017246438578020812e-22
-3.204261006335211835e-22
-5.068332363798158440e-22
-1.204825421546533879e-22
-2.046092346076911134e-22
-2.400233604496194647e-22
-3.789302565066191876e-23
-8.228652311424476177e-23
-3.879210290384735704e-22
-1.167015076435514994e-22
4.834899377682173504e-23
-4.358798681426110220e-23
-6.189059638071537702e-23
-2.632327388544544384e-22
-8.524310291305602296e-23
-4.194545782428686217e-22
-3.034292380597218950e-22
8.606666283156889704e-23
-4.383452001036992112e-22
-8.692914996241530248e-23
-4.394766075399968987e-22
-7.428124231531909249e-23
-1.909824338869290064e-22
-7.397857138037616720e-24
5.734412288392820092e-23
-3.094708918422037549e-23
-1.619175152158358166e-23
-1.885924303113238639e-22
-1.060929471481027973e-22
2.217231259430526150e-23
-1.147242338174613033e-22
9.128207165299041441e-23
-5.582506421917530436e-23
-3.977172731577885689e-23
-7.266423368229520387e-23
3.167614091481119964e-23
-1.576345236243966636e-22
4.236458289856761523e-23
2.162006223835780871e-23
-1.831804169506345453e-23
-2.067941904725747557e-23
-1.038506523525444389e-22
2.911312887082341208e-22
-1.457133667671057980e-22
1.750484237548641401e-23
3.586087830352662423e-23
4.331639569032344482e-22
3.624065523007621105e-22
1.933746454434408486e-22
9.865514482626596793e-24
2.611639889859201146e-23
2.659247184704451079e-22
-1.669073783367924021e-22
1.978408929150362381e-22
3.774714304326040358e-22
2.039534689582510005e-22
5.603898275067343728e-23
3.449502114378527693e-22
1.583402936437226173e-22
1.230803489413023670e-22
3.657708877300775341e-22
1.597986738870845832e-22
3.604252230440372244e-22
1.071959996963766755e-22
2.904465238342775148e-23
2.880819447529636151e-22
2.316328871495227726e-22
3.233159488029014201e-22
3.605582353955171121e-22
4.404811753129835215e-22
3.836501572694190261e-22
3.334557041064047857e-22
2.112961632658649966e-22
4.959777926664986152e-22
3.826321341839830697e-22
1.994472752872948484e-22
4.004544986170084916e-22
3.908208484863356813e-22
3.235554501682545750e-22
2.186354123276947455e-22
4.908544776863841588e-22
4.293973773809473955e-22
4.796472789878626032e-22
2.308711695022596025e-22
2.011711860107788867e-22
2.412878832892510554e-22
5.787116022087307171e-22
3.865719065157959975e-22
2.804451753679575718e-22
6.278976861179207557e-22
2.425521083829669681e-22
3.976007571022099032e-22
3.277648270369441002e-22
3.704099190867849387e-22
3.000232455762021980e-22
4.404572978229218875e-22
3.626910193569747129e-22
4.725166021400981280e-22
1.628732167411328686e-22
1.331532861138212765e-22
4.487704865878793779e-22
3.653554726282059894e-22
2.316402350539144830e-22
-2.027706585041056795e-24
4.314215926403431595e-22
2.067943909387421015e-22
2.742868538092043192e-22
4.026921871386978540e-22
2.421502621976397026e-22
-5.070013619249102811e-23
3.345985887997296744e-22
4.166587979020137143e-22
2.209356429892697185e-22
2.145757888111717865e-22
2.698330505772076976e-22
2.187077284086065178e-22
2.350330952696203317e-22
5.280956661478069676e-22
1.810697239770572849e-22
2.192686034174347703e-22
2.157717387046641685e-22
2.667763129141826888e-22
5.180357634914524250e-22
1.513215362393622975e-22
1.831663009638655100e-22
1.964751104188558325e-22
2.793154260219331869e-22
1.635030991927977692e-22
2.388908493286616571e-22
1.329301301982305664e-22
2.116594423595381677e-22
1.797100993503315927e-23
1.751146401236290463e-22
1.863403750133456088e-22
1.183282744201302185e-22
1.010081568859581257e-22
2.380316158431083950e-22
1.414712266379179752e-22
3.487733686712207407e-23
1.265679323684947072e-22
-2.976885990242267183e-23
-2.432757779635888709e-22
1.369773461853926726e-22
-1.020314067760291435e-22
-7.478050954567705234e-23
-7.931015251809315915e-23
3.836061408869456316e-22
-4.356387198649073773e-22
-5.679448440187922874e-23
-1.177230135866566202e-22
-1.403389260356228541e-23
-1.249441247245152802e-22
1.082688308411715619e-23
-6.687544217760254152e-23
-1.373219297489328290e-22
-2.048860818737009445e-22
6.146020601709314642e-23
-1.565288280860836073e-22
-2.985718369340280867e-22
-1.593616310102993007e-22
-1.714290719938483966e-22
-1.339053311784879445e-22
-1.033611644059986937e-22
-2.327649744045204803e-22
-8.498368176949444007e-23
5.246612093627453854e-23
-3.193972453507537903e-22
-7.699331937299296538e-23
-2.187570032825957885e-22
-3.614326875873863885e-22
-3.137796751119098194e-23
-5.801719984702545626e-22
-2.880223901775022175e-22
-4.782954859936871899e-22
-3.370573697062074144e-22
-3.793977012576768082e-22
-5.807482064931637364e-23
-3.748572245598164308e-22
-3.326798772332950836e-22
-2.058297358561126477e-22
-3.492613563350537393e-22
-3.374584606287919010e-22
-2.542740459200577289e-22
-2.324040500077589189e-22
-5.220821585774801010e-22
-2.744735077682222225e-22
-2.678170330249530742e-22
-4.454878454828774644e-22
-1.160789451124247169e-22
-4.001585501784346464e-22
-3.778680334666304803e-22
-4.290434933844783730e-22
-1.302849121100411216e-22
-2.585829780902601032e-22
-1.972051516599904405e-22
-3.163852161947956279e-22
-3.252068161608229749e-22
-2.266341064984508489e-22
-3.928668523256081412e-22
-3.704143945284626846e-22
-5.282111559582296711e-22
-4.353797913868880643e-22
-3.260076917488394367e-22
-6.886001891917291295e-22
-1.472814835309908973e-22
-4.563551974243132472e-22
-1.208474528646686218e-22
-1.976994786187898609e-22
-3.594615753504684434e-22
-2.716284934402380187e-22
-3.467204617609358420e-22
-4.707066025447165038e-22
-2.203887598315411095e-22
-4.335666411356409450e-22
-3.702385056717205013e-22
-4.853759268149257425e-22
-1.350501807052805260e-22
-3.608350025916601248e-22
-3.762456715728741387e-22
-6.025346950996446278e-22
-2.283905389120772248e-22
-2.241189223217115401e-22
-3.243091218930170704e-22
-1.090000701809263747e-22
-4.947646860066068610e-22
-2.628901846027870082e-22
-1.123483832304167903e-22
-1.242202688269329610e-22
-1.049954080124384062e-22
-1.535072281280234933e-22
-1.975019626385368380e-22
-2.089219012662360801e-22
-1.458554686949544273e-22
-1.517198349121568538e-22
-1.924769160959652568e-22
-2.114254568704708625e-22
-2.434034730693838761e-22
-2.633313838174155872e-22
-1.250096789516603818e-22
-3.744864397588861998e-22
-7.415164879591336359e-23
-3.560929854124847397e-22
-5.117775909723670246e-23
-2.166650074361083435e-22
-1.162222052838581146e-23
8.598507145780398274e-23
-2.057475001377249074e-22
9.867943298214564141e-23
-7.468841926693605369e-23
1.515343733031256256e-22
2.083246373019594810e-23
-1.354688253515282427e-22
1.490380722260092983e-22
-2.966468880227484687e-22
-3.109972022931470812e-24
1.525862872931521671e-22
1.431106784234919059e-22
2.360484966456168234e-22
-2.407483661171442825e-23
-3.832716657427907418e-23
5.255787688656123197e-23
1.502699650904311899e-23
1.030833776336264001e-23
3.342601158648292063e-22
1.343917303132018730e-22
8.984617498424877433e-23
1.185971559647865544e-22
1.554965872684505898e-22
2.598073338995301365e-22
1.952756513906852924e-22
1.019749125954717168e-22
3.396288448840119721e-22
2.287235763141364224e-22
-7.099058705254251653e-23
3.308593198212939614e-22
2.553547279265855617e-22
3.638606157217958325e-23
2.824425389010816335e-22
2.185757810072892349e-22
3.565557225360540039e-22
2.654697069219084012e-22
2.716120798277636184e-22
1.809189020693427067e-22
3.133513673512178684e-22
1.679166693741897178e-22
3.823809228234358653e-22
3.060843229329119392e-22
2.604954049588408058e-22
4.304424428739881221e-23
3.579822097242594987e-22
2.923458772092337839e-22
3.369333649249322094e-22
3.754505273948522628e-22
4.761760096892850137e-22
3.094745841913736075e-22
3.642457341467736629e-22
3.379390985485191256e-22
2.643675542917479972e-22
5.353446242908201252e-22
2.944764823800579334e-22
4.163846117299070721e-22
2.657046723296704341e-22
2.287190640369674889e-22
1.850142198116040391e-22
3.950676166312494847e-22
3.354276812507103898e-22
1.529969147939980421e-22
4.215680848720825683e-22
3.386873455389609828e-22
4.363291679106596271e-22
1.966570438591227974e-22
4.140152354567926250e-22
2.010972820157961230e-22
4.075685507260396477e-22
4.572365607126967265e-22
5.921706584338064221e-22
3.370602801836051636e-22
3.671961604779854510e-22
2.222208059394656273e-22
3.705433123779035063e-22
3.522820991368712680e-22
3.597088877118224623e-22
4.414266887468209021e-22
3.315448556078667624e-22
6.087654878327081546e-22
1.384603527337372501e-22
3.218990445990526482e-22
2.844672364657718771e-22
4.486179564708963981e-22
3.570896446081915728e-22
2.776477361370608564e-22
1.939309192813208228e-22
3.493893162666489392e-22
2.701128078112439768e-22
9.600393372549933660e-23
-3.445026657409311782e-23
6.557632629897112805e-22
1.216045266471034061e-22
2.184844736751885301e-22
3.357873141826923433e-23
-5.819765195702322062e-23
1.576160096622245839e-22
1.467179955371338714e-22
7.346805082217313066e-23
2.589677714416972241e-22
2.386594197812246335e-22
1.399115549826898392e-22
1.320129980203220535e-22
2.970279435218707222e-23
5.994824547163989958e-23
2.262217453894519512e-22
3.120220932341756813e-22
2.284745955027843819e-22
5.818269577818688833e-23
1.335837645857924389e-22
-1.233898520798368823e-22
2.127537703431191190e-22
8.255423872376797285e-23
-1.667484143838433152e-22
-2.487384085484069787e-23
2.081539758900347051e-22
-1.649361197614080046e-22
-3.810060574603572225e-23
-1.246578826073829319e-22
-2.550018839724522686e-23
-4.290627389575675528e-23
-1.742929168519977581e-22
-2.712511788822171411e-22
3.349975143033091051e-23
-3.745729639101248936e-23
-1.236361593640738744e-22
1.184573959427787092e-22
-2.140019218840463537e-22
-2.226526699752846089e-22
-1.602304797676257493e-22
-2.782851624012709790e-22
-5.809545193497942165e-23
-4.667499186836727210e-22
5.835068178820537757e-23
-1.279151990544912960e-22
-1.115638716504815517e-22
-7.506844846370911391e-23
-1.863354485128768805e-22
-3.974355589076915818e-23
-3.169906191528199092e-22
-3.457385260007498981e-22
-5.229407984040264039e-22
-1.201906216526470301e-22
-3.868212402560925927e-22
-4.235036826487435474e-22
-1.337127840022845796e-22
-1.275154963338174824e-22
-2.910095179616279431e-22
-1.072665316405090623e-22
-2.540802652905405944e-22
-1.952001647365703465e-22
-3.992505186776825714e-22
-2.989742337044107440e-22
-5.889114137255496440e-22
-1.688951454807570376e-22
-3.294463836894251570e-22
-8.929697527897058525e-23
-3.244975892799667930e-22
-5.442908933570208836e-22
-1.510170998572807857e-22
-3.074737072632746079e-22
-1.219308794156654573e-22
-2.874945078285646154e-22
-5.208079043984863816e-22
-4.084636946590531484e-22
-2.515539603811035281e-22
-5.549646279565936727e-22
-4.702916417217380759e-22
-3.043958219558646993e-22
-2.749657385016351370e-22
-3.691451938107644885e-22
-4.499034786366025140e-22
-5.325127955923050689e-22
-4.536437745348259843e-22
-3.010652647432226967e-22
-4.192309974367380336e-22
-4.323114189278957409e-22
-5.449734064130927915e-22
-2.499560986560769551e-22
-2.821382264727148842e-22
-2.352900596068109801e-22
-1.799512899407737853e-22
-3.531580320227705970e-22
-3.180228192379915729e-22
-3.064552737909618479e-22
-6.576320775948526376e-22
-2.451334636101814711e-22
-4.546531692717625247e-22
-2.277097706029855974e-22
-4.770499577887890226e-22
-1.995517615859457240e-22
-3.873561327569703518e-22
-4.311262438314364708e-22
1.246492553586811087e-22
-4.731651685870294574e-22
-2.491964027507781692e-22
-2.185688674753326096e-22
-3.255367896132237695e-23
-2.935018924865583488e-22
-2.165846652285203024e-22
-1.317243800921147227e-22
2.402359100996444526e-24
-3.347920841539883863e-22
-2.071101528642456132e-22
-2.696306309536931721e-22
-2.461117738261243698e-22
-2.020763609039456211e-22
-4.261453909039609725e-23
-9.653095997786750443e-23
-1.323695897799203423e-22
-6.222164392599879492e-23
-1.917420700143203796e-23
-1.478494173531979990e-22
5.857535167728834244e-23
-6.560180536259042635e-23
-1.013787753194541101e-22
-1.273255483986731334e-23
3.670415409815442720e-23
8.812094884567868783e-23
7.022682882758446603e-23
2.180054040963777892e-22
-7.105887381885677241e-23
-1.684230340859249279e-22
-8.130306592706244258e-23
2.806774479721537564e-23
2.597207961902783673e-23
7.012710207503023641e-23
1.131021466857753152e-22
-1.283005439549948533e-22
-4.828563026690577864e-23
-2.386911541101013013e-23
7.837914816786824539e-23
-1.131200172811166157e-22
3.896765409922706518e-23
-1.701114275537999148e-22
1.556097236500450223e-22
-8.288389582664366549e-24
3.100482440101564551e-22
-3.781123446495235616e-23
1.768222168766675711e-22
3.706694962415500652e-22
2.588770644274084131e-22
1.809116941632693783e-22
1.769641036570332484e-22
1.684592213014786655e-22
2.715940346207975734e-22
3.257980187883178677e-22
2.532947079524084679e-22
2.669124528955285087e-22
1.522903587671291054e-22
3.641091058716538473e-22
1.611579533553680124e-22
3.574500369050347095e-22
2.327496831389684896e-22
4.791124362809745396e-22
4.005938341968949454e-22
2.467388975519303014e-22
4.430172545858007414e-22
2.314372471618658288e-22
4.566414962910035545e-22
3.619852777234734360e-22
3.768530935969893281e-22
3.451992531805869781e-22
3.419891404450353871e-22
4.618746044850667561e-22
3.729034288891286514e-22
1.939622039147104612e-22
1.972426611764877369e-22
3.815624189414297777e-22
4.178595571816658330e-22
3.385063919751455222e-22
4.180720829185220675e-22
3.477727929752547753e-22
6.959411509489929484e-23
3.337739185191383333e-22
5.698489497882413800e-22
3.080866799876034432e-22
3.872944148093151930e-22
4.511073882921203827e-22
3.841109935091506794e-22
2.173594345105323746e-22
3.343769097991373978e-22
3.374318869334419419e-22
4.453483474027241754e-22
3.177755184723523590e-22
9.607007124489012223e-23
3.378477010825745148e-22
1.427943743745869225e-22
3.657158027030751590e-22
3.504255012572920846e-22
4.717206058902867215e-22
3.876130403037559761e-22
3.673669634950502522e-22
3.500881776183790012e-22
4.255070356714732740e-22
3.554152549742843307e-22
2.671514009314746075e-22
3.895610384540851342e-22
2.954356031835328827e-22
4.132734837696069648e-22
2.038065889899466406e-22
4.719956250254445754e-22
3.762768740330008690e-22
1.496595109500334200e-22
2.490936723838707296e-22
-9.124927895519199854e-23
3.617034967915502781e-22
7.817446932445016660e-23
4.828168765508043034e-22
3.826333359921612967e-23
-2.502538746694772341e-24
2.592014503749076394e-22
-1.891520669057043824e-23
1.118381473588165083e-22
-1.179826941593359408e-22
7.237126381934925038e-24
-3.990343711577051259e-23
1.581422546559454068e-22
2.347097260688640255e-22
1.719437007129210817e-22
4.872344245394934092e-23
1.834774212675320871e-22
4.154755615679880829e-23
6.061602490310039505e-23
5.849737715339665696e-23
-4.940657350818339528e-23
9.167168872273126209e-23
1.089662396006580921e-22
-9.570075966870532879e-23
-1.218851082119599102e-22
-6.136367955105782720e-23
-1.912747185005992777e-23
-1.603661180359377296e-23
6.902433534172606132e-23
-2.422014073841750120e-22
2.829782984272113844e-22
3.205318406295272415e-23
-1.061518056729893526e-23
1.347281147031137578e-23
8.190859081453577360e-23
-2.771520435244434115e-22
-1.163448094268056605e-22
-1.805419568878640735e-22
-1.624838841238444822e-22
-8.942715964978241923e-23
-4.680457554700282680e-26
-1.804109338041234609e-22
2.889518112872473765e-23
-2.547558504287903139e-22
-2.269236088171989035e-22
-4.126792517268429596e-22
-3.115190976590640987e-22
-1.011481443177363572e-23
-5.581270425745353228e-22
-3.742625481771783142e-22
-1.090407622748741083e-22
-3.117816132720309113e-22
-4.418464036822999047e-22
-2.584514203390667211e-24
-5.910541412829982360e-22
-1.548471192068366069e-22
-2.506979678734358591e-22
-2.487324405549041245e-22
-3.847686324115330234e-22
-3.624187312948662243e-22
-5.125075971141181292e-22
-3.427354503865767906e-22
-3.129685780266778521e-22
-4.755468343374520121e-22
-2.742439268373977493e-22
-3.142495591610246352e-22
-5.136303769090799313e-22
-5.479722077705344418e-22
-3.553838962094553342e-22
-2.315549028159549343e-22
-1.158783778076837540e-22
-3.744629191542480535e-22
-4.888930006941328930e-22
-2.242949635822544295e-22
-3.857699474618150778e-22
-2.545710853096010736e-22
-4.549067199151200693e-22
-4.304558294957098476e-22
-3.236706796350232196e-22
-4.520922104556853303e-22
-3.043296863228236937e-22
-5.279053380081669855e-22
-5.866074296899230536e-22
-2.352485647375361327e-22
-5.744928950961724650e-22
-7.092723415457845371e-23
-5.010328659053000540e-22
-2.494343290101428656e-23
-3.893366711268096576e-22
-3.426857921312398573e-22
-2.400033196318400572e-22
2.076920785109657323e-23
-4.847337032832962732e-22
-1.502503048173515378e-22
-3.055800977375220388e-22
-2.586907260190573386e-22
-1.440158302700766179e-22
-1.453728029259061701e-22
-4.404419496826991840e-22
-3.588059534658777250e-22
-2.161517411022246732e-22
-1.462825243710245178e-22
-4.649710372537686640e-22
-3.832122073448983677e-22
-1.492471605101860063e-22
-1.243614271896274353e-22
-2.482285940971496477e-22
-1.974179019703945655e-22
4.880407422240808939e-23
-2.509448330458896217e-22
-4.447131249260313009e-22
-2.145377411317213844e-22
-1.088050475329750079e-22
-1.598435518258497503e-22
-1.523121187502682387e-22
-2.936582765256257035e-22
-4.015600743901102242e-22
-1.804160621875013908e-22
-2.177409414792846007e-22
-1.231068294207427771e-22
-1.291509279346216573e-22
8.398310751947588728e-24
-1.205074785359638527e-22
-1.480087147014956212e-22
1.442407750109720181e-22
-9.682465867789039533e-23
-1.114441591744977208e-22
2.319868178386311104e-22
-5.708005851002948128e-23
1.300761916709517410e-22
7.771497778842847169e-25
7.312338157148871280e-23
1.197044300211870108e-22
-4.659527428572519005e-23
-6.576938470015940794e-24
1.200646841281087551e-22
-4.069684224011182713e-23
1.230860999308498174e-22
1.723151676747910418e-23
2.862107800858255581e-23
8.390339385323570186e-23
1.669090670359204105e-22
3.580280802191380847e-22
2.542360502148512819e-22
2.670487643203126233e-23
1.862273602647636845e-22
2.167816809462809126e-22
2.993123562927004525e-22
1.763596777574448549e-22
2.276158736401681510e-22
3.595707101031831392e-22
2.385931746342591739e-22
9.961676523413725556e-23
4.312696965710551933e-22
1.734327146589378723e-22
2.269883619856345500e-22
-2.198467310381458007e-24
4.704008253934635762e-22
2.111895173508169224e-22
3.629666497527900323e-22
2.067277090574814837e-22
3.286542546592188433e-22
1.190413579170207919e-22
3.084495590855835797e-22
3.214201164757455219e-22
1.906743813683951057e-22
4.651657535562074635e-22
4.258239290939671820e-22
3.090409516659277866e-22
3.263915730585723452e-22
5.444159746513450915e-22
5.049563684277073410e-22
3.139123806055518920e-22
4.624654467724951167e-22
3.430660606711341992e-22
3.972065501417957639e-22
2.139529673618756577e-22
4.767169238036374788e-22
3.830615518229965377e-22
3.112522736508227563e-22
3.275792054435237760e-22
2.076871698665757393e-22
3.955900612072360425e-22
3.175001354800877136e-22
3.636065256917803285e-22
4.883894360086799891e-22
3.228776128733542523e-22
5.258502894596021776e-22
4.841132223961581154e-22
2.848645388742063974e-22
3.721182490493220783e-22
3.619930047144897966e-22
2.307848661608393189e-22
1.922688902945752282e-22
2.660051795648383574e-22
1.860693335713969552e-22
4.880615468485803257e-22
2.688120526000524674e-22
8.970488004303079757e-23
3.227877575209852002e-22
4.463364172652628426e-22
2.573138351400772852e-22
4.415389215915295945e-22
5.911429021360308868e-23
3.771977635042042680e-22
1.572983177095337376e-22
4.368548204694558192e-22
2.503945130096267813e-22
1.350999494883862777e-22
3.306941757125076706e-22
1.638903018449214769e-22
1.501477094362043527e-22
-4.605517409496992487e-23
2.631620580124403703e-22
1.236948115302147697e-22
2.557036967041657588e-22
3.482935902757840709e-22
1.295306773308418605e-22
7.598247586223509281e-23
1.510050274437404319e-22
1.371422653960462613e-22
3.852555481339810934e-22
1.604221805830127192e-22
3.981368485596739222e-22
-9.011468457804180440e-23
2.427558988021106788e-22
6.677120813503642495e-23
-8.841222511943255163e-24
6.799207281620822201e-23
6.160642809588032184e-23
2.122701871910466262e-23
-8.590961061590991525e-23
2.326506389010903436e-22
-1.911580209077528806e-22
9.835558648400058824e-23
1.287386134790011984e-22
-2.107724267005411065e-22
-1.721180861233702196e-22
7.488589997307239348e-23
-1.181305836783340627e-22
-2.021415685857724594e-22
2.368958623476341073e-23
3.813181870159059807e-22
-1.360337888856236632e-22
-2.828408026029420104e-22
1.192400090876307862e-22
-1.263714813089725201e-22
-3.818564074721357581e-22
-9.524491014980358634e-24
-1.844473634205337826e-22
-1.777052803727527043e-22
-1.841783145193433915e-22
-6.355982023106817595e-22
-2.916269022994332439e-22
-4.181745577837016606e-22
-1.609508652817864486e-22
-4.594168870883524711e-22
2.067776835944125703e-22
-5.646487857660167287e-22
-3.606902644921625061e-22
-3.418197751810923210e-22
-4.643908155620602564e-22
-1.903257442092852663e-22
-1.383553359580773853e-22
-2.533019180895304130e-22
-4.158189013125962218e-22
-4.508395651508980739e-22
-5.278600691928270387e-22
-3.114439095589052666e-22
-3.142928664182666537e-22
-2.544495274793773449e-22
-3.609173090695665609e-22
-4.509733328665359044e-22
-3.473673797307430825e-22
-3.127199298251283357e-22
-2.123950653818946082e-22
-2.376241723822078039e-22
-3.440691585147253321e-22
-1.971141592406515625e-22
-2.593811159208247472e-22
-3.135083657400715950e-22
-2.789210509747145107e-22
-1.290754273034073893e-22
-3.764248509727739349e-22
-2.775851984057334135e-22
-3.127210754095436533e-22
-1.874960697334032808e-22
-2.835084804745533937e-22
-1.453080528597545753e-22
-5.124189147893648299e-22
-4.449417115691222619e-22
-4.818082999697891502e-22
-3.018311008317784700e-22
-2.714516574962262007e-22
-4.883644738656047661e-22
-3.962261529750969214e-22
-3.346208895436717404e-22
-4.760268063355625675e-22
-4.342360861910440754e-22
-2.891683522584122563e-22
-1.466652920362955608e-22
-5.505718263096708698e-22
-4.114681544453030813e-22
-3.058947500122839482e-22
-3.987525683927051053e-22
-3.692551371462457193e-22
-2.647622722045459383e-22
-4.902429771920740020e-22
-2.464898767711376017e-22
-2.958116433755768105e-22
-3.782968469728653850e-22
-1.927875835297499579e-22
-3.525765523086804553e-22
-2.844190694993788163e-22
-2.886532765278442875e-22
-1.314284873611693731e-22
-3.902596318476351910e-22
-4.153462589846797716e-22
-1.983194417045561452e-23
-2.705649065867724296e-22
-1.410709160675183013e-22
-6.841055584556178799e-23
6.514997508579872179e-23
-6.850224362412493927e-23
-1.421777222572999828e-22
2.012982764724200212e-22
2.427753026537062864e-22
-1.809550600092785445e-22
3.223875276328787653e-23
-1.319147450182602686e-22
-8.048981440911142011e-23
-2.727168026136941073e-22
2.107183276348866903e-23
-5.037011410915216367e-23
1.594542356676732558e-22
-1.814904520225992257e-22
-3.659258886652962774e-24
2.348461887875236584e-23
9.825690832930379301e-23
2.295322207334498471e-23
-3.015378032841344437e-22
1.821798665542438177e-22
-6.341588289380907340e-23
6.601239639029895866e-23
4.169125062326119982e-23
2.586597711374438363e-22
-2.909851009625470990e-22
2.961310666887005907e-22
-8.058993148850984633e-23
1.533458920628956417e-23
3.218726231606510958e-22
2.301218850526796230e-22
2.340173979061824472e-22
2.929621757978207780e-22
2.677065346473745023e-22
1.770287135782420666e-22
1.761879800855725340e-22
1.968509786339176512e-22
6.636857801384131595e-24
1.261977497744150698e-22
2.299689085771592957e-22
5.608689305418658248e-22
3.957779223648285798e-22
2.088015035602685099e-22
1.745386509061577732e-22
2.173246137411501957e-22
2.897330347867277969e-22
5.420646194274666184e-22
1.672008759871987318e-22
3.273062315627535693e-22
4.010416451128824100e-22
3.907772220440492928e-22
3.479236487268894608e-22
3.455223705188244489e-22
4.072530265232255718e-22
4.544846878441557383e-22
3.301735274528177783e-22
3.993745606356539257e-22
3.359321804470129196e-22
4.077579496202831163e-22
1.816434304979933348e-22
3.041183325696546088e-22
2.476141393741702353e-22
6.390479280612962208e-22
3.577092313751143546e-22
3.554038639291452900e-22
3.682901819471932487e-22
1.776643052676825331e-22
4.698141495202382807e-22
1.996978611775972152e-22
2.990859114196328360e-22
3.168219720292748990e-22
1.047762297741366120e-22
4.843241011844916420e-22
2.450041041775584479e-22
5.273842183518199832e-22
1.605204054254238272e-22
3.837163470357169227e-22
2.643157986318288340e-22
5.572055189413371058e-22
3.164048607689642363e-22
3.156372668342814463e-22
2.409497116389424387e-22
2.277408502000476256e-22
4.832577780607684044e-22
5.122399750270512944e-22
4.479403549630313837e-22
1.565985055518503504e-22
3.506562278457938086e-22
2.693972994103272487e-22
1.185400118016616579e-22
5.096772123697652531e-22
2.935940736464748483e-22
2.861046892166323868e-22
2.911069460618519397e-22
2.781411386416642206e-23
2.148862574436306002e-22
2.063960568237461137e-22
4.221994289821280560e-22
1.254650072792486725e-22
3.159152353657125934e-22
3.241694780286328296e-22
2.832086788737849861e-22
8.064913778672413183e-23
1.791083795194077502e-22
1.787509211300862101e-22
8.588735889860341357e-23
2.214624846105354978e-22
2.770111585708410446e-23
1.238011358381822118e-22
1.699221891042076281e-22
1.038193832081303465e-22
3.761305677834616115e-22
-3.827073377769287416e-23
-1.758850374928826016e-22
3.838713067071114365e-24
9.191538631242632585e-23
-5.496018892345571637e-23
-1.326566190155846545e-22
2.379410412017350529e-22
-1.673576398893022164e-22
-2.061245524742223385e-22
7.926592674213145450e-23
-1.714447226632031368e-22
-2.256323479265339192e-22
-2.166208501082091546e-23
-6.526279423772182939e-23
4.833722201377311756e-23
-8.467616720691539062e-23
-2.079400950568892200e-22
-1.540965479957906072e-22
-4.101556805217855391e-23
-2.128515925349080399e-22
-1.052184232273833754e-22
-8.717369357449614237e-23
-2.936771761737630819e-22
-3.547008314857388798e-22
-1.332459852463480728e-22
-2.346802515079750262e-22
-5.005066077135893599e-22
-1.563591369409515175e-22
-8.382035092474455997e-23
-2.754676261071349071e-22
-1.691546066813660054e-22
-2.085317308601498915e-22
-3.342332320790972777e-22
-4.876571977326519518e-22
-1.081379089019532218e-22
-2.433969350901201169e-22
-1.097931690033660094e-24
-2.566278145115953697e-22
-2.227422586876843995e-22
-2.170034045517103582e-22
-2.280582419216327452e-22
-4.390195763460340873e-22
-2.774534845545381633e-22
-3.756932308799849982e-22
-3.465860826744530440e-22
-4.434997412607366605e-22
-5.284232304612232597e-23
-4.994486622267862462e-22
-3.451840939385397447e-22
-6.272808242969396114e-22
-2.855174702460039544e-22
-3.704015688374965758e-22
-6.855799155700009855e-22
-5.899691557383220740e-22
-2.725443896258472724e-22
-3.078630207733224433e-22
-4.911653221916726501e-22
-5.302891394011559411e-22
-2.406969628318597411e-22
-3.044704766418830504e-22
-1.025152741555292376e-22
-2.922717360602741444e-22
-2.238425150328092469e-22
-3.488201145363736530e-22
-4.577096767545591639e-22
-2.401479942429105926e-22
-2.959823334559181613e-22
-2.596358234374154308e-22
-1.795996941797638189e-22
-3.226509937693018203e-22
-4.151702734054884241e-22
-4.613651192594036095e-22
-5.022028935822471354e-22
-5.426038296121623149e-22
-3.617557549807690089e-22
-4.292770060352849129e-22
-2.245168507527891482e-22
-2.955039810618770464e-22
-3.365526648929925270e-22
-1.896775318983416062e-22
-1.786184997218921457e-22
-2.903243718753144883e-22
-4.118613490657050446e-22
-3.916074896999268665e-22
-1.188247985485053569e-22
-5.395519089679001174e-22
-2.454223183603693975e-22
1.330150925526657618e-22
-2.217368504745665182e-22
-1.448951262418286849e-22
-2.524057820153975506e-22
-2.731862491249912712e-22
-4.682106883959079092e-23
-1.209451589448237208e-22
-2.266889996978688133e-22
-2.404990016329675660e-22
1.418884631752932408e-24
8.760633779668529130e-23
-2.268919186345496407e-22
8.450250365021221855e-23
-3.793274583702390307e-22
-4.268062738059330586e-23
-8.381317676845327262e-23
-2.125576165329893564e-23
6.503762934900567125e-23
-2.367076358962127162e-23
1.832329353233040647e-23
-1.271964534952552362e-22
1.196073438055997900e-22
1.241113134550936727e-22
-2.160892857924777247e-22
5.601016165683002153e-23
-2.273394457682568486e-22
1.087740996319183340e-22
7.157114761606015542e-23
4.006099451797757767e-22
8.796279708352592333e-23
3.044563372163707144e-22
2.070987850905799658e-22
-1.487035567990827914e-22
2.841189569448767861e-22
5.870794608939572947e-23
4.294882855546015283e-22
9.693431481154687005e-23
4.620565158558333001e-22
1.055477540711799257e-22
-1.577573591382775682e-22
2.461453320939986648e-22
2.912966871390225979e-22
2.195081226299305055e-22
1.038908932530653922e-22
6.052393488316916077e-22
2.835453105191946661e-22
2.114686501021930073e-22
1.952809270778732833e-22
-1.938215236315644515e-23
1.028760459316229050e-22
3.623018899642612164e-22
3.194246702536858668e-22
3.917100229125680094e-22
3.656084643662931114e-22
4.387517063111716748e-22
3.548227285111454926e-22
2.303871157123886568e-22
1.933559656746668268e-22
4.271570123153435621e-22
5.353469846967389738e-23
2.627569780542633243e-22
5.230585833144819264e-22
3.755500267323352966e-22
4.835620769994854797e-22
1.945394303578385837e-22
3.135183428226068085e-22
2.875037639139942427e-22
4.909407783442634049e-22
3.117417626707197284e-22
4.775513749190299522e-22
3.631961430011689002e-22
2.940044937530196004e-22
2.499378806711813218e-22
3.640304632371410998e-22
4.350599784680278023e-22
4.007153650174037389e-22
4.365817952044001256e-22
3.633381385265732782e-22
4.680626034416632250e-22
6.305263663861598075e-22
4.012233773961417657e-22
5.714419961386139831e-22
2.329769853698379571e-22
3.749904217226753890e-22
5.139886103822406563e-22
2.272322335047260839e-22
1.208569223576123942e-22
6.215385297842905365e-22
1.428264442566006664e-22
2.328116591483917105e-22
5.430863782350282627e-22
1.881139619863110770e-22
3.098181252236421907e-22
2.589285941690887924e-22
2.377500339751283880e-22
2.760879608127756158e-22
3.512604217241683542e-22
5.676810657582660383e-22
3.978092864350977476e-23
1.430545185375517916e-22
3.989695740726121244e-22
2.225523144482707091e-22
2.451951141860864230e-22
-4.814180775764197412e-23
2.124382948883395830e-22
-8.793785536818268919e-23
-2.504104857990854571e-22
3.460510593166520452e-22
1.627129886786233237e-22
1.958980208141075219e-22
2.390852848643337255e-22
8.649973184764522844e-24
-2.838614695239492205e-23
1.523245236917547211e-22
-3.184319694798952682e-23
4.280992016771166420e-23
7.286899322468818542e-23
-1.113154501170922046e-22
1.383252724832334571e-22
1.420982216773358690e-22
-1.684106900708394565e-22
2.875881871805908414e-22
-2.057024308421533645e-22
3.740211570017583290e-23
1.749086399351991396e-22
-3.782401166965237338e-22
1.844900351927730938e-22
-3.955005538875121833e-22
1.400103681427071854e-22
-1.791102150829257891e-23
2.406571948006068960e-23
6.924136064476008645e-24
8.754486162190780598e-23
-2.050046226278964977e-23
-1.623725841599344758e-22
2.393691027709478965e-23
-3.152222473515769426e-22
-2.526869130858499982e-22
-2.532769329294429396e-22
-1.032633014532185480e-22
-5.051930170447912753e-22
-1.973732845338111661e-23
-3.047654127107600548e-22
-1.967090696391785981e-22
-1.211819751302568351e-22
-4.134482927066651364e-22
-3.526798486645203886e-22
-2.919291942638037741e-22
-3.040642946767227534e-22
-2.704675339987981065e-22
-1.510836881194897899e-22
-2.452492690678327392e-22
-3.244638278685546841e-22
-7.276214825306649887e-23
-3.226107082728789479e-22
-3.437741051202489519e-22
-4.666830061997579661e-22
-3.165872503009299523e-22
-2.723201578282113281e-22
-3.907873757640146496e-22
-3.828468411098013889e-22
-4.703621584020604952e-22
-5.107105072406828457e-22
-2.915029484092363769e-22
-4.165201339543298104e-22
-2.614215869214440499e-22
-4.577751277255471218e-22
-4.503403584641056664e-22
-5.201149656830335624e-22
-3.397902476631953694e-22
-5.839330575629515495e-22
-4.415335240553360288e-22
-3.211368560139823562e-22
-5.929470620698396923e-22
-3.003479006346710599e-22
-3.843572390913522531e-22
-2.638888630858067676e-22
-4.110028651903215838e-22
-3.376107164431822058e-22
-4.487843687953832935e-22
-2.997859538301206719e-23
-3.965249241294068164e-22
-3.820325681360393789e-22
-2.551408585699413931e-22
-1.087601283224497344e-22
-4.318310183262050009e-22
-2.514683561400840574e-22
-4.815077031061815403e-22
-1.667882316622293563e-22
-3.912780630915623227e-22
-3.482554747306468482e-22
-2.529610690249560736e-22
-2.440875217765649036e-22
-8.278028100165009200e-23
-6.317475352591086768e-22
-3.939221494439955462e-22
-3.313176684756626368e-22
-3.111204500380142613e-22
5.045156175989160788e-23
-7.910954506394389277e-23
-2.024867192098057057e-22
-3.791308670877319391e-22
-1.236448112657757220e-22
-6.504968921626667885e-23
-8.387395942223631031e-23
-8.020154283288227277e-23
-1.282503436920211773e-22
-9.551016240468844568e-23
-2.996266396685244126e-23
-1.933174149064282601e-22
-2.035005574221042925e-22
-2.256396486960481773e-22
-4.026896453712120737e-22
-2.248847368278217861e-22
-1.449875139051034743e-22
-5.815908013033644567e-23
-4.423154547020610665e-22
2.706740157323080558e-23
2.455934456762110603e-23
-1.210925141121504666e-22
-8.860344035968165267e-23
2.767972317452618121e-22
5.965994315953544186e-23
-4.065185583242881987e-23
-1.005432239441920121e-22
1.027613145975912629e-23
1.505609079692594260e-22
-1.440992612938107281e-22
-5.530564197763170324e-23
4.945859392187023441e-23
2.003662157821622444e-22
4.054093495678000797e-22
3.253876187939824373e-22
2.788144678701583272e-22
1.048852225312305144e-22
1.971118541223624851e-22
3.404114350592274889e-22
1.566653348662747315e-22
1.757278402237491461e-22
1.690926888122869787e-22
1.160960744276570464e-22
2.871678303881961474e-22
1.906452138730490479e-22
3.549346980029551828e-22
1.360538655449810823e-22
3.533291223745365546e-22
1.063038369932990642e-22
3.234457873396210181e-22
4.630198717540601289e-22
1.728202172673086405e-22
3.306340473899604319e-22
1.947368439504823419e-22
1.468373229009297457e-22
4.672388608561564351e-22
1.322948579810828304e-22
4.831307048085483191e-22
7.688640264906963320e-23
4.617663952378262631e-22
3.342622194454410759e-22
3.598910650848470341e-22
2.109896721423050160e-22
4.587047988358355877e-22
2.356222998021534424e-22
5.689308196216367826e-22
1.463292535207241450e-22
2.745534646053854291e-22
4.064633767878326388e-22
4.646829019076202683e-22
4.298502414507232241e-22
6.186640973687516113e-22
4.971118381567242177e-22
3.558850914149637326e-22
4.375403229715225833e-22
5.810209320701170027e-22
3.359019937517567337e-22
5.698584741700580406e-22
5.065412775555697358e-22
1.220538304990828143e-22
1.458132445863303495e-22
2.146945699042363208e-22
2.092072817280296194e-22
2.503851701508110771e-22
3.287706025510134441e-22
3.016948251343925806e-22
3.346613841302436551e-22
3.928385270555666540e-22
5.110749628046518080e-22
3.700111492042593497e-22
7.440074592648698395e-22
3.971141653248542969e-22
2.460736252876145267e-22
4.276068595401149286e-22
1.169448073576109695e-22
1.132930555901836990e-22
3.684868087348252320e-22
3.185783694407571562e-22
2.509519174907976710e-22
3.431616187523468263e-22
-8.437112751832517663e-23
5.074818094541298745e-23
1.902825001104446497e-22
2.679726404307115470e-22
1.151701461994406567e-22
2.877112718464327340e-22
3.445891094879800236e-22
2.318248717515233182e-23
-1.043488467931942773e-22
2.242984233270993851e-22
2.491603421375427528e-22
1.113058198106465421e-22
-6.650331142563963059e-23
2.033806710342445583e-22
-8.077223879283048865e-23
2.284445839198445561e-22
-8.858378920027658820e-23
1.611142195151294271e-22
1.459574126267886732e-22
7.357908550405963162e-23
2.642443396662637048e-22
-6.293124879361263296e-24
-1.827535477693179920e-22
1.192460738098275537e-23
8.148087191892724471e-23
-8.453438788131622053e-24
-6.189078856149885910e-23
-6.031054337250795081e-23
1.407472407818127970e-22
-2.438192556698859597e-22
-2.079350251039793155e-23
-3.074089044444860710e-23
-2.156093224889018723e-22
-1.940018141361149798e-22
1.249444143904677182e-22
-9.115995714980165952e-23
-5.230160956002191443e-23
-1.043437542783336450e-22
-2.296044354485587302e-22
-1.356846787951255999e-22
-4.049789569010108202e-22
-1.620698487496185639e-22
-3.142007016719572961e-22
-2.589250169456766289e-22
-3.701145917020325074e-22
-1.383010655218697440e-22
-3.547456994631170062e-22
-9.701536433414229710e-23
-3.369702327262110539e-22
-8.691747497420201360e-23
-3.321370054615870883e-22
-3.439939487992658114e-22
-3.182124426705090501e-22
-5.069751088916931364e-22
-5.051777383725844373e-22
-4.402059034811024079e-22
-3.030736511997719251e-22
-2.550571668498089045e-22
-1.943850256805133215e-22
-5.786053972333954752e-22
-4.158534714495752829e-22
-5.196249312125348696e-22
-3.102685506472239755e-22
-5.332535783075095609e-22
-3.722151558729470286e-22
-5.075709576293358151e-22
-3.850080692766598557e-22
-3.190989946224944439e-22
-5.474827287356486320e-22
-2.212356714484505044e-22
-3.947158838587053213e-22
-6.153856373125714564e-23
-3.045513720581304744e-22
-1.337717159930761779e-22
-3.544651509407981504e-22
-6.262060847043159284e-22
-4.059488531255337720e-22
-3.605186419562889363e-22
-2.279182973198755573e-22
-2.742101292714496316e-22
-3.460987347482463285e-22
-4.653411039580095747e-22
-3.041895074277577770e-22
-4.074583758306053081e-22
-2.130450458436287199e-22
-3.998242215651340326e-22
-2.574412458554317405e-22
-2.856930304509865184e-22
-4.622747962082500375e-22
-2.698134721093888585e-22
-2.783442740251566370e-22
-3.763731614048105186e-22
-3.315234654907538791e-22
-2.165852804891613237e-22
-3.545438692706579388e-22
-2.164660203368321585e-22
-7.711418319540512016e-23
-3.076820571638977232e-22
-6.762611220783544256e-23
-2.440279200648046930e-22
-3.758919496293489551e-22
-1.103192559333675785e-22
-2.077294144389865687e-22
-2.484857771319537675e-22
-4.778258218821982853e-22
-2.762469266885983148e-24
-4.407568768680127229e-22
-1.902394117051513169e-22
-1.673143674253641799e-22
-2.731838364744792488e-22
-2.295007901065488859e-22
2.244888797894440524e-22
-3.535763109222678659e-22
-2.716589705809454876e-23
1.693276871073816973e-23
1.878801753692400269e-23
-5.387522702724618766e-23
1.591967322776135334e-22
-8.891525704270355226e-23
-2.757204350396429012e-22
-1.321421762455191911e-22
2.530686341622536235e-23
-5.832142599885841735e-24
4.294388625479911403e-23
1.245581304385164724e-22
-6.491984448623946082e-24
-1.865232873705361339e-22
3.003272787122681327e-22
8.372099169050179507e-23
2.026112477020439809e-22
2.232913022098752988e-22
7.468899365101494842e-23
3.641654750405829933e-22
9.283096343988995059e-23
1.515606448856310485e-22
1.581889652364226756e-22
3.426238436821891730e-22
4.697431659811709976e-22
3.160778697647108880e-22
-8.426466985745310240e-24
4.935527241462041339e-23
1.772476646815382259e-22
2.920712270542973389e-22
1.576877878062904588e-22
3.814640334050604879e-22
4.723902168428733670e-22
2.240766114812086082e-22
-3.534253682469332085e-23
4.056864712611156480e-22
2.538062227759721853e-22
3.536340283416014255e-22
3.020370267269491029e-22
4.952317970898341459e-22
3.876726904058317150e-22
4.750640254471891451e-22
1.443290161198146649e-22
3.197873920535315501e-22
3.142279147022310849e-22
3.489886401588425595e-22
2.379813062298402542e-22
4.411705669748373147e-22
2.805413958500532524e-22
5.439022609224849211e-22
3.705335840852793718e-23
5.693756098570569499e-22
2.807026682418330782e-22
4.673556988271410833e-22
3.688396663624837392e-22
4.678329551173399246e-22
3.952520159064571209e-22
2.252078950584015487e-22
4.204767092764001571e-22
3.467555681458296780e-22
3.036818559187016415e-22
4.424559305341744191e-22
3.784228909890719998e-22
2.828796598745048361e-22
3.750754422580635475e-22
6.286329870796743866e-22
2.576714760932108328e-22
6.009880126609142922e-22
2.818565431811815138e-22
1.361591542303040579e-22
4.203019418762766198e-22
2.890795197002832621e-22
5.164434123681038392e-22
2.313280824496687295e-22
3.770809917660948521e-22
3.526156095303460608e-22
1.499272991504527375e-22
4.363477236729334538e-22
2.819073849670980307e-22
2.264609041061641700e-22
3.341210071406785301e-22
3.699255005947510365e-22
3.016004298330156655e-22
7.623987025789967333e-23
5.656925279525063386e-24
2.983544656801458140e-22
2.890930612362116948e-22
1.509083057315053487e-22
1.905072051511348996e-22
2.856768476459918434e-22
1.486205569493402095e-22
2.097129312315018268e-22
2.295768830471751747e-22
1.862716413011704546e-22
9.632389302267180652e-23
1.072978094448171089e-22
-1.243519615993695529e-23
-1.101676780684322262e-22
1.255680042478498433e-23
1.317559878221815203e-22
1.108375008117766358e-22
2.923611961276564924e-23
1.707747465571825703e-22
-1.654212279364286203e-24
-2.068296102848006191e-22
-6.578900117198541034e-24
-5.864283191502216275e-23
-6.549512172819365912e-23
6.201919308455560584e-23
-2.735278502578594680e-22
4.231689533143720834e-23
-1.328489810391624923e-22
-2.809530742328350788e-22
-1.635835836847159156e-22
5.409270206889911560e-23
4.501357144981879747e-23
-1.697351489830336160e-23
1.475698736226032569e-24
-3.945670165737969097e-22
8.095059202848476186e-23
-7.256125770154329662e-23
-1.094398099956771005e-22
-4.698323666869831219e-22
-2.340431043481398125e-23
-1.575503043525417852e-22
-1.404476457092298722e-22
-3.170509231184597853e-22
-2.804353016766427214e-22
-2.886450446830722579e-22
-2.610602142429235355e-22
-2.367723946969060708e-22
-3.435846061106532002e-22
-3.219189166880605723e-22
-3.083453560151506576e-22
-5.048819008544327507e-22
-2.121681799183876675e-22
-4.243587869596504415e-22
-3.289111830294452357e-22
-4.331102187947660285e-22
-2.408738061567296351e-22
-5.747266104574505000e-22
-2.861738560685608043e-22
-6.055405710796497662e-22
-2.867926194468663525e-22
-4.290051113960886586e-22
-5.736608795993651901e-22
-3.743495633639285567e-22
-3.001344189053264941e-22
-5.430001412504148283e-22
-1.636487704457164401e-22
-2.535299441131652965e-22
-4.109328885939094034e-22
-2.245645509200729947e-22
-5.947995776448446079e-22
-3.447469401133667288e-22
-4.466074969854496720e-22
-5.038615318075515412e-22
-3.417831943016606103e-22
-3.282516556714213766e-22
-3.809380142215972088e-22
-1.548046421139261585e-22
-2.006639851180190568e-22
-1.875022376305120947e-22
-3.360328562353059979e-22
-2.090252235858552123e-22
-3.962611811521126096e-22
-2.373592751013666865e-22
-6.430615817493852943e-22
-4.172670042805123737e-22
-3.025252974528493828e-22
-2.726145695944171881e-22
-4.211942090578836644e-22
-3.258516729580085880e-22
-2.468917385335175366e-22
-4.492144109296550578e-22
-2.450525659302788863e-22
-6.651247975904637706e-22
-1.121934862472010177e-22
-3.086377559830775693e-22
-4.062453781296504024e-22
-1.228423282910864177e-22
-2.785334319896350818e-22
-1.729707951707026443e-22
-1.180767129763859388e-22
-3.498396853674512234e-22
2.337438957517317833e-22
-9.643530079804167771e-23
2.821643571262087396e-23
-1.758759194468839593e-22
-1.716506320922861181e-23
-1.778140052253055371e-22
-2.895603937667832246e-22
-2.103436987024715037e-22
-4.138516026046905440e-23
-2.626226243827059902e-23
-2.768928318855129298e-22
1.133583766192870506e-22
-7.950015340984670029e-23
-4.200182241577568613e-23
5.976872078033043335e-23
-2.109522958996858884e-22
-2.689013047507689117e-23
1.113867813017192809e-22
-6.795170170618921887e-23
-4.195688936076580818e-23
2.958617569367924524e-22
-3.256038153579905301e-22
3.218168774925182791e-22
1.614896027700776636e-22
-1.519833289231552674e-23
4.889116612797591924e-23
3.366323451242153563e-22
9.527538491458527537e-23
6.922350526552702830e-23
2.582757704177872704e-22
2.637798718153880303e-22
-8.637986418029564485e-23
8.280663635269302069e-23
2.493273760994676914e-22
3.516078990583025442e-23
3.638521821689637200e-22
2.154248104249335039e-22
2.918798493206863269e-22
6.257535673560575607e-23
6.319899042437030095e-22
1.510800010962581585e-22
2.099132645310938525e-22
6.353485363601378250e-22
7.803823261059231605e-23
3.548006069743481511e-22
3.970303834655304375e-22
3.260790905481511063e-22
4.646690218631595884e-22
3.345944133485440709e-22
3.172528091189375750e-22
4.244567264208041699e-22
2.020896312219456871e-22
4.567667836071990053e-22
3.396530877858258433e-22
3.309832219190204766e-22
4.376532024526724850e-22
4.949653038927229910e-22
2.577379003220311396e-22
5.076388834038267699e-22
2.469152749820523408e-22
5.075405293280015009e-22
5.634654880912162436e-22
3.833241941168294030e-22
6.362815619285510552e-23
6.598036609992920240e-22
2.626053452233660232e-22
4.330714036204692869e-22
3.018081978475332160e-22
2.385365447103599633e-22
5.746709384066525651e-22
3.221840485042501127e-22
5.052926681776100339e-22
3.407185151181388407e-22
3.997742768413003798e-22
5.383939227083539677e-22
3.128175178723566173e-22
4.362662522379233134e-22
1.105664562890620833e-22
3.842527393626884346e-23
3.286574971159009209e-22
1.733404795060096565e-22
3.658763751870146254e-22
2.559290155081221156e-22
8.675096277232224734e-23
3.040522444851498686e-22
3.371188022230583182e-22
1.624014522070476263e-22
4.555008990691574241e-22
1.351867466377942760e-22
3.460159585125275720e-22
4.015759252553965974e-22
5.543805089016031173e-22
1.017548188618187563e-22
2.304919269742515865e-22
6.885142494030598843e-23
3.216886812125509913e-22
6.186851089679933822e-23
3.440868671264449868e-22
7.354851736578301982e-23
2.273927079936040556e-22
4.932486290806746225e-26
1.875661460391345277e-22
1.822124083640220622e-22
9.704634824863713672e-23
-5.259813488449303447e-23
-6.432835703187863023e-23
-6.064969802301280664e-23
2.239957943234453511e-22
-4.303290726376967329e-23
2.328243069834204822e-22
2.074711296243045891e-22
-8.748095385267742254e-23
-7.966784260195528159e-23
1.952548590532195433e-22
-3.839074363827189195e-24
9.273371858280933575e-23
-1.042556097802807534e-22
1.067971205074763584e-22
-3.347413922511278194e-22
-8.360819835833199265e-23
-8.471243288588762846e-23
-1.560400395728464569e-22
-2.570974875046670238e-22
-8.777172914707790243e-23
-2.252042950953883943e-22
-1.912354361276877077e-22
-3.222933107843533378e-22
-1.003423014577628248e-22
-2.054461537187171164e-22
-3.860064880778796101e-22
-3.062802852832895628e-22
-3.757350186395776067e-24
-5.365029186749646687e-22
-1.963284866151365399e-22
-4.482473301024059312e-23
-2.423167180627064936e-22
-3.302764816755687553e-22
-3.999824195040896747e-22
-3.917334959148661032e-22
-3.016484292647176641e-22
-3.666819101061513988e-22
-1.044161076129680087e-22
-1.264749336529408548e-22
-3.049848226804398381e-22
-4.478054688100299374e-22
-5.775898340728996392e-22
-4.539410028051205403e-22
-4.351699169031012244e-22
-2.635363803787176288e-22
-3.937225300952081487e-22
-3.108280426334954190e-22
-4.551979595859088464e-22
-4.641712524762881188e-22
-4.265860664480216393e-22
-4.942792315799413595e-22
-7.270565947477852460e-22
-2.293147528914488147e-22
-5.879758961979921745e-22
-4.707507345094328805e-22
-2.935495897021210553e-22
-3.688384774764405255e-22
-2.846212822925676308e-22
-5.254269853610522017e-22
-1.699667322885514283e-22
-3.578585020345261999e-22
-3.873089712876634198e-22
-2.890480342929699843e-22
-3.992469886355313626e-22
-2.460174334970108055e-22
-3.003349866399816642e-22
3.476595899791204326e-23
-3.015236121785580740e-22
-1.897828668060500621e-22
-3.047351323971582806e-22
-2.917996019275222124e-22
-2.721122072091172247e-22
-2.716253260122138848e-22
-3.868874072487871488e-22
-3.194702916535421541e-22
-3.095090290532047798e-22
-5.878196643722446126e-22
-1.614789384505998719e-22
-3.028268769237154101e-22
-1.934858305337901422e-22
-3.314486797907396768e-23
-1.628829515467111830e-22
-1.572394570898696760e-22
-6.012050583029156950e-22
-7.286644624733885550e-23
-1.830520040267001572e-22
-2.864599297311427312e-22
-2.483587427716247190e-22
-2.787510375013960254e-23
-3.815353212489141077e-22
-2.734297752412398911e-22
-3.326052492178972355e-22
-1.970136917512204245e-22
-2.618025192077758335e-22
-2.169754991526318387e-23
-2.708911841768698207e-22
-8.922503795716943687e-23
1.749325011838257500e-22
-7.277630053012614122e-23
-7.253307922320636935e-23
1.116455250235423064e-23
-1.050705865432219766e-22
-6.869850979356714579e-23
-9.048899892372771491e-24
8.388134801739621219e-23
-3.278445977595069381e-23
-6.260690633207710763e-23
3.033661719162210121e-22
6.368588643759458755e-23
1.006642654455256199e-22
4.636209298382269190e-23
2.252593569713601730e-22
7.019453841674057729e-23
1.331438730608989304e-22
1.146672519387620256e-22
2.793573598940860962e-22
6.727357113585687472e-23
1.996695475471516666e-22
2.588801048156799816e-22
4.903180472871435099e-22
3.358423053345046489e-22
2.706983716791971334e-22
4.667364909094892482e-22
4.953919707136439967e-22
1.938912779624428508e-22
4.357398170075965043e-22
2.053925312696588863e-22
3.838663851690556338e-22
4.405130955528873766e-22
2.498229995504234112e-22
3.746066617088315783e-22
3.000094594197868408e-22
2.070533131174952509e-22
4.939945752319490659e-22
1.405203973735052999e-22
6.047002370428001222e-22
4.476363618402792249e-22
1.778042664992472634e-22
4.879497952922036791e-22
4.685958198915960448e-22
4.269425443305531420e-23
5.105263553292763069e-22
3.213646993256026661e-22
4.216236450828847244e-22
2.609444032806977902e-22
4.440855575761034674e-22
3.216560051401221680e-22
2.236085981578605140e-22
3.053161063081703804e-22
3.262549442886456741e-22
3.585907452017816701e-22
1.239580870162036366e-22
4.122911691275218775e-22
4.039052893699239044e-22
2.804849068152934287e-22
3.392057280021026716e-22
2.215395079432994949e-22
3.753588967777070245e-22
2.753182779101762099e-22
5.149970905330314377e-22
3.868652198774828868e-22
5.775439175505751832e-22
3.875468370750274005e-22
3.524588285436045781e-22
3.050146844650467640e-22
1.686054786804639578e-22
2.259594242834131787e-22
2.076333146573115994e-22
5.093903241528143177e-22
2.722054193467751055e-22
2.677612486871533715e-22
2.100661203828683790e-22
3.765156454260708062e-22
2.325483581895154224e-22
4.916062831977060866e-22
1.766174825422921357e-22
1.497669219053746472e-22
1.744954278277468684e-22
3.588149107861381080e-22
2.445639557343139385e-22
2.368830229584785267e-22
4.191406344663907624e-22
1.924055196841038197e-22
2.719810106548206672e-22
1.934953846365062179e-22
3.291607099151038863e-22
-1.602468773509752985e-23
-5.309892638042918841e-23
9.157590462734143297e-23
2.998991582457067141e-22
6.491548324450750588e-23
4.996701642441272631e-23
1.481214205101264595e-22
1.118348494919647806e-22
-1.488131657485802476e-22
-5.994508816867518374e-23
1.312149752440851969e-22
4.394973836038980487e-23
-2.672087776038501593e-22
-5.517063474283530876e-23
-8.180684078435875736e-23
6.885266650131685962e-23
-2.908535104370824758e-22
-1.293273233120076448e-22
-4.667764880515656762e-23
-1.862694221671572501e-22
-6.761323670061720942e-23
-2.791574338153721132e-22
-5.130198899333133555e-22
-1.886281056041194984e-22
-4.577043658114297602e-22
-7.572345198708658467e-23
-2.893107142482168687e-22
-3.346610679673191360e-22
-2.597891209089808614e-22
-2.685193601505314591e-22
-4.829207479060050865e-22
-4.945927182551711716e-22
-1.944518992676263885e-22
-3.513970874422218465e-22
-2.751663046698326007e-22
-4.920044558398391189e-22
-7.581434504774103270e-23
-2.900331026911798540e-22
-1.535417081463173770e-22
-3.401070417531369097e-22
-3.509603065137281977e-22
-4.827601001686502883e-22
-4.841445460209868933e-22
-3.135893705258360139e-22
-2.612350406058533962e-22
-4.820037828734399737e-22
-2.960234451500498597e-22
-3.563370836665636258e-22
-2.657903575334852483e-22
-7.241083653450514525e-23
-4.527876653519339618e-22
-1.531047048074790111e-22
-1.381442229051721347e-22
-1.854376780667733270e-22
-3.856924543270633064e-22
-4.104935356243725954e-22
-4.065819696162365159e-22
-6.274510625411481433e-22
-1.400285467635994200e-22
-5.904863843135954936e-22
-2.262806009553464638e-22
-4.669258197009105933e-22
-4.943276274952090885e-22
-2.177285992006206704e-22
-2.060587675528156967e-22
-2.577824670459013879e-22
-7.262015569324947682e-22
-1.297026730484490741e-22
-5.174222407674518774e-22
-4.677758805557424604e-22
-2.758207097260625589e-22
-3.018544781298132878e-22
-3.191181919055928707e-22
-3.988462218046287045e-22
-2.663468414580327594e-22
-4.301958267904641649e-22
-4.196159326902676459e-22
-4.787621528425402761e-22
-2.610538463411765976e-22
-4.072522655251222402e-22
-3.070291038058953220e-22
-2.042697117321672483e-22
-4.316059494590197368e-22
-8.338790714442439525e-23
-3.573690149559423496e-22
-2.910336184244494251e-22
-3.516989162980271403e-22
-5.267374968279725051e-24
-9.244316104803054445e-23
-1.544841868056098398e-22
-1.374081365397643728e-22
4.102763712757694562e-23
-1.943257998285316510e-22
-2.674610459505070307e-22
-9.035743312717480157e-23
-5.065207613266893423e-24
3.216483887883705001e-23
-7.231769988149782816e-23
-1.365350577581974545e-22
3.186178462041010091e-23
-6.575539097369542585e-23
8.692534242568922514e-24
-9.841254459789734268e-23
1.363069296815480166e-22
1.804637440242203349e-23
9.563935321436419366e-23
9.189693221559053239e-23
1.603502017446883380e-22
2.033077197680278177e-22
-4.343098858130999392e-23
3.076096439248638326e-22
1.176899028863138728e-22
9.386857848072284641e-23
2.238072041097498462e-22
2.999974442765341729e-22
1.925936972493894332e-22
3.832712163370619415e-22
1.087719205131470922e-22
2.725474934078855270e-22
9.184883143849422483e-23
1.261623496365749366e-22
4.299552846276479247e-22
2.895534519502998427e-22
2.766965856608683847e-22
6.927486638472330063e-23
2.215912418260198597e-22
4.144237042689709480e-22
3.025681577153479230e-22
3.941094629453373342e-22
4.446608687942510389e-22
3.273903586615130863e-22
3.604090775524990028e-22
1.278879884561637038e-22
5.384687046799949971e-22
3.245246233422588816e-22
3.869817398462521303e-22
4.061150085992955039e-22
2.339220028411957325e-22
5.456298062131437650e-22
3.471660339616302483e-22
2.550621674446460603e-22
4.630810792134142574e-22
3.299990308534089350e-22
4.063169113893781964e-22
3.992967508837150373e-22
2.001333371403191901e-22
5.660994250926564713e-22
1.928682677325912853e-22
2.499369954981308888e-22
3.517119052195447425e-22
3.931644512951949274e-22
5.777446562243171073e-22
4.507576602028774098e-22
3.177961451613412914e-22
3.307977515851259449e-22
4.044451719467357553e-22
4.170213188580120881e-22
2.230353169782092496e-22
5.203642973539574588e-22
3.083523685018568948e-22
2.243372706995275877e-22
1.681780432552148037e-22
4.757235268631869867e-22
4.452948546307652063e-22
3.370129904041771193e-22
1.363665899529549474e-22
2.976420009768407481e-22
1.464389674888445624e-22
4.536047371618953841e-22
2.100727261385196622e-22
2.039848385672767428e-22
2.000097488236890925e-22
3.151877550682928575e-22
2.702340340866701858e-22
4.295340570016365219e-22
2.595527709965211594e-22
3.194716175471720195e-22
3.331480662310452954e-22
9.521747207653830516e-23
4.388643622053295838e-22
-5.936171102218010634e-23
5.892522724890264504e-22
1.201991143313693203e-22
-4.729552848356266769e-23
2.577293763052434407e-22
5.343607507052509189e-23
2.963600487565529860e-22
2.461949911417456970e-22
2.190083814306246763e-22
2.921729636001910009e-22
-2.108431840250794838e-22
1.992062298210180212e-22
-8.329535777011751823e-23
4.033303870280273445e-23
-9.292080497698081904e-23
-1.001790328698810899e-22
-6.453815303815521403e-23
-1.116862009873044367e-22
-3.640344550922414013e-22
-5.738061908229483990e-23
-1.724167291118806974e-22
-2.831538824822609895e-22
-2.290106119376891570e-22
-9.085306448046398736e-23
-2.437304868905875302e-22
-3.450691677442925117e-22
-5.435744590432483736e-22
2.440938214510406076e-23
-2.536345769726401938e-22
-2.336904769689028764e-22
-4.667596660071584855e-22
-2.209000780653764631e-22
-2.847733866126146393e-22
-2.577677078829504411e-22
-1.939343291030975873e-22
-2.468878438412689315e-22
-5.103530383556948027e-22
-3.530679658343120432e-22
-2.085452447288460865e-22
-1.964348893369688244e-22
-4.641243282333206485e-22
-2.317201786964222256e-22
-2.595859064584034371e-22
2.062602427575643722e-23
-4.341716650075042383e-22
-4.165225955376861370e-22
-2.121396173069591587e-22
-3.422082108901287705e-22
-3.269743043686252098e-22
-4.782093292370488194e-22
-3.155186773994718317e-22
-1.905011378481852181e-22
-1.737612637061255440e-22
-4.332168668993939823e-22
-3.567783006326582436e-22
-3.878825306190271236e-22
-3.859337911052187036e-22
-4.706797628878260897e-22
-2.208882478760264774e-22
-5.507979373693797400e-22
-1.751231110770272920e-22
-4.844756865929636613e-22
-1.630239267501325514e-22
-4.479801668847265787e-22
-6.424322091481522038e-22
-3.998431358062011032e-22
-3.159783031687648810e-22
-2.843748194642171811e-22
-5.456470407963712250e-22
-3.017250387624220481e-22
-5.152490001656858395e-22
-3.874963987447972486e-22
-2.839469689568459939e-22
-4.769278820023969892e-22
-4.777957360390192450e-22
-5.375790702637948540e-22
-3.177846499128263050e-22
-2.256863283884408736e-22
-3.117300655433008962e-22
-2.353940717145193979e-22
-5.305168412028336121e-22
-3.170226767838985320e-22
-3.069760881790490226e-22
-2.934988907643556190e-22
-2.026392057975561425e-22
-3.817008200071846724e-22
-1.944058938714670592e-22
-2.791355885140098151e-22
-1.167732510515012864e-22
5.187622429723124032e-23
-6.756242811162182076e-23
-1.785662664082089314e-22
-5.595572857804054795e-23
-2.907204189798286287e-22
-1.949547300341658565e-22
-1.806299426274989818e-22
-4.647605560593925329e-24
-8.198122358882673901e-23
-9.011903789298500327e-24
1.544538194871518461e-22
-3.796658942386348951e-22
2.523184206903773243e-22
-1.725163710463398339e-22
1.420110106881625891e-22
-4.784169715575560836e-23
2.600535943255674742e-22
7.771097276568824653e-23
2.338459185848737723e-22
-1.736738722882374778e-22
5.477520014742926567e-23
2.269668519044877458e-24
2.429165656614035629e-22
1.066414617714720840e-22
1.522875011208393406e-22
-1.501183018046191727e-22
3.469251532108889194e-22
1.352396478290932259e-22
8.273207693320446758e-23
3.696929145555693689e-22
3.146302220032549756e-22
1.064271680970057418e-22
4.850098251604356743e-22
1.941279464943020504e-22
2.606963487678255568e-22
1.383412837562585618e-22
3.724236258235450211e-22
2.377946345425460414e-22
4.161357831623720380e-22
3.165922514060295985e-22
3.784327283856043971e-22
3.599924633699917965e-22
3.993369121352921995e-22
4.618024554406744552e-22
1.123058679948725832e-22
2.248035457107281311e-22
2.100986959503083677e-22
2.550545404943411478e-22
1.636834515469545949e-22
5.777124359169506801e-22
1.332562826306358873e-22
6.007766221555716957e-22
2.419766522662978594e-22
6.287214310701690940e-22
2.759168167684036108e-22
5.247126986493000391e-22
3.805667527652813824e-22
3.026917604688527739e-22
3.424275486426398349e-22
4.820459992979075562e-22
3.713921508909475351e-22
1.920216456600721082e-22
7.545354472699761720e-22
4.148768830168739594e-22
1.175700647561332321e-22
3.631844784585172787e-22
3.889708180072756298e-22
4.870104195175314273e-22
5.457039447978727395e-22
5.058806497995396555e-22
1.920198292625227647e-22
3.857361293912842539e-22
4.220664966139265916e-22
4.225176822404528800e-22
3.120689587282571459e-22
1.320856742994239498e-22
4.363136812945236803e-22
4.942082060284980565e-22
3.122244827785720068e-22
1.796101691010252081e-22
2.743717697830127463e-22
3.853799495237857299e-22
2.074594060623660685e-22
3.020143771867234270e-22
3.014594869084165100e-22
4.469164903495582433e-22
4.204492460062925195e-22
2.620580777190819831e-22
-6.878728977136408841e-23
4.883972349449161903e-22
2.296577804937552965e-22
3.629368230586210037e-22
3.186334709577377890e-23
2.324040197585564194e-22
-6.401380681882069407e-23
2.004677385791576072e-22
-1.165064082920052089e-22
1.003757246747358702e-22
5.496692816848584399e-23
-5.036551319985503352e-23
1.238760383161593029e-22
3.693198581006647208e-23
3.236278295814041210e-23
-1.697343916717450770e-22
-1.716689664615873448e-22
-3.088994157932194190e-22
-3.982141438710363211e-23
-2.128567974730381533e-22
9.385874008768845848e-24
-1.609023766366910841e-22
-2.895213006107851803e-22
6.724182504138159474e-23
-2.038247995369711938e-22
-3.628734721537985960e-23
5.984730002365021605e-23
-2.693671055338423964e-22
9.335326884405718524e-23
-3.301250545152789362e-22
-2.751323577997338750e-22
-4.497442940561224994e-23
-2.305419758382876267e-22
-1.996527072000391775e-22
-1.952948436654968208e-22
-3.769013506395337843e-22
4.108819737844322688e-24
-3.598139420449592063e-22
-2.920400834129700812e-23
-2.752706030563793417e-22
-1.921849857064740597e-22
-3.765821470317942016e-22
-4.094949255968019584e-22
-2.709861793430276207e-22
-4.601832727031524752e-22
-4.947327770973605739e-22
-3.562618157491474560e-22
-2.724759381293289239e-22
-1.934835846016182834e-22
-3.351339861246930138e-22
-4.577545272442403349e-22
-4.451610369704775787e-22
-4.330318912984829176e-22
-3.232047613929842243e-22
-3.147441887829740622e-22
-2.763009408357571726e-22
-5.046635081625742670e-22
-5.854224489211097510e-22
-3.974197657772713722e-22
-3.179293984816475041e-22
-4.233484216065910718e-22
-9.214636342418916193e-23
-5.612578681207383204e-22
-5.178384502138599487e-22
-3.799179446350225266e-22
-4.211180567676570812e-22
-3.901201829569762135e-22
-3.053943786978781091e-22
-3.181038726242464305e-22
-6.235089453390113725e-22
-5.596683523950194689e-22
-2.658557948378560081e-22
-3.056363905679663580e-22
-6.078441766262455280e-22
-2.364755317821272558e-22
-5.000438102640457299e-22
-4.301842031312762794e-22
-4.169932455823093258e-22
-4.689610603651747080e-22
-4.119139977650719750e-22
-3.653834988353699469e-22
-3.483422494197468465e-22
-3.454774484875954384e-22
-9.514037799828284511e-23
-1.416764237046144790e-22
-1.509568544960099706e-22
-2.073984462004571628e-22
-3.646065334858726922e-22
-2.420052395086349040e-22
-2.196387434743788077e-22
6.297749089361629249e-24
-1.004555685503462588e-22
5.845414891019728574e-23
-4.236919384483883988e-22
-1.493733165130135936e-22
1.534095797377801745e-22
-1.380860605629462079e-22
-2.738306525907299103e-22
-7.475123517851430577e-23
9.101155663005691244e-23
-2.326628129801302560e-22
-2.307886814997456150e-23
1.059714458806752374e-22
-1.478253668268155095e-23
2.160740682611056007e-22
1.171795488059348405e-22
3.070691776552572088e-22
2.193053810365250586e-23
-2.419341229247854724e-23
1.511466070777030271e-22
3.224963037118561400e-23
1.959139315002101900e-22
1.583459485822259195e-22
5.383155847574988135e-23
2.213810087440514445e-22
1.680599274725132616e-22
-6.640430137831776073e-23
1.242425622470919978e-22
3.957442902933522608e-23
-8.745524684177218678e-23
2.879902214555894558e-22
-1.784433048557817334e-24
1.172563103613606404e-22
1.353542243626606281e-22
3.699032833450076535e-22
3.429687968268351209e-22
4.216149724121323734e-22
2.704692197039439546e-22
3.470207265214188658e-22
9.595308655782272274e-24
3.653052492335478150e-22
3.221675258393544783e-22
4.360983414786268398e-22
3.627192182640587860e-22
5.231590668575826372e-22
2.480412205089562223e-22
2.808581203567570651e-22
4.246338894226148126e-22
4.785439565696011410e-22
3.583137617714065230e-22
3.701844348786545446e-22
4.729101750203769950e-22
3.679824366936192873e-22
6.472220812402916553e-22
4.122159538162089565e-22
3.619041966235369870e-22
3.881452457315366433e-22
4.094724598402913597e-22
4.981581172101485769e-22
3.031528845924661999e-22
4.401011015548430499e-22
6.227494517186395630e-22
3.737900540146369442e-22
6.169475972151159540e-22
4.338484080322282282e-22
3.963799400099369096e-22
3.191106900830955296e-22
2.475187417465493181e-22
2.036756246267719533e-22
5.108498032338610434e-22
4.408800851558307897e-22
2.460160488989914862e-22
3.261611772406238253e-22
3.852961491702114367e-22
2.496144790723168099e-22
3.486866148138737131e-22
2.253423064030211268e-22
4.442452326438290900e-22
1.384206818790039503e-22
2.551322286628420274e-22
3.882090329371739519e-22
5.158494398820272263e-22
2.414824112646513549e-22
1.831710878638276184e-22
3.673359916060300942e-22
2.616595195127095483e-22
1.616598759941499237e-22
2.571521808702315937e-22
2.768096748749481404e-22
1.752857004747825232e-22
2.797851117107264768e-22
-1.483641031151929361e-22
2.471705121883489910e-22
6.875089843011461028e-23
-1.907541039794491395e-23
-1.656010663800863321e-22
-2.875780912969693953e-23
6.964318837080747555e-23
1.326523530141805404e-22
-1.444292714087914879e-22
-3.102088123577944706e-22
2.445669224838002983e-22
6.349056759395364682e-23
4.169205010641236530e-23
-4.335073371514573841e-24
-1.630668629580017843e-22
1.273435045137467412e-22
-2.521252948380849285e-22
8.783769598240308235e-23
2.919183326783984429e-23
-8.343545101885768580e-23
-1.286788894695488195e-22
-1.068355826050668130e-22
-7.640415541411367320e-23
-1.524885497116465134e-22
-1.428678316147904493e-22
-6.269889800828843775e-23
1.138732048065047536e-22
-4.529735174429187343e-22
-2.225850662502382245e-23
-1.418369436540686068e-22
-2.306430757944538806e-22
-4.766586339468945448e-22
-5.383344027345397449e-22
-2.618722131165632674e-22
-3.219014808413688791e-22
-5.549128967122367591e-22
-4.324356362188534143e-22
-3.591500954558858067e-22
-4.345587384102779136e-22
-2.794436100554637355e-22
-5.650079167211180298e-22
-3.730859815961152726e-22
-3.779008780936747160e-22
-2.213082788928730256e-22
-5.306550491377199206e-22
-3.727442914989763205e-22
-4.677005479397112691e-22
-3.913519878196587997e-22
-5.787580537725733553e-22
-2.176861213530068316e-22
-6.109977016164201806e-22
-4.612722289853862548e-22
-4.013688486684011044e-22
-2.027679321454986126e-22
-4.380255542804367920e-22
-2.282936447833497477e-22
-5.389826529288651760e-22
-1.941867019449972353e-22
-1.489444099227425849e-22
-3.500702836122988839e-22
-2.985809544611609835e-22
-7.234464741467993076e-22
-7.058168950300692138e-23
-6.444324613593826935e-22
-4.258184834051983410e-22
-1.987472069396181541e-22
-3.634498936768692544e-22
-5.842327305876878227e-22
-4.249095073341933775e-22
-3.441631298586846901e-22
-4.375260384362341786e-22
-4.213682133676356448e-22
-1.806857212325860974e-22
-3.422029446338997713e-22
-3.763388070261207403e-22
-3.373043190416724642e-23
-2.476096835178732668e-22
-2.474964250848902072e-22
-2.731434570005816534e-22
-3.981971025491069620e-22
-1.174710797807267047e-22
-1.205667005971599246e-22
-1.374172046207400201e-22
-1.257544910220371874e-22
-3.000132601315110675e-22
-1.973578485951374576e-22
-2.548920459714175575e-22
-3.039605318758588825e-22
-2.156467317718749087e-22
-7.834996592604338118e-23
-4.373985539380752037e-25
2.921481399772798713e-23
-1.456364235002102457e-22
1.422621598293642554e-23
-8.397769320854196791e-23
-5.799459864572317989e-23
5.163185267450243640e-23
6.786087430846273910e-23
-1.344801501261012661e-22
-3.042351868006960858e-22
-3.766025692712510660e-23
8.809855499541504930e-24
2.831178166708505634e-23
1.141340418471167997e-22
8.367912416799181408e-23
2.992010811314613467e-22
2.730968742129424370e-22
7.119287229123893415e-24
2.123994127286250126e-22
5.686437454993603247e-23
2.707471858612696923e-22
5.900681799072757037e-23
2.155417050889613519e-22
2.933509891460037127e-22
1.569411013758079937e-22
3.809489505673511239e-22
1.534435806405188584e-22
2.327574050245024130e-22
3.613157027148535341e-22
6.895116241599603322e-23
5.821130735192472257e-22
3.134091956919155337e-22
6.389879217441730059e-22
3.724263815921898121e-22
5.251472462018932770e-22
3.212572539997239767e-22
2.206506171485468268e-22
3.629084029816929067e-22
3.798964012971468522e-22
3.906667037124190389e-22
6.668282718742269116e-22
4.548275748843799683e-22
5.910455229685965103e-22
3.666824825030574696e-22
4.933573694483749717e-22
5.911871154317684223e-22
2.666733957463676642e-22
4.515270599479394568e-22
3.150000025185378830e-22
4.939759788364664922e-22
3.004445369755182135e-22
6.559181929770337473e-23
3.243939702201995254e-22
3.512167332763321192e-22
4.086385370236584214e-22
5.813898507858561561e-22
1.566499318654468167e-22
4.589872311104927389e-22
1.940070928078058504e-22
5.032938229187227882e-22
1.834344447815864201e-22
3.629260878596207665e-22
1.866291610102107120e-22
3.534868489866499531e-22
4.174318639042362738e-22
2.817774703725247326e-22
4.716367965764298149e-22
3.365995727708196159e-22
3.019461236402305045e-22
4.230695392832771727e-22
3.142214937526792568e-22
4.340380387715495181e-22
9.584991099066276696e-23
3.543524008075293460e-22
2.044853216628999049e-22
3.080463807195422623e-22
2.390753746988437590e-22
2.529406869017489095e-22
2.507099460396373978e-22
1.902352943422497548e-22
2.904665088718511015e-22
2.006254928015685271e-23
1.031891104594248741e-22
9.668027209967165553e-24
1.489583144148439793e-22
1.372322981345459971e-22
1.141206226785068054e-22
-2.522528126928550928e-23
1.097241715173387212e-22
2.838591002448118290e-22
2.467502146637618608e-22
1.707143783703269616e-22
1.548952673869698392e-22
2.151709731502617876e-23
-1.701277791299461239e-22
-8.529643489282148788e-24
-4.817443457232292268e-23
3.665105420639115474e-24
-1.952786337589317781e-22
-8.599631161144506948e-23
-5.722980678743341544e-23
-5.262634262057334140e-24
-1.848628473409133561e-22
-1.231645078324566587e-22
-2.504910318540045593e-22
-1.442862402394016139e-22
-1.684486521049375481e-22
-1.487979278980232579e-22
-4.332551306538977506e-22
-3.414050892647961713e-22
-2.399013081911611072e-22
-4.082559476080828794e-22
-2.577608387048402304e-22
-4.430296390570775476e-22
-1.313916841045021073e-22
-4.738415130235574449e-22
-2.862527809347834726e-22
-4.080982933823390447e-22
-3.898154726025644762e-22
-3.508311896698649358e-22
-3.796569665665520163e-22
-3.500577557636665906e-22
-4.539897534754924503e-22
-2.838008217119590949e-22
-1.972191171652376758e-22
-6.234140039411263324e-22
-3.179283602810382022e-22
-5.716764409966311590e-22
-3.475406603886989261e-22
-5.048772795662966265e-22
-3.514213433770613667e-22
-1.441937510823009983e-22
-6.017693089107836557e-22
-4.267083345306852194e-22
-4.937042351293385220e-22
-4.607548923934170875e-22
-3.534323911445211615e-22
-4.834283039139615968e-22
-4.204591550899162132e-22
-3.179322975284591927e-22
-4.536055320765897410e-22
-3.390973419987929639e-22
-5.434645700589634607e-22
-5.346540669625469604e-22
-3.446544864646490521e-22
-2.461725149274362996e-22
-2.766468669588458058e-22
-3.132838804421496250e-22
-2.585832311335844081e-22
-1.995299882368777206e-22
-3.348892962370926447e-22
-2.417246478984377409e-22
-4.837738397356869423e-22
-1.645778896357948187e-22
-2.987732248264001944e-22
-3.786114207570921730e-22
-2.177506584052908202e-22
-1.577404291077625680e-22
-4.716631513103872040e-22
-2.441167688314928138e-22
-1.393716313463115393e-22
-1.131507945608345544e-22
4.172126066832636960e-23
-3.901454947473812015e-22
-2.765523848120291478e-22
-1.585182619504400984e-22
-3.324526963236030770e-22
-4.059272562612656347e-22
-3.212379246386066308e-22
-2.102012607494598821e-22
-4.847114604642797516e-24
-5.806233964420524260e-23
-2.107439976273963096e-22
-1.855182271617901027e-22
-3.730754016450834036e-23
-1.987031611103982277e-23
-1.131619310529571229e-22
5.275499844883975795e-23
-9.897581897884670682e-23
1.046632469469571579e-22
6.951644847059195762e-23
1.066060202282256834e-23
3.803595456120325451e-22
1.609978233826091121e-22
8.471864003690888237e-23
1.691814808838212761e-22
1.434171319552773265e-22
1.236279613844776406e-22
1.324969317343372394e-22
4.139639500487796300e-22
2.710862186721062187e-22
3.583274189233852024e-22
1.579866740297561325e-22
4.141854203417919205e-22
2.517086212222116063e-22
2.893472019821305004e-22
4.939474501958449242e-23
3.495233724150550971e-22
2.025714598642237694e-22
2.410062703088240069e-22
3.050858417521824615e-22
2.522556007077637949e-22
4.287731387778849651e-22
2.671293184091330080e-22
3.554386251650649528e-22
6.479027362469095140e-23
5.607570450270206614e-22
1.157331340932429549e-22
5.008426196455815152e-22
3.474100255963393673e-22
3.477752238664301391e-22
5.366045304137815248e-22
3.705777011933618602e-22
5.435485035017865027e-22
1.503878887178093996e-22
6.436980398590380209e-22
3.255278911340939604e-22
5.890774911114820463e-22
4.897023199690668951e-22
4.160580450552166646e-22
4.028685975912296694e-22
5.382095728165662719e-22
3.085729107532828478e-22
2.321120950716287068e-22
5.704541516395506375e-22
6.252225223299251744e-22
4.290667623035154610e-22
4.318204227757988357e-22
4.092644140744714681e-22
2.989907528644212009e-22
2.780894360066191561e-22
3.365559181711061861e-22
3.166599751277098886e-22
4.870879356660744064e-22
5.369240735523607612e-22
4.509666925980434115e-22
3.846353600983499171e-22
1.729123165696590603e-22
2.127510997145884930e-22
4.479010841701024959e-22
2.774514817995797369e-22
3.621681112908156048e-22
3.929774822771296744e-22
1.643358584196081059e-22
3.413681617544372242e-22
1.768061628060811946e-22
2.545235229980952754e-22
2.320113427033739813e-22
-2.856729550340500093e-23
2.459295548359589273e-22
-1.890577587786496057e-23
-7.936840587267071679e-23
1.980727392843998147e-22
-1.342982130058486606e-22
6.447757548032358723e-23
-4.856030636094724366e-23
1.413769670663849363e-22
-1.115916886148306191e-22
1.140867040848452489e-22
-1.065168180329906995e-22
-5.613418693904901358e-23
1.701333706761687293e-23
2.587853891178836501e-23
-2.056634718210569227e-23
-1.410531953648880383e-22
1.516735248773106775e-22
-1.661713491580290618e-22
-8.507657229365628731e-23
2.479299031337511505e-23
1.194991157985276848e-22
5.917740468037367491e-23
-2.742070947416693920e-22
-1.935862214527815369e-22
-1.256990264318309217e-22
-3.625084877689350681e-22
-9.709975346763462388e-23
-3.338278231587412833e-22
-2.562916998545191840e-22
-2.380906528806714832e-22
-1.916190697149295958e-22
-2.433782699593856416e-22
-2.835680839422154379e-22
-3.520942874503731525e-22
-3.651703561546402005e-22
-2.233537175399550694e-22
-5.952549552104820153e-22
-2.584435913972586286e-22
-4.886648257608236514e-22
-2.393983531992680704e-22
-4.079213819396476316e-22
-3.752310980696640422e-22
-3.430791672155416919e-22
-5.151923533602541182e-22
-1.471745574058616286e-22
-3.401353780539225461e-22
-3.880646515353422460e-22
-5.902946016611675392e-22
-5.463133343965413866e-22
-4.005785199046589719e-22
-4.947663885110008974e-22
-2.754681553774676066e-22
-7.283061649809526700e-22
-4.385263323239087897e-22
-4.240444522125237655e-22
-7.577479775165977713e-22
-4.556266947789844737e-22
-4.416676840116245628e-22
-3.263361210436896578e-22
-2.588679277707561971e-22
-4.855119411657752107e-22
-3.193328489639159049e-22
-4.357497562596887110e-22
-3.090814096160635298e-22
-1.749649328711547032e-22
-3.293315248458346370e-22
-1.970214568864184347e-22
-2.545440711446871221e-22
-2.292182642850766234e-22
-2.763776373393437711e-22
-4.185114506713993275e-22
-4.945066057746809199e-22
-2.570760164102655159e-22
-5.124951848538238503e-22
-2.532799543022159310e-22
-3.807473069352644862e-22
-3.747035557506912454e-22
-1.810356163538450348e-22
-2.633226646443501860e-22
-2.807286124887844907e-22
-2.673302571828537119e-22
-3.401415354639885423e-22
-2.587188492835637227e-22
-1.898778733490605243e-22
-1.835940055818413423e-23
-2.105670355970203810e-22
1.559238097251129559e-22
-2.905988768282082442e-22
4.207355163411884824e-23
-3.218910610831786117e-24
-5.065497612145920052e-23
2.145990728163978607e-22
-1.135897994488691331e-23
-1.686529746834017624e-22
-2.364313489508385891e-22
1.578738775260654259e-22
6.363039846440390217e-23
-1.875300968560409056e-22
1.393983140728153360e-22
1.340548464683365217e-22
-4.374989508639412376e-23
2.286776365657594868e-22
4.229956054400022512e-23
4.619683906563944490e-22
2.284399715010850831e-22
3.639672965020280751e-22
-5.714547555290212585e-24
2.771029940126828273e-22
1.017923857934505740e-22
2.801937579657178917e-22
3.602823234629125349e-22
2.139162714735190881e-22
3.556130510412311145e-22
1.041211064609772350e-22
4.468121398819941038e-22
3.341736775040335264e-22
5.375047055574339411e-22
1.050943314078495267e-22
3.954935545082258115e-22
6.568847960063340728e-22
2.915391572590215517e-22
3.764604332143152992e-22
3.507973040543188119e-22
2.450420612972258356e-22
2.736496822510436938e-22
5.984416420063590417e-22
3.188785861127973375e-22
1.756967221401618287e-22
4.922626098785980007e-22
4.954037260718577868e-22
6.334978402357458171e-22
4.848719721368406349e-22
4.065401136478732618e-22
2.835139788753541226e-22
1.645077581170022487e-22
3.765748890349619478e-22
3.591144032996010061e-22
2.476408037719565953e-22
3.495107903366307903e-22
4.162428778827262874e-22
4.717891097156821762e-22
1.906070965313553315e-22
4.086817923779697302e-22
4.488518701788923860e-22
3.464220519644562709e-22
4.231754803499197468e-22
4.179211766504493910e-22
5.356920906118604018e-22
2.312338244114801678e-22
6.094713993870095811e-22
1.643184055975404968e-22
5.467948277694240185e-22
4.365637573966078162e-22
5.460040364452538032e-22
4.191524548015017338e-22
2.821370655274152772e-22
5.730960209977843842e-22
2.112650308803235578e-22
4.339669319015555468e-22
8.307448339427744813e-23
2.593139619371644029e-22
1.426810456035541762e-22
1.606717614134542221e-22
2.896326585040556598e-22
2.629936543085304047e-22
2.035913708485049494e-22
2.313642410344550013e-22
-4.162462829596055758e-23
-7.178556938424370786e-23
5.346704365106989698e-23
-1.439531740646234518e-22
7.556675881267480446e-23
6.136918991256907076e-23
3.422302956698707019e-23
2.802172978346114835e-23
-7.898473731708023148e-23
-1.129180660390138752e-22
-1.228606228957267998e-23
-2.978972709983841154e-22
1.307016586793841891e-22
-7.849206851059450736e-23
5.336308208601666176e-24
-1.887751352699565660e-22
-1.915045554154407901e-22
-2.795198833851360140e-22
-1.712843323730548357e-22
-2.857429224678195403e-22
-1.160016225297157243e-22
-3.014747092140572001e-22
-1.563378225629417597e-22
-2.579780007358832823e-22
-3.790627174074007099e-22
-2.437477493197425172e-22
-9.002844805812752394e-25
-2.559521997585426876e-22
-2.679132214761250175e-22
-4.612119118340040300e-22
-3.957742361153634482e-22
-2.695767588888991147e-22
-3.109633447776738424e-22
-2.553086084132323050e-22
-2.712007553302914824e-22
-3.686536874837039293e-22
-3.498602007273930272e-22
-3.378188956822497739e-22
-3.813382106573609936e-22
-4.014398284421940490e-22
-5.268491445302758191e-22
-2.542596613152556785e-22
-4.341185370218835893e-22
-5.884919699847699466e-22
-4.295053119840558941e-22
-4.283855914800544428e-22
-4.588689047260961150e-22
-5.269099426108704530e-22
-2.052906149023038841e-22
-3.101858415878315589e-22
-5.401344809515350468e-22
-5.822629745220153515e-22
-4.148819854749408842e-22
-3.904691102421392991e-22
-6.083927534192077191e-22
-2.898486592370431241e-22
-5.511885229317084759e-22
-4.198123606855250607e-22
-2.430414386174717469e-22
-4.743154017697683890e-22
-6.884646247028845402e-22
-6.331853488323991545e-22
-4.114756610366944403e-22
-3.568778825532762141e-22
-4.387701817350877566e-22
-4.839854887230973928e-22
-7.090486699561854092e-23
-3.385883701351442545e-22
-1.823566291411601568e-23
-1.095846372830312709e-22
-1.429056287324440369e-22
-2.912215560852913184e-22
-2.960914135236084158e-23
-8.403177989470736706e-23
-7.735913026902993097e-24
-4.062140792963678581e-22
-2.211247467109203876e-22
-9.155315096120561777e-24
-2.431829093371780809e-22
6.268899211781450915e-23
-8.565004020716415136e-23
-5.358718682092086578e-23
-2.604556507554940569e-22
4.376534197991309724e-23
-5.239277661791462683e-22
-1.103022868718313232e-22
-1.611773785800432592e-22
1.556853732670796158e-23
-1.532892795794776812e-22
-1.595908423595335083e-23
-1.455723036333706530e-22
5.273605813764909478e-23
1.524474082769995729e-22
1.695230964667460083e-22
1.335497820516997490e-22
6.197299484646390801e-23
2.292932442926512152e-22
1.410024229760683316e-22
2.159817454652353487e-22
-2.097971746752261394e-23
2.670684373437558256e-22
2.807443994554290719e-22
2.711664942844814045e-22
3.481662956864050329e-22
5.214940622334571978e-23
4.191283140178232994e-22
1.717860666897545543e-22
3.564739710401587629e-22
3.003991802577138790e-22
3.648232572148080752e-22
3.085606728484277674e-22
2.364208574284788264e-22
2.776866402400799935e-22
3.405571242448200600e-22
5.167526107630378139e-22
2.115522288853641725e-22
5.781670165844090438e-22
4.688139180943945318e-22
4.160725567241055651e-22
5.564628268342758945e-22
4.358412246506806417e-22
5.974499771427776427e-22
4.018213534605416143e-22
4.202116970044548633e-22
5.165187156028551644e-22
4.896229900653007563e-22
5.155931831482637985e-22
4.179958656955910131e-22
3.027903716050230015e-22
7.107152591362707208e-22
2.679117289702389573e-22
4.210713667547810059e-22
4.071562992156037595e-22
1.861612067588194220e-22
3.804344206185700649e-22
3.924623079437355421e-22
3.356184161507744410e-22
5.996186453445865076e-22
4.332256656783372581e-22
4.058222950016671249e-22
4.761318681169458924e-22
2.799789293636154716e-22
4.430406144887958174e-22
4.116838911000390714e-22
2.196775533720874491e-22
3.622888602867760173e-22
2.351482402220070051e-22
1.585700705151524041e-22
3.677412762378151858e-22
1.270071607545918513e-22
2.598424972224316375e-22
7.852665115935655197e-23
3.281101471364427778e-22
1.402490341787701275e-22
9.518774838061688235e-23
4.591418234782562038e-22
6.896910464114975251e-23
1.289576330000170141e-22
1.935251027769088957e-22
9.057865961015450444e-23
3.408769669927272393e-23
1.159857484273519570e-23
2.767954937453243854e-22
3.088101671724437791e-23
1.200527558239145884e-22
2.260631980273047759e-22
5.031330783234471690e-23
4.148947608990359976e-23
-1.665746850706400856e-23
-1.599378878832287398e-22
-2.046687180056761017e-23
-1.302433992501020873e-22
2.092732313587125578e-22
2.344012993505823559e-23
-3.109165595791949012e-22
2.462636110106253595e-23
-2.274276285086151695e-22
-7.334575972808563561e-23
-1.733844936288704154e-22
-2.047333867904568800e-22
-3.070147147347775651e-22
-2.411282012484637915e-22
-3.391771108876359484e-22
-3.134983997661835037e-22
-4.323403688603617297e-22
-3.110234821331041535e-22
-3.823455220097686709e-22
-3.027888195571316374e-22
-4.863758591889178635e-22
-2.819467452615709086e-22
-3.630132566676480943e-23
-4.057360625265409316e-22
-2.350609848003718707e-22
-4.584595876071280515e-22
-2.610902105220807319e-22
-5.952074552186230442e-22
-2.567857448356922813e-22
-7.340280334033263386e-22
-5.148365141511706185e-22
-2.975522939336321166e-22
-3.855608370507044234e-22
-4.689425857819190537e-22
-5.025631267110161750e-22
-4.709665824843100779e-22
-4.206101885486438966e-22
-3.376437252570498304e-22
-4.470220075699331631e-22
-5.447378331349478185e-22
-3.308327528093913893e-22
-4.367187113074642635e-22
-5.272474032288748886e-22
-5.153555963183920997e-22
-3.321625374821870585e-22
-4.449691432001055293e-22
-3.348167252371740225e-22
-5.292037634347758686e-22
-8.490926297243202378e-23
-5.453214125317961856e-22
-5.539122200012150710e-22
-3.358980254684474262e-22
-4.163074625413103808e-22
-1.535508041625233273e-22
-4.441788272339678552e-22
-2.928317017875274751e-22
-5.121478924083309651e-22
-4.155628823024363646e-22
-2.180410653704565234e-22
-5.086507044195875429e-22
1.041571748913852662e-22
-1.963518655367251991e-22
-6.498606574447838554e-23
-3.422089032937540184e-22
-3.366275329643506858e-22
-3.266277943919561818e-22
-1.045011093392591638e-22
-2.250888999264507476e-22
-1.365126794654062054e-22
-2.739445484527940319e-22
8.963212316640530886e-23
-3.546904640375269668e-22
-3.565758741461171172e-23
-6.399070490829947546e-23
1.646584667151348673e-22
1.409413014083859945e-22
9.662381696430866615e-24
-1.695124222071954512e-22
2.633751071381526409e-22
9.166278303661366171e-23
2.321332312085729260e-22
9.176648519840841275e-24
2.575176094721881898e-22
8.146115361097690958e-23
1.678547106887335227e-22
-9.662449611286194306e-23
2.884431225865745682e-22
-7.159455780983239648e-23
9.909970493224920744e-23
1.291521379605012048e-22
3.233636742619813178e-22
1.960726712265290392e-22
3.006078561591104220e-22
-3.056207028321077899e-23
3.209657331989444285e-22
6.710623149327159163e-23
2.852654339460157908e-22
6.657356043204618234e-22
1.637958386116857788e-22
5.415166302070145434e-22
5.162201881541268851e-22
3.182944066240423585e-22
3.822445804258237215e-22
2.575588822890232951e-22
3.893026069156105943e-22
5.410650702227088123e-22
3.643874079517994312e-22
3.687895517973142012e-22
6.861361002842815607e-22
3.402336317126672911e-22
4.019928904811626387e-22
1.918559969532006867e-22
5.567616644101708881e-22
4.786507507507106056e-22
5.538185189425577467e-22
2.886586717560472774e-22
6.051022264828622630e-22
4.879779126859328905e-22
4.649343348293493177e-22
3.362894473204913390e-22
4.304723469817485465e-22
4.615949104157998139e-22
2.551464206479667166e-22
6.476429740146249325e-22
3.322966707393847574e-22
3.976216643820537776e-22
3.482284097107680491e-22
2.246522223665032572e-22
6.620490397476914410e-22
2.398044758877840013e-22
3.012760100503435380e-22
4.294041382145935025e-22
2.866254098442785233e-22
4.855814378827638007e-22
3.903414419908167683e-22
1.438534395938811663e-22
5.968301992710797166e-22
6.742809230160337924e-22
1.694835429425323273e-22
3.676389640071276611e-22
5.106399877983636515e-23
2.861721762426557353e-22
1.464354225642773007e-22
1.456367540893439523e-22
-1.862860121257858135e-23
4.434272923857523628e-22
1.292201314655390949e-23
6.818293011159697035e-23
1.195125360226165487e-23
-2.541181838456279872e-22
-5.584405648876492302e-23
-1.395619516918460554e-22
9.042172323838793673e-23
-1.079401757326445192e-22
2.781982100212733795e-22
1.037834262867046800e-22
-3.197785212559570248e-22
-5.272290362630307486e-23
-6.753765601798315591e-23
-2.503274599661935278e-22
9.774663142947172127e-23
-2.617937169673822256e-22
-8.775928352842355714e-23
-3.389349503871743726e-22
-6.702586620517993508e-23
-3.478507676632703339e-22
-2.172566294729352078e-22
-3.606878613090820793e-22
-1.660848088398775250e-22
-2.655608313654194823e-22
-1.480590177998791146e-22
-3.312794738839517953e-22
-1.467440470375883621e-22
-2.221573836129629841e-22
-4.303820176100139788e-22
-3.249345986337368714e-23
-2.373341562254525256e-22
-4.938878470914298185e-22
-3.967193419505877386e-22
-1.598232035508512730e-22
-5.881587582524863275e-22
-1.211463093758349382e-22
-7.231261797385244910e-22
-4.209583373856439084e-22
-4.569069968835378920e-22
-2.156761162985189801e-22
-6.754189513622584508e-22
-2.453488791128377080e-22
-3.038754347092568178e-22
-4.937245146980672165e-22
-5.634506849391500469e-22
-4.330225617601184874e-22
-5.957936764768135856e-22
-5.360643267121604492e-22
-4.920939189565024900e-22
-7.154897843257188631e-22
-4.822837890941025499e-22
-2.950540601415775251e-22
-6.227797065098950147e-22
-4.844629722581905132e-22
-4.905997023811914835e-22
-4.254658707770524985e-22
-4.763896479608535507e-22
-3.259797188801357358e-22
-3.990481053929339699e-22
-1.713535389792841840e-22
-2.066173590705193545e-22
-2.381113400311027001e-22
-3.410761498856817946e-22
-2.641354408999276116e-22
-3.159603871536543582e-22
-2.901007861643828459e-22
-4.028257008059091198e-22
-4.050147116540337849e-22
-3.196403168429510031e-22
-3.050418207601686368e-22
-3.487584971906405678e-22
-4.082361865367132708e-22
2.517810374371515868e-23
-1.368541742804335827e-22
-3.407272582609166245e-22
2.648271460368706119e-23
-1.156283179024599429e-22
1.760789923628331752e-23
-1.930833555188164621e-22
6.591583981533949885e-23
1.342888956820842804e-22
1.578826513154106072e-23
-6.210616811424204381e-24
2.205741326888970707e-22
-4.388856824151813203e-23
4.475647388602612957e-23
8.597577286084417271e-23
-9.491626402222122099e-23
5.857503189997134358e-23
2.620168969463964334e-22
1.294973479326712080e-22
1.917699158336266075e-22
2.363198498865036120e-22
1.060693407173252590e-22
1.410387692557215749e-22
5.263374016036452565e-23
1.578730383434009820e-22
2.922334637972857250e-22
2.353867992192108680e-22
2.806789587778974799e-22
3.465865714941281189e-22
2.218910087808462555e-22
4.338785879835186283e-22
4.425678122745102313e-22
3.899470277415122929e-22
1.574943417104088519e-22
5.541229900512308797e-22
2.076296772725881777e-22
2.407283603374891126e-22
1.402409394375122592e-22
5.614877583871610160e-22
5.866315340301761756e-22
4.257878305083630505e-22
3.280754275850024618e-22
8.434030157135915842e-23
5.231528673792402224e-22
3.956590898676849265e-22
2.018037837982924494e-22
6.513375277377579125e-22
4.552622496076948853e-22
5.205652021827037919e-22
4.773545433724464943e-22
6.317308222390596733e-22
5.193968272357036920e-22
6.457512057875372265e-22
3.417772865773535583e-22
5.388099150489171124e-22
4.084259974862604941e-22
5.519094735770878748e-22
4.754912748398984976e-22
5.449795529724435261e-22
4.866491844574456962e-22
2.638402265303940998e-22
6.829383101991667766e-22
2.925854206878254991e-22
3.665186031506899561e-22
4.772536750199701557e-22
4.235008566161637533e-22
4.828009572080787880e-22
1.750909770418309147e-23
5.255039925428453867e-22
1.602277701605593854e-22
2.710723595752362839e-22
1.642129106582710148e-22
2.213398067508781177e-22
-3.279290965414374770e-23
2.764247804569750859e-22
6.302848399346316052e-23
1.344809507024081286e-22
-4.948966311953533816e-23
2.248240132549165791e-22
5.306160678371028306e-23
-5.301702775995235650e-23
2.095464583590775157e-22
-3.536134626255312950e-23
9.025971997615373396e-23
-1.814892817586783434e-22
-7.404314516732818197e-24
-1.080643532809060007e-22
-2.879708323825507435e-23
1.178810813622236130e-22
-4.828773314681254224e-23
1.498703404582893224e-22
-1.107019158766444327e-22
-2.323768576360663890e-22
-8.076332727256858640e-23
-9.700212529829292352e-23
9.516993178403593578e-23
-3.071759809953659957e-22
-1.888027518535470974e-22
-1.651624919558389471e-22
-5.150865723769043838e-22
-2.247618350446507622e-22
-2.247633154014989589e-22
-1.997615737539820774e-22
-7.148344798003402872e-22
-2.828949920343785570e-22
-3.006963295296109476e-22
-3.854969965251881326e-22
-4.419038547011608796e-22
-5.575048455851998870e-22
-3.355721968928226878e-22
-4.074342559910646746e-22
-3.156371293093876605e-22
-2.965304264174583432e-22
-2.637013718732946619e-22
-3.639063558889297242e-22
-4.562688810606750446e-22
-3.253903477938743410e-22
-3.106929836524859270e-22
-5.268408869313205936e-22
-3.627149821289272618e-22
-5.420622789673798310e-22
-5.848202444591761380e-22
-4.321770034352081075e-22
-3.882459154100865844e-22
-2.124798683300789220e-22
-5.120637043750013860e-22
-3.133511144575346056e-22
-7.681079692247010738e-22
-2.725728059649000645e-22
-5.785390304121224380e-22
-3.132137200361697671e-22
-4.016525513536677258e-22
-7.102802796626828750e-22
-4.910540140743418212e-22
-3.257348228635112780e-22
-5.124409098253039885e-22
-3.557845338806642306e-22
-4.544868973309348599e-22
-4.291701919546298407e-22
-3.646481285246255071e-22
-3.817912199272794423e-22
-3.494526690393527942e-22
-2.837050676450791192e-22
-3.405926222830369346e-22
-2.310103711191302102e-22
-5.131095108740729617e-23
-2.076433857991359192e-22
-3.379264232524448799e-22
-1.929963785024832810e-22
-1.449328654718933439e-22
-2.023968172113840602e-22
-2.134325984492069705e-22
-1.707062412776740845e-22
-1.628460506249843589e-22
1.559134220761520291e-22
-1.112394633206089192e-22
-5.352447005227612880e-23
-9.455440577125946878e-23
7.853844072646248461e-23
-5.342169266235432383e-23
2.161340926012818215e-22
1.261454906418902403e-22
-1.164168340044098899e-22
5.038759397930472431e-23
1.744096379349020984e-22
1.458861531517978404e-22
1.024819740379510359e-22
7.948014078062710212e-23
2.183686568761671790e-22
3.636793153628824190e-22
5.257130981757908993e-22
2.191772432809083217e-22
2.983727274257244316e-22
5.162494643877612968e-22
2.557248796646946620e-22
2.027573090297258700e-22
4.876054716195342964e-22
1.412497487196763451e-22
1.811696317039855946e-22
1.339376737918017547e-22
2.826120815332499007e-22
4.331756499683200936e-22
4.875295603000021337e-22
4.142857193193420614e-22
3.381189221397670880e-22
4.040782610719312653e-22
5.552912910246271759e-22
2.947518272412908082e-22
2.772500526695387633e-22
4.584347486906586248e-22
4.112290848963072463e-22
6.369122106852034035e-22
4.374881989183349757e-22
4.402235068684674421e-22
2.414600843807133776e-22
5.571546674619095032e-22
6.621730771610090420e-22
6.144870186807302650e-22
3.591875635702941278e-22
5.670595962820383549e-22
5.857909938563104449e-22
3.490183134303571250e-22
2.336656979984469931e-22
3.244925013343815013e-22
6.401300091931541963e-22
2.697551479665372155e-22
3.542451710520815072e-22
5.070303062201429294e-22
4.209033619260431750e-22
3.270011920428978111e-22
2.788790841298962544e-22
4.745350712209336897e-22
5.138927381470471007e-22
3.218615804150330690e-22
3.708016724152055225e-22
1.962362292494230176e-22
3.446300580812960136e-22
3.305758129304490929e-22
1.565122247844745272e-22
1.829794695868319207e-22
2.515288654564173835e-22
2.002171077370028056e-22
1.486822950039673219e-22
-1.797913466862505165e-22
2.078494384601254639e-22
7.190298668149034184e-23
7.274180041935866313e-23
1.447858658404520650e-22
-9.266032759541436914e-23
1.143811957313850502e-22
-6.089981032554826615e-23
5.793943789729528062e-23
-4.442427344884796020e-23
-7.275693802693588091e-23
3.218267384958089128e-23
3.892595296358561433e-23
-2.643949223427295979e-22
-8.034286062399263260e-23
-7.939787618713130113e-23
-2.018001417781448701e-22
-5.512568309406577393e-23
-4.202259704659225640e-22
-2.303374747238161144e-22
-4.447659299383351175e-22
-3.343018613933029413e-22
-1.336683959034125702e-22
-3.614348911768978198e-22
-1.730373026035448820e-22
-1.394165265204712673e-22
-4.322412533098551346e-22
-2.549338878711209414e-22
-3.020000333183678209e-22
-5.505887257108422508e-22
-5.722134706942205684e-22
-4.263625684952554941e-22
-3.228662670585452439e-22
-4.481329977818978654e-22
-2.879028791287997476e-22
-2.798050583451020424e-22
-4.137116597705198621e-22
-4.033561215313925530e-22
-6.633744847347268572e-22
-5.008489020657869697e-22
-5.221293585171204048e-22
-2.102299931327422155e-22
-4.599420520237489865e-22
-4.895362094288201919e-22
-6.108483471646030043e-22
-3.780529598104112162e-22
-6.482060947936600013e-22
-5.605311827410745870e-22
-4.378702218356159152e-22
-7.161870183556292887e-22
-3.794594623523477023e-22
-4.381281615390492145e-22
-3.345389417350724223e-22
-4.531368214821402526e-22
-3.604967083365045468e-22
-3.016384295907133552e-22
-2.192275876784207450e-22
-5.219165237244942589e-22
-4.143319146736020377e-22
-1.835055936090385847e-22
-2.289158871323881492e-22
-5.021668380111600253e-22
-4.906363783994554439e-22
-3.463386041254179421e-22
-1.732234135379188932e-22
-2.503771009799255990e-22
-2.206190414643220123e-22
-1.394097233530107980e-22
-4.795894342101544085e-23
-2.788954181068787860e-22
-2.040579443762770776e-22
-1.790588862288019957e-22
6.519904886840306064e-23
-8.859177737052464444e-23
-1.550574274979750757e-22
-1.301865718791957457e-22
6.878964290291343502e-23
-1.247168173732758336e-23
2.447486346603939167e-23
5.998914383238300998e-23
-1.623129649430326915e-22
-1.937888911640714181e-23
2.222119606662848300e-23
-4.603283223909073857e-23
-1.640217813914677220e-22
2.798627691436983467e-22
1.943181613715506699e-22
5.005439224634699088e-23
3.338548086796806905e-22
2.445503898255876467e-22
4.168424504825130143e-22
8.237024636869334532e-23
3.805478266939773341e-22
2.239508830855236085e-22
4.884451054243929264e-22
2.944443915538076941e-22
4.172577280479865391e-22
1.971282980116717542e-22
3.043608502420319078e-22
3.212714737216484695e-22
6.252725505385196542e-22
6.278628955403282394e-22
2.366534757723357538e-22
5.169551213819052875e-22
5.106155794353166830e-22
6.802988087191360965e-22
3.017465674473728674e-22
3.428179629574697149e-22
3.863303058679715708e-22
5.308970889376015760e-22
5.634369199964722140e-22
4.668492555377498343e-22
6.555423809857453234e-22
3.790418041478191888e-22
5.956297521454774981e-22
4.993154793805625345e-22
1.444834823667386507e-22
6.264616780857730393e-22
5.194383635375643991e-22
6.547461605574479312e-22
1.924951198707775297e-22
4.068531340660599611e-22
5.181802694571933323e-22
4.248762866958648494e-22
3.152813732530777353e-22
3.350916704045344505e-22
3.011844223642935433e-22
3.064023190319323897e-22
3.575599500081983356e-22
6.323154516637612762e-22
2.207782643588925453e-22
6.638950974240728921e-23
3.281397889919760783e-22
4.722413901391749103e-22
1.899153275955583018e-22
4.298161071930263664e-22
2.014271009429379457e-22
1.820941827814474262e-22
1.022746479938488344e-22
2.522360735524046344e-22
1.256133641306154473e-22
1.341329677741016728e-23
1.871781173901884771e-22
2.357817475931971616e-22
-2.150623965521867535e-22
1.139799601131352151e-22
-1.576813093092754189e-22
8.189564737643184349e-23
-1.739938445250358526e-23
-9.463820504616866588e-23
-1.718397717000738636e-22
-1.475792012644915874e-22
-1.345075510717729481e-22
2.645140273018006996e-23
-1.154907658830654996e-22
-2.769904509564858724e-22
6.864679182697264134e-23
-1.740550759236521408e-23
-2.598488859467298703e-22
-1.204104585881808559e-22
-1.100041580517683238e-22
-2.599073080877804025e-22
-1.485841039935136444e-22
-4.057387759412713238e-22
-4.447583746088050471e-23
-4.355553005534459542e-22
-2.572514605848609010e-22
-3.334701046663790806e-22
-3.627161378144631960e-22
-1.331105062369097284e-22
-4.148089494110374544e-22
-5.844724696849050762e-22
-3.610303231001783060e-22
-5.050179367419137944e-22
-5.309057051598488640e-22
-4.019305151832374203e-22
-6.565455748115402934e-22
-5.629812041028018799e-22
-5.706455249295216993e-22
-5.191413078663632473e-22
-4.970448613546948158e-22
-6.834134284006768171e-22
-5.527108828608515576e-22
-3.727925748256487054e-22
-5.415540044077488497e-22
-4.837286043229514703e-22
-4.851871759124383769e-22
-3.849893886646161616e-22
-4.146155893214019919e-22
-6.767618899617624292e-22
-3.635166912862793745e-22
-4.109208245179896018e-22
-4.731284340100918746e-22
-4.138928962110221137e-22
-3.849126202796410406e-22
-4.770734082835040721e-22
-2.011438704246282131e-22
-3.852539649020801434e-22
-3.905328720366518931e-22
-3.558698000090143642e-22
-1.236897243192967788e-22
-5.364465763214908946e-22
-3.336716392650932292e-22
-3.972181242665522285e-22
-3.804530474816711103e-22
-7.294591248659012627e-23
-4.393612062234951953e-22
-3.816852545819737721e-22
-1.149019107462705337e-22
-1.943199355485063988e-22
4.723830264225074228e-23
-6.937580805864657096e-23
5.200543859017605189e-23
5.991986519710131384e-25
-4.715078770908249185e-23
1.075346629554827320e-22
1.481646879173949554e-22
1.965879463689066472e-22
4.498465473367630572e-23
2.892032675681778089e-22
1.642109795227422183e-22
-1.772957322663849726e-23
9.459264432003656482e-23
3.359857009140215184e-23
1.439316950554328928e-22
1.735132568609830338e-22
3.332295759316090401e-22
1.757822850151887463e-22
4.492124623950576537e-22
2.856391755097644308e-22
5.477993741732855063e-22
1.863984418331125433e-22
2.727423383326786967e-22
2.006571574234471902e-22
3.073157243441120103e-22
4.030998997410353897e-22
3.870250361255073144e-22
5.028499471497999821e-22
3.684503798911608170e-22
4.081256116882161395e-22
3.052969396195872505e-22
3.634217731263309209e-22
4.990922092486493282e-22
3.585707460453123336e-22
7.399790475488324333e-22
5.798969879026063166e-22
6.460141790837076011e-22
2.628839594831864849e-22
6.502833666266747291e-22
3.056547667477081571e-22
3.454689354704500949e-22
2.583232609816200848e-22
5.251367984468713484e-22
5.919354878987900340e-22
2.973908877492034271e-22
4.190843445424362533e-22
5.331199935110431562e-22
4.909830160658670617e-22
7.117157847956217124e-22
5.284290232374017386e-22
2.975114358737857471e-22
2.867161513037722447e-22
3.739552389126901418e-22
3.883008981866909420e-22
3.320002360413682229e-22
2.813135302100689806e-22
2.329970824823176904e-22
2.574892438772044373e-22
2.165076584390793430e-22
3.114613926848840342e-22
2.517621119469519483e-22
4.743504188331425618e-22
1.131585656524295015e-22
2.963633606209782086e-22
2.373143941424537012e-23
2.453026629042657078e-22
6.106971739808911607e-23
2.225126745859078674e-22
2.777343942666298309e-22
9.126513568012164985e-23
9.268300670693650406e-23
-6.422600454965627592e-25
1.727762319919171903e-22
1.581707811243506984e-22
8.454121373009779921e-23
2.581536254614497327e-23
5.737333928801023169e-23
-3.013771719413162254e-22
-1.487769797733077619e-22
-1.810025588926000283e-22
-4.847889898118709232e-23
-6.123197323951318903e-23
-3.619111220696901800e-22
-4.121905642786215230e-23
-2.780913395127984184e-22
-2.952194114336933958e-22
-2.873166146653331027e-22
-4.619032791112139377e-22
-2.525481787956314265e-22
-1.859782935582497628e-22
-4.976719968673212643e-22
-5.626123608458341473e-22
-3.382067694964852142e-22
-4.416075993961709787e-22
-5.302530853518940042e-22
-3.991172379108323003e-22
-4.073931898149839647e-22
-5.390144035662356697e-22
-3.970384786156827226e-22
-6.045675020306549227e-22
-4.723461466797110769e-22
-4.530656541951251761e-22
-6.704681472183351126e-22
-4.569763763198893420e-22
-5.553601751469016106e-22
-4.349889470309516171e-22
-4.763125441177513897e-22
-4.791522675436677285e-22
-5.338024587440042422e-22
-2.159638671519562904e-22
-7.575604288842597463e-22
-4.460273134426431351e-22
-4.954000075263490035e-22
-6.020153921186811244e-22
-3.424459948050845036e-22
-4.064559048343838644e-22
-5.394684193872729296e-22
-4.211692883981859074e-22
-4.246787392703859782e-22
-3.734226806383032210e-22
-2.387605576313694108e-22
-3.849996071087570532e-22
-2.339220326531945963e-22
-3.452898931201083525e-22
-3.097601069627567449e-22
-3.911624956809278218e-22
-1.998828586301566602e-22
-4.585815011975547887e-22
-2.581395952977142452e-22
-1.001029974621626891e-22
-1.800468488126077850e-22
-1.273909438894104900e-22
-2.771684297497708717e-22
-2.316772321728346211e-23
-1.853457028376244840e-22
1.341766254274254833e-23
-6.710529007364557136e-23
-1.954937025148561063e-22
4.819630294764585250e-23
-1.042387878222072281e-22
-5.646951985753892151e-23
3.153880606546181004e-22
4.217680512894140947e-23
2.940537870232395328e-22
2.801796185042930278e-22
2.875365484516108157e-22
7.217119068372415909e-23
1.977969547632054269e-22
3.461340215038049961e-22
2.297663406155374720e-22
4.301770209615849071e-22
3.315639092474771228e-22
1.606116617670478963e-22
5.443304239035376397e-22
4.765068658648077318e-22
4.991654644920493709e-22
4.416022036858943231e-22
3.372504202644299592e-22
3.971580236851248293e-22
5.298525153134104360e-22
3.894593883481924459e-22
2.590158554498662915e-22
3.514053680009506938e-22
3.886577944854733258e-22
2.347661702223618015e-22
7.764002544254859879e-22
3.815488602857229777e-22
2.540822907080745689e-22
4.613358830199078396e-22
6.184799537501440957e-22
2.426841886633085306e-22
6.117295607291775275e-22
3.587605625052786862e-22
6.646896880104465362e-22
4.598619450062478258e-22
2.888501894555054033e-22
5.474319852972012679e-22
2.738361192250134323e-22
4.307231975653199739e-22
4.896952749954377885e-22
4.767536797080063525e-22
4.291967330276473162e-22
3.774170202075440528e-22
4.229321403971439075e-22
2.384261865605504168e-22
2.254577202614335693e-22
5.092650238997618683e-22
3.431504204797154462e-22
3.903516686547521832e-22
4.590986911873759475e-22
4.050538214532656801e-22
5.110220451471231129e-22
1.221196974432066147e-22
3.459744720007829303e-22
1.934478194226388517e-23
2.156514447951909262e-22
1.244885192485195497e-22
1.100589420282773720e-22
6.273197770042712365e-23
2.018734271361599860e-22
-5.272823112116524972e-25
1.269827079166158263e-22
-3.709448852095379735e-23
-3.893953102818830208e-23
9.275340937574252581e-23
-1.057795280467115124e-22
2.751804183127413907e-24
-6.402491452695772543e-23
8.257612221103959555e-23
-7.841111418475181574e-23
-1.293815946976111274e-22
-1.462559301052457607e-22
-1.903506053357716397e-22
-2.962627143726277695e-22
-2.705125254182165716e-22
-2.153257404188068079e-22
-5.155765788576646774e-22
-4.015897475496493137e-22
-3.222957025716692322e-22
-3.691974158230999345e-22
-6.599963886730589499e-22
-4.793703250219541892e-22
-5.993111030213755409e-22
-3.671981962807227493e-22
-2.950219311463431286e-22
-6.173968641168693197e-22
-7.592309816510859759e-22
-4.946416170453406252e-22
-3.325859234670063822e-22
-4.944327857336654525e-22
-3.759789219085246085e-22
-5.038135804897339855e-22
-4.299509874080401989e-22
-7.561416692634004459e-22
-4.930116733860583391e-22
-4.626966222270048389e-22
-3.006453588788537727e-22
-5.835742104427895488e-22
-6.224543119190852999e-22
-4.993956854861646776e-22
-4.459935972560395264e-22
-2.874850315065450345e-22
-5.200967341068326792e-22
-6.174502816572878253e-22
-2.320758791494806888e-22
-3.990020339321957105e-22
-3.669526724440825878e-22
-4.811516723302215848e-22
-2.178029581830745774e-22
-4.317249341043172556e-22
-3.270410661131542005e-22
-4.054578664646280714e-22
-4.518966645591824411e-22
-5.231212139911427352e-22
-3.066140186749656160e-22
-2.380821745739826670e-22
-4.538825960993043153e-22
-3.677789801575362007e-22
-3.841639941058332760e-24
-3.165741391578545528e-22
3.491684712227612894e-23
3.169061472214206355e-23
1.004505690916140134e-23
5.392714814299959067e-23
1.705127194012404574e-22
-3.660169270248550394e-23
-1.053236446442769372e-22
1.869024306170892521e-22
4.400532682083235525e-23
-2.363577939924752268e-23
3.886629954528302597e-22
2.340840717208637684e-22
5.504169740134890143e-23
2.280938227060079904e-22
1.945502039609035577e-22
3.933732597016885989e-22
2.418798988357929356e-22
3.058069322513354621e-22
2.489414115075134249e-22
3.233901890396795942e-22
1.961765791895183267e-22
4.909781297722720418e-22
5.331887801115670628e-22
3.116655572603379882e-22
6.070019815751724254e-22
4.104612418134276363e-22
4.947285878195545593e-22
3.807328387447399508e-22
6.595350238240976982e-22
4.519258519608170948e-22
4.899059249180769310e-22
5.542782940644354387e-22
4.612701848398073050e-22
3.517897495535882591e-22
5.555157265487525626e-22
4.883611787097620406e-22
4.922263281219973230e-22
6.354328948459182577e-22
5.658777389304404701e-22
5.296233135822650986e-22
3.663914419375134486e-22
4.649768423955973940e-22
5.157513216602463682e-22
4.685611485151529005e-22
3.794650573327623364e-22
6.009898123114963110e-22
4.717229927938172378e-22
2.611085912182337160e-22
4.199067970547772655e-22
2.034747679828547678e-22
1.157855242046482810e-22
2.851502722342100161e-22
7.537836891599050640e-23
5.155696729708219131e-22
1.344526203438872363e-22
4.082710899822816258e-22
2.618543549420988706e-22
3.428000577093288977e-22
1.243582581762507458e-22
2.631850234690152498e-22
5.391271292591923790e-23
1.470645398738399997e-22
1.216871440046708873e-22
-1.311792102373306870e-22
2.070621662483581496e-22
4.229962975834724261e-23
1.803837123418026696e-22
-5.281134493787770695e-23
1.065632667598395294e-22
-1.812546140319417382e-22
-1.012192737431040360e-23
5.819560606109704778e-23
2.160284987952670056e-23
-2.943719699452778176e-22
-1.747881731408117469e-22
-1.549669981112923227e-22
2.877062345932486622e-23
-3.855882071371276083e-22
-1.303051594058184688e-22
-2.144832778502391971e-22
-2.159728495037981951e-22
-2.391814872148502949e-22
-1.221721489665891204e-22
-4.015344917325517425e-22
-5.541358934627672294e-22
-3.255150929358211130e-22
-5.114753510737350054e-22
-5.675329116951643869e-22
-5.189769526179832507e-22
-4.522058849470484731e-22
-4.053472473871583719e-22
-6.904009881118995359e-22
-5.553592315900055385e-22
-7.154838276859630366e-22
-4.493504880547012888e-22
-7.593422793940896249e-22
-4.473519001078281103e-22
-6.876612241726804287e-22
-6.801238725420364976e-22
-6.128032747807023938e-22
-4.977518624478470583e-22
-5.643711711514787834e-22
-6.616876448317300259e-22
-4.947739057608346812e-22
-3.729493098002876226e-22
-4.018542238611978046e-22
-6.006183612469080142e-22
-5.501501811468996824e-22
-5.778694676615492569e-22
-3.201270511380777616e-22
-4.495831884215985417e-22
-2.651568255266532164e-22
-5.246467072110381047e-22
-2.395092029970996340e-22
-5.564894260231607155e-22
-2.383569159022910406e-22
-2.007954074937142348e-22
-2.242146314951919718e-22
-4.155228081152200040e-23
-1.583044999263953192e-22
-8.434420254860455420e-23
2.706599355708619201e-24
-1.149611135602366439e-23
-4.009771465079631626e-23
1.011010756734588789e-22
-5.373962594984243013e-23
6.031878838025214539e-23
1.853053129118732819e-23
3.401096445832010775e-24
2.115163803365639867e-23
2.495654116569095128e-22
9.831448950239483495e-23
2.438553792062154692e-22
2.092866683362612133e-22
1.566810492628743131e-22
7.975642164250931417e-23
-1.559166942081762744e-24
3.407655058182357257e-22
4.039329229660010374e-22
1.898553914606170439e-22
3.533437173437073488e-22
3.825588003984998922e-22
4.438374417817432606e-22
4.692964361461869852e-22
5.263920184456755286e-22
2.346638586094169177e-22
6.481758795568472726e-22
5.312226795648047473e-22
7.412047035188671024e-22
2.826223099043900388e-22
3.438419017005843182e-22
6.943342590556793599e-22
4.931826226526252415e-22
5.928653766863338635e-22
6.985586722720637064e-22
5.263379432150729295e-22
3.860412073478613455e-22
4.822800041741282650e-22
6.576736327029022222e-22
5.697108612182999893e-22
6.323698657664504763e-22
6.370702364117469060e-22
2.643675609202530132e-22
4.090558630597608164e-22
5.550869917379887935e-22
5.847347813202590491e-22
2.104387523465723486e-22
3.843013032531052411e-22
3.453645268836263683e-22
3.820163733394926616e-22
6.081521180611694079e-22
2.905796481380206500e-22
3.675305405567429160e-22
1.676792785914743252e-22
5.711748616741914053e-22
-4.246187511481800963e-23
2.688087983528312668e-22
2.671565291074540976e-22
4.992497427155992828e-23
4.084354465524258387e-23
2.408349878272807483e-22
-2.290055733863090605e-23
1.947409982860811197e-22
-9.967279537968811753e-23
1.485650389708481729e-22
-2.979603839828614504e-22
-2.925623420558257381e-24
-2.930830353096736132e-22
-4.326824340876015420e-23
3.335925893148320045e-23
-2.733509897209869510e-22
-2.618367053443912956e-22
-2.289110782647512899e-22
-2.085588569185823481e-22
-3.533923320245985146e-22
-4.176146709458684633e-22
-1.941429171313764763e-22
-2.330784365124542916e-22
-2.743057680350275790e-22
-1.584146602840366232e-22
-3.785904199595767956e-22
-6.908316511997394559e-22
-3.863609794373702493e-22
-5.255261958336024756e-22
-3.129085364214859528e-22
-5.402858235609280906e-22
-3.828801319304926651e-22
-4.178411570465910504e-22
-3.458122564891578068e-22
-3.711638286128954269e-22
-6.169821166921990823e-22
-7.933257555734147377e-22
-3.609937073788512268e-22
-6.479420379966812124e-22
-4.014704252260113046e-22
-5.450446592725620374e-22
-4.711929351359653774e-22
-4.502961391643765093e-22
-3.868923060623777905e-22
-6.455226403858600520e-22
-6.142980733711476198e-22
-3.991897199325247924e-22
-3.841049316355907154e-22
-4.488665580586493093e-22
-5.235995153075020846e-22
-4.681231804284626771e-22
-4.539362727409449906e-22
-2.778260153738669382e-22
-2.190627945400321056e-22
-2.448432536892607775e-22
-6.847205966851765036e-22
-7.111509210340445426e-23
-3.017724024240523454e-22
-1.140686574563607974e-22
-3.676686749975424333e-22
-1.833152539720520801e-22
-2.472900838482882129e-22
-2.768394628248591009e-22
-2.250282804726961407e-22
-1.390791269384057901e-22
-1.408285944688245779e-23
-1.151234374211654283e-22
-1.133340158788316923e-22
2.046498087233631131e-23
-4.305786548944847620e-24
2.748948642817563637e-23
-8.183732796509844689e-23
1.262535584115211010e-23
1.640060254526309216e-22
2.226002315571914790e-22
3.270034367864362780e-22
3.187847791846331387e-22
1.920588607758313514e-22
3.663929090679521762e-22
4.802207745754268375e-22
3.947285612870277659e-22
5.168614918494228757e-22
2.372413104050236918e-22
8.000504504618631677e-22
3.094313944498759687e-22
4.857914862122139562e-22
6.626423507467080550e-22
4.647032989926824062e-22
7.169077289501241615e-22
7.674446988230756638e-22
7.530568816960085921e-22
4.830544060954108961e-22
5.816693249771108786e-22
9.658546100011760102e-22
3.925104505537093297e-22
6.044031640241635995e-22
6.743707664781078856e-22
6.310810309289551991e-22
6.110329762241654737e-22
6.749655900020893667e-22
5.288178368920461128e-22
5.078524847554582039e-22
6.126664292289936648e-22
4.853932733153817342e-22
4.427737951541259632e-22
3.344727557843158238e-22
3.510982749636932703e-22
5.236395208120774860e-22
3.902528557438984266e-22
3.646055926118282537e-22
3.081065229002930943e-22
2.584920715024188496e-22
1.699119487592349437e-22
7.071690154851009043e-23
5.600891079073658421e-23
-6.476872282249592658e-23
5.914960568899252635e-23
1.605170867595047366e-22
3.637586789319324327e-23
2.985266906713950854e-23
-7.222597577604290211e-23
-1.645470736358784070e-22
-2.319949738473416670e-22
-6.313011253717819501e-23
-3.492326221118892937e-23
1.842301551373057163e-23
-2.785115188753979621e-22
-3.037930072336267425e-22
-1.960466944104493340e-22
1.055717044710876281e-23
-5.743994475610083402e-22
-2.730035963613309761e-22
-3.203963292645907864e-22
-2.825636025445184487e-22
-2.568005165295654929e-22
-4.512951755916034580e-22
-3.661343818664070678e-22
-2.496861350022096957e-22
-4.099421231352949127e-22
-5.241086729154790586e-22
-2.057752860046078564e-22
-5.029760103035394961e-22
-5.211548003522052475e-22
-4.928339954567472635e-22
-5.954855015600893794e-22
-5.420361954742196514e-22
-5.423836034850404843e-22
-5.433339799584128416e-22
-3.974178365800501699e-22
-4.770204277101537382e-22
-6.101040357628088161e-22
-6.187375805670156510e-22
-4.922597512190354204e-22
-4.688988564947868253e-22
-4.854828301715765440e-22
-6.302605042122314962e-22
-5.948633510639321801e-22
-3.253664716550750136e-22
-7.101970469417643547e-22
-3.372559440661371124e-22
-5.340331406803659640e-22
-3.206032307144387298e-22
-5.392793248490123382e-22
-3.531930072750295576e-22
-1.707207002628323932e-22
-6.618199061615891566e-22
-2.444126555377569949e-22
-2.415960592374420261e-22
-2.172744271595086502e-22
-6.842179575039082852e-24
-4.152745613729219325e-22
-5.416431360102816570e-23
-2.149288495421259988e-22
-1.901163899242946958e-22
-1.466185703715003060e-22
1.519704588617363943e-22
1.581390422407781702e-22
-2.330269973559574789e-23
2.529442928367585161e-22
2.967279045001204311e-22
3.552596106595941561e-22
-1.199089606705288572e-23
2.685811094673598859e-22
4.330602047300666778e-22
1.140463555420067479e-22
3.848283332440393872e-22
5.047725818633724971e-22
4.812930588318283114e-22
4.952056144140793189e-22
3.406666643519011784e-22
4.899128476488500226e-22
5.243038584605449528e-22
1.885182827067139130e-22
5.671260082156757233e-22
6.221279406692217082e-22
5.652724826912294725e-22
3.156646661346599295e-22
5.183967952145530925e-22
5.393799289314578853e-22
6.649838943919874416e-22
7.249199942898289544e-22
7.725267215825730213e-22
3.271963860821266975e-22
6.912386223129880238e-22
4.320544563741221454e-22
4.528884256749316629e-22
3.908250053288221821e-22
5.708247080755097443e-22
4.868030223240801747e-22
3.571683936820122860e-22
4.113379290583233562e-22
6.468251359178611483e-22
6.454091519245184963e-22
3.454758337686174443e-22
5.069216500181441037e-22
3.536869678598834336e-22
4.062196808239997230e-22
3.292575990164978595e-22
1.697404638304681062e-22
4.569169434048562252e-22
6.464522592750185875e-23
9.255215868841536498e-23
1.203822876816265729e-22
1.284805527329612995e-22
1.551970714276476598e-22
1.493702346027969773e-23
-2.024422657003998699e-22
4.164574550274256388e-23
-1.113814828188107648e-22
-7.723021808057817968e-24
-6.570941232547632744e-23
1.246980205653073793e-22
-1.168251122687474573e-22
-5.703851140208649234e-23
-3.670242569964583728e-22
-5.291405991918182138e-23
-5.688579982505270495e-22
-2.757018946241502999e-22
-4.579323226241549714e-22
-2.425464816723469939e-22
-6.373481679763052473e-22
-3.754513783876528955e-22
-6.621462626696672441e-22
-3.666691011682057523e-22
-4.363332717568463220e-22
-5.624792806075805750e-22
-5.725736863600583436e-22
-5.499609553414987447e-22
-7.461156973817425852e-22
-5.649198115183274845e-22
-7.459546625887809750e-22
-5.346843171393105646e-22
-6.130238451339545053e-22
-6.765541513605293182e-22
-5.997727469980853253e-22
-5.110252751569463823e-22
-5.878281476798456282e-22
-5.056643541528861436e-22
-7.701132795598682173e-22
-5.592484509976467686e-22
-4.514827162002342756e-22
-3.700264455833990462e-22
-6.813810780147567358e-22
-6.528593116476873582e-22
-5.206414467045805896e-22
-3.534155081337850607e-22
-3.628403918218763739e-22
-4.326427122503108414e-22
-3.127827487122159718e-22
-2.713349809520960823e-22
-1.023069821499507414e-22
-3.002487877085581061e-22
-5.917486666158482400e-23
-4.024878874675224968e-23
6.740450351229477494e-23
1.274362662589045263e-22
-9.867889534002469511e-23
-3.803533858544845584e-24
-4.889252195414269559e-23
-3.856741071864987571e-23
2.841062876978313003e-22
1.494011815256276943e-22
4.463984240045764620e-22
2.153223739881091568e-22
5.234036545839768922e-22
2.394941081743496047e-22
5.109778545109368136e-22
4.265796102158945410e-22
2.688252491625072341e-22
4.533787086204832980e-22
4.833868614756720909e-22
5.648704995974062025e-22
2.951168171775210586e-22
5.905724915806667368e-22
5.996350975225767375e-22
6.010433239365355676e-22
6.978598581281712099e-22
4.145251698425888664e-22
6.092122838948691668e-22
7.932867473398361695e-22
8.390274400528105372e-22
6.575195874177290323e-22
9.766451867099559852e-22
7.473590394047627452e-22
5.399370071850068488e-22
4.312199782190739553e-22
6.588741197729389495e-22
5.643492988926376979e-22
3.561572458518595973e-22
3.663549784629126772e-22
4.330191339888195091e-22
5.207436055130339610e-22
2.884037500447073933e-22
2.253042840677992312e-22
3.676107892716963082e-22
4.479648660038641574e-22
2.382563212567319624e-22
3.453418177503018684e-22
7.550956925484562228e-23
1.645942814160906222e-22
-8.467868962832210261e-23
1.527381627384345597e-22
3.828871431980642296e-22
-6.168286989505277090e-23
-1.588677792909682997e-22
-1.853956561190395194e-22
-1.119445149763155179e-22
-2.474015908273071050e-22
-1.920445621025891423e-22
-1.107655782706717589e-22
-2.855285755123675859e-22
-4.297041677834730701e-22
-2.955894133582636834e-22
-3.731122242577443742e-22
-4.723207402743817503e-22
-2.471541270895648174e-22
-4.980571210158386411e-22
-5.861450387902460294e-22
-3.455935044396592007e-22
-6.090830210389336322e-22
-3.997166619943912800e-22
-5.819217119295949199e-22
-3.739146065325697682e-22
-4.462716382956973890e-22
-7.028320263254309969e-22
-5.851012419095226383e-22
-6.880387113371224131e-22
-5.564746688124637336e-22
-4.658182972130641325e-22
-5.035758975034941503e-22
-5.424307047102477366e-22
-5.621837680603388789e-22
-5.531836853052831390e-22
-7.593591063407330352e-22
-5.081354605089116307e-22
-5.749159718346753245e-22
-5.254382572679700796e-22
-5.703867158385759382e-22
-2.790042451583063554e-22
-5.819473046223805070e-22
-3.593978383258717644e-22
-4.529583873449976857e-22
-2.984663784948984162e-22
-2.623524516881651642e-22
-2.112253300893217284e-22
-4.561780312723669519e-22
5.474903464079561549e-23
-6.011200832022674787e-23
-2.052406064037715057e-22
-1.197178185325908312e-22
7.096185883316877714e-23
-1.279285992910398664e-22
2.376440398399930224e-22
2.428918902796436174e-22
2.023691658391698715e-22
3.137776506138121673e-22
1.186760739799029103e-22
2.829366269514501540e-22
1.989208778676699350e-22
4.931879341784374148e-22
4.005737704778739175e-22
4.663417445878994690e-22
4.294661923980753345e-22
5.295537039416727506e-22
3.546890285112971357e-22
6.971270520737607068e-22
6.457903832648857411e-22
5.309706087185051472e-22
6.750057634852031249e-22
4.872527508798232592e-22
6.594802353715309166e-22
8.079050243164413059e-22
4.892154965943425239e-22
4.427473809752978480e-22
6.632967756959128425e-22
6.832927986823694881e-22
9.255333794014947448e-22
6.002644945330319313e-22
5.933776912160986585e-22
5.820743016986659925e-22
5.690752937763564550e-22
5.498583232886591620e-22
5.754404671713777503e-22
4.413943412726621443e-22
3.895055441222533955e-22
5.761293544478217410e-22
2.169038096411006465e-22
3.350858068773402142e-22
1.847959922327142361e-22
-1.497673705968482300e-23
1.310370018627563229e-22
-1.346194645613984627e-22
2.301340784749412827e-22
2.764801890049562649e-22
3.816295317931783905e-23
9.127302974356775288e-23
-2.211806933408876090e-22
-6.102427645818707104e-23
-2.067017479102293120e-22
-1.984211886774885519e-22
-4.270097490314247370e-23
-3.866161012201952122e-22
-5.159258548979431157e-22
-5.087222824043938231e-22
-5.766470080303495905e-22
-6.486064058575099163e-22
-5.096591882930774328e-22
-7.040220176348355261e-22
-6.477298986517589642e-22
-7.373935951586112679e-22
-8.121286345009804687e-22
-7.621748378696275667e-22
-6.014515941796415422e-22
-5.924866875656449513e-22
-6.562866724557201894e-22
-5.318511959959943172e-22
-7.124329127961810633e-22
-6.796231664546043428e-22
-7.564881330276526088e-22
-7.030420700951983748e-22
-6.804601692188112073e-22
-6.595037289740582126e-22
-3.831466792770658410e-22
-4.666252286815364593e-22
-4.767246757763370835e-22
-5.192869206027871490e-22
-4.032064877343233846e-22
-4.500518761987384931e-22
-3.635209214838128907e-22
-2.705547432367086412e-22
5.337924204062282456e-24
-3.118969681940289476e-22
-2.825830006505942937e-23
-9.164476678919392869e-23
-4.195161597954004834e-23
4.097583351283993613e-23
1.350512036883736725e-22
7.390323743279632091e-23
1.929808474039806427e-22
2.781098374803171364e-23
3.797228638400655332e-22
1.869116481328634760e-22
5.317534670427901372e-22
5.460059927169924522e-22
4.097069587455460885e-22
4.811572468884362946e-22
8.767900874845410122e-22
4.240015454818056490e-22
5.955052827342077430e-22
4.631277180309327430e-22
7.359501688684966011e-22
9.803278562984214419e-22
7.392411223702092651e-22
4.989141647822063271e-22
9.861640922318660620e-22
5.168358356101786353e-22
1.043481083601782051e-21
6.101952761650726384e-22
4.739074110183338418e-22
9.101311010433916586e-22
4.841064223627353973e-22
4.188692424808859694e-22
6.097310429034030586e-22
4.383594078865958527e-22
4.344393073258679877e-22
5.286918387131254589e-22
2.008809962709486155e-22
2.158613109993013506e-22
2.902340482500003705e-22
2.054218888334359158e-22
2.675215107103271963e-22
5.030623531139434052e-23
-2.502980206885371821e-22
2.368225949659591214e-22
4.624170071701041127e-23
-1.432627199379677607e-22
-1.725206185719274522e-22
-2.536832346418484456e-24
-1.636322056193039165e-22
-4.756854465130441693e-22
-4.840483175719679055e-22
-2.413925456630078795e-23
-6.058834786681726790e-22
-4.424817901969540556e-22
-6.887164800911943085e-22
-6.168601497104209554e-22
-6.412320996001936799e-22
-6.634181953381493843e-22
-7.664767784521380851e-22
-5.705320103587815979e-22
-6.426102247975422828e-22
-7.117581225599569748e-22
-8.138049851419358458e-22
-7.588026598470814805e-22
-8.535985393084084551e-22
-7.642182683671760357e-22
-5.315964129808271059e-22
-5.770873131410524181e-22
-6.285917318091438460e-22
-4.806416623260558322e-22
-4.822810448940459629e-22
-6.516794313197593843e-22
-6.430203869737209505e-22
-4.877473783788948229e-22
-2.827407378041881235e-22
-2.330932276550900233e-22
-4.333635350374044241e-22
-1.366073428191315315e-22
6.848971466747830069e-23
-3.164995132994377279e-22
2.901468800150322751e-23
2.393184314584250759e-22
-4.834432695107646519e-23
3.055195619089059352e-22
4.856912833015343259e-22
2.940492199764948242e-22
5.099384491487995948e-22
5.356907496141217502e-22
5.792455359393596616e-22
6.701763308810304663e-22
6.818763348384921478e-22
8.302020215897844376e-22
6.782169787614585285e-22
8.251328683011916172e-22
7.403528050986541490e-22
5.975304084720120929e-22
8.263173845160758097e-22
7.608603030812330063e-22
6.837300978770822295e-22
7.241422327204332559e-22
6.455157040229427328e-22
6.704183634954225705e-22
6.004016667379043778e-22
8.391121272910397679e-22
6.830844907910737244e-22
6.240966960123002428e-22
7.427673162335739992e-22
2.437179179049411781e-22
3.105617838276539431e-22
1.905821769570945759e-22
1.814491304591144538e-22
2.872742005433380675e-22
-7.160935837096880751e-23
-2.413600688792984031e-24
-1.347090532108792600e-23
-4.787473401482329889e-22
-1.694931462040586681e-22
-3.859117838080650080e-22
-4.511119477293544151e-22
-8.223979619410409430e-22
-7.409413948811003926e-22
-5.335136347835476521e-22
-7.056553512974712919e-22
-8.448248375012729289e-22
-7.954207779365613878e-22
-7.695917022032049004e-22
-6.562477376300891738e-22
-6.753232422754267170e-22
-1.024821892338329084e-21
-7.640390494908617972e-22
-8.566045133384327876e-22
-8.106540331962168626e-22
-1.061632116499322301e-21
-5.201630141317113124e-22
-6.968684940589380287e-22
-4.570029218584932472e-22
-5.182523990559030024e-22
-5.324591305031526979e-22
-5.228184906993551306e-22
-2.347109464411589451e-22
-1.384881036358709303e-22
-8.109971917499554836e-23
-1.188918448474398085e-23
2.722116807886751821e-22
4.223934111328610574e-22
-1.456731383291482222e-23
5.225036672977789848e-22
4.653695480355482996e-22
7.282724841025591832e-22
6.826222261883990071e-22
7.892685916327351384e-22
8.504479601799186805e-22
9.591544432000105843e-22
5.359898909073144197e-22
1.028457480835459231e-21
8.821776744830409930e-22
1.091120163423528944e-21
9.780618963501334418e-22
7.947969239884944671e-22
9.888480231621748538e-22
7.319519811516718182e-22
6.587303256159079665e-22
5.070530824927185363e-22
4.203679367793129022e-22
3.923067875339648187e-22
4.200734879714532355e-22
-8.561783150828793111e-23
8.951683966497698334e-23
-8.982409659805904399e-23
7.261436072280998014e-23
-1.251353966531240120e-22
-7.093208998485619216e-22
-2.689520007734608430e-22
-7.752791394723226902e-22
-7.945015433604861953e-22
-9.085168442780374620e-22
-1.030360965221758156e-21
-8.244154117507123053e-22
-1.160401775331093578e-21
-8.531519824873371080e-22
-1.437542214958426713e-21
-9.789229049762810808e-22
-9.069320573583299248e-22
-8.720510792628510024e-22
-6.390787265582426200e-22
-6.454216401783917137e-22
-3.416607013220795070e-22
-3.992343487010705114e-22
-2.043605285455816798e-22
1.055079680210744451e-22
1.349850968162298259e-23
4.272626267758625053e-22
6.594649166353000407e-22
8.527870451940527795e-22
8.106621324698062236e-22
9.665490797981497037e-22
1.228079982649209121e-21
9.575511063127668610e-22
1.214710245219833146e-21
1.120351632059994885e-21
9.225184943312035726e-22
1.133690608394084227e-21
9.194062191922449052e-22
7.343155866140998560e-22
5.220695224924058984e-22
1.424359411338111574e-22
-2.443371915581578689e-22
-5.123813566373249348e-22
-6.436532832738036572e-22
-1.059395623886680222e-21
-9.752776432984473422e-22
-1.276730915588498525e-21
-1.484012577516264411e-21
-9.801114694884557411e-22
-1.090648368180899834e-21
-1.084789099698838021e-21
-6.523650412765533118e-22
-3.003721345407408974e-22
2.350976515018327869e-22
1.697811564836593461e-22
5.436688532561459199e-22
9.547814741095628337e-22
7.447625140613406063e-22
1.093886262685534478e-21
1.222950538026413001e-21
7.115541358269085842e-22
7.576184270472212301e-22
5.879058946170811589e-22
7.860427815981952133e-23
8.384400638840258207e-23
-2.168932513094465742e-22
-4.415157806010284983e-22
-6.876249583742867457e-22
-7.558383959229350046e-22
-8.303143574636103578e-22
-7.091696108434540162e-22
-3.808740151037631546e-22
-3.412782787858033711e-22
6.843430145352562751e-24
-3.617711231953373619e-23
1.434979161559735998e-22
2.712197230617345272e-22
4.812308619188174019e-22
3.581812375771292992e-22
2.598907218324790829e-22
5.780199585723000512e-22
1.550221483386469603e-22
4.763941760824478324e-23
-3.920932267027502279e-23
6.947711910081203764e-23
-3.553146119585026843e-22
-7.825199538769502856e-23
-4.122936849765641258e-22
-1.617212492208063501e-22
3.164663284662039341e-23
-1.982124108184543860e-22
-1.318826168293462068e-23
-5.189463028213475783e-23
1.686799212673498117e-23
1.180613302060566370e-23
7.189190997000322637e-23
2.324425553712314972e-22
5.766431913066469787e-23
1.396152499074660433e-22
-5.597182074177574459e-23
1.813438934001151075e-22
1.583602416914660172e-22
-1.425037160987696396e-22
6.999245900448034486e-23
8.300536491262691755e-23
4.641698427960082368e-23
2.072686283882954659e-24
-1.722662711337478033e-22
-1.296672898566659352e-23
-5.470867674339225472e-23
-2.153442849678067099e-22
-1.241932235134046869e-22
-2.516147898110732840e-22
-2.050588685316281147e-23
1.684480435710568898e-23
1.181353475209003060e-22
5.852572606994904861e-23
-1.515251056451425227e-22
9.739167711862479092e-23
1.494887131185589506e-22
7.155386439647808863e-23
1.048064125171072176e-22
1.643125796328216002e-23
-5.155638907518122248e-23
-1.696039989648303838e-22
9.200876599683883830e-23
8.293638430911250238e-23
7.469142083258858517e-23
-1.827849723498726596e-22
1.644485360980352942e-22
8.641327168429836988e-23
7.739652642217834432e-23
8.220536827126392572e-23
1.359054460066505338e-22
8.770357958062366412e-23
-1.902475668765960387e-22
1.278270891631851558e-22
-2.024245071190324022e-22
-9.965710450048319961e-23
1.271238155439194890e-22
-2.594214501916784964e-22
-4.759081531277016474e-23
-1.556202171347446090e-22
1.179437503024552081e-23
-1.005104091887485530e-22
1.432246803834537195e-22
-2.830039514261460020e-23
2.345015206715975693e-23
-3.903278482390656447e-23
-4.016359530417418178e-23
4.626011828664573746e-24
3.020417465438507561e-23
-6.188765828583385091e-23
-6.443563158593638218e-23
5.172828422700022430e-23
1.099969431194434807e-22
-1.776592372695864910e-22
6.194838926913872925e-23
-1.307618989862158113e-23
-3.904562853958658806e-23
2.145983989720118973e-22
-3.317674565732648877e-23
1.748562435017429019e-22
-1.061303340521741089e-23
-1.175511393054000641e-22
1.731424656136787169e-22
1.784266915335247342e-22
-1.248718469481049545e-22
-7.650168972542110340e-23
1.872305474943571401e-22
8.423967664292861309e-23
-2.282565988010709865e-23
1.395072734750875275e-22
-4.765736278969949780e-23
2.707173451661388299e-24
-1.776673698713501404e-22
-1.691773339851117351e-22
1.582984570112176258e-23
-5.026939133720772937e-23
1.240067846530351628e-22
-6.265003625781176058e-23
-1.431929171571378544e-22
-4.995483727715314791e-23
-2.488567871011944852e-22
-6.915616197474067890e-24
1.861509340394703287e-22
-2.170231450417887898e-23
9.881941605470097977e-23
1.310457701609324704e-22
-1.085801160998618974e-22
-2.029865642016451521e-22
-8.793819625477878763e-23
1.311714924622131236e-23
-9.231373926041429608e-23
-9.391871402589545829e-23
7.496607497207744848e-24
3.724683468061734736e-22
-6.070620703822075508e-23
1.672335612577647737e-22
1.146558104208561607e-22
1.523949380110885204e-22
-7.289683338928489250e-24
7.239800005870923405e-23
-2.080787681108546160e-23
-4.619966811028349508e-23
-8.834299045537655076e-23
-6.203339456257242824e-24
1.840495208386926670e-22
-1.627681899154101017e-22
6.513954326003627564e-23
-3.351898480631442899e-22
4.194309685302493997e-23
-3.444010874620211489e-23
-9.238079817111369703e-23
2.792690363106077228e-22
4.201795239396310500e-23
1.006076880187103154e-22
9.444711505658086021e-24
2.914556466903938377e-24
-6.244973793030566358e-23
-9.852278287157222754e-23
1.340805639838083747e-22
-6.706682000942201581e-23
1.855726615492086305e-23
-3.745901326632078219e-23
-3.433203921431480395e-23
-1.474133197159970959e-22
-5.990720666457675078e-23
6.527369562422091260e-23
-2.037722768493403989e-22
2.783907259053235590e-23
-2.523230426671754504e-22
1.280810306049539942e-22
-5.531115930194848222e-23
-4.983836496608200011e-23
6.885839655832368956e-23
-3.384150805425832020e-23
9.707367627189077947e-23
2.182554333796137780e-22
1.157497410984337263e-22
2.286797121662840479e-22
-3.151978590190492799e-23
-3.733808161002608197e-24
1.043272829801604598e-22
-1.465191997622164274e-23
-8.859791422214219884e-23
-1.002520188569903731e-22
-7.950698030425027585e-24
-6.695720602937283433e-24
1.501716680570414241e-22
-7.212103051650377020e-23
-4.480964811534889679e-23
-1.352872926620876751e-22
-5.292540214587329944e-23
-1.444456467684289935e-22
1.778282617373676127e-22
7.409402525452044797e-23
1.090924727383608993e-24
-7.307063678037602465e-23
1.140431707403857230e-22
1.995282257456860176e-23
3.645771860341345060e-23
3.085187838706676479e-22
-2.956788824132548095e-22
-2.124143972765048523e-22
-6.922734591052965239e-23
-1.286510221031031781e-22
9.879293130394688053e-23
-6.664482346433576485e-23
4.814206869839937349e-23
7.336531428846093126e-23
-6.443073639252667188e-23
1.994727733324593453e-23
1.138958230107712950e-22
9.447466536134810714e-23
-9.665497296960592342e-23
6.620121202134948574e-23
-7.872125349673523124e-23
3.601465559765911117e-23
-2.924595000525751528e-23
3.434065594688457373e-23
2.415336542813977717e-22
-1.101045194475559308e-22
7.833176590487751536e-23
-1.031382819135540427e-22
4.814551588642077497e-23
-2.634608431266296531e-23
-1.608945468305587345e-22
2.299999253703039262e-22
5.896661466283762849e-23
-1.061114257573043048e-22
1.372411408023992953e-22
3.270699182482419087e-24
1.277404199322516934e-22
-2.478134804306392360e-22
-1.562038279963057699e-22
3.804767049649511017e-23
-1.048648131431488639e-22
7.367166487734203114e-23
-2.466123037308155426e-22
-2.201517190424718927e-22
3.933984964429732958e-22
-3.307470646759211098e-22
3.014289043757420211e-23
9.399887410503188201e-23
-8.257478564064111330e-23
-8.375728282823355192e-23
3.246680435418475927e-22
4.270639895743517478e-24
-3.607532018068360928e-23
2.022520973733621454e-22
-2.694439721391529125e-22
-1.475345448968532061e-22
-2.180268408690634771e-23
1.299111827226034598e-22
5.520420778603661673e-23
-1.135559490662341955e-22
9.309725765855453873e-23
1.350373415843895423e-22
1.857513298658305899e-23
6.971815242986636523e-23
7.030209099234309527e-23
7.244249126836463633e-23
-4.253813471396276109e-23
1.158382775636011731e-22
8.803005555386098350e-24
-2.033864575701185417e-22
1.697439196042823080e-22
1.066706262276036643e-22
-2.629709025364151873e-23
1.717392703734056329e-22
-4.104065380997744485e-23
3.275585214463998836e-22
-1.129264368221156802e-22
5.126411259380202769e-23
-1.923986683003710102e-23
-2.533541658161289375e-22
3.452002922810088056e-22
-3.055439903244830355e-22
1.045355608549257390e-22
-2.146553253065278338e-22
-5.274707016889951402e-23
-2.639099981023844528e-22
1.202159400544604562e-22
-9.599686773174026930e-23
1.458100652622764899e-22
-3.298035418805093911e-22
-2.084751330274048092e-23
-1.955722091508777102e-22
5.407193067234268393e-23
-4.775422409214509999e-22
1.338052764541540489e-22
1.241552232807787149e-22
-6.713165222283745186e-23
-5.499015314395551387e-23
-2.360174588952848178e-23
1.465107374560404537e-22
-1.830159172863177587e-22
2.563472274470896274e-23
2.068573961065287158e-22
-1.905167481250274565e-22
2.870940744540589923e-22
-1.774638064456977320e-23
-6.192416481284456217e-23
2.323366022152234787e-22
-1.250642523499590091e-22
1.397616889098298939e-22
-3.991281710507725088e-23
3.357181530919883164e-22
-1.006934886423002751e-22
1.473441401196616636e-22
-6.562687181584845777e-23
-7.781956566376045701e-23
-1.139338360679868438e-22
1.197060254742409921e-22
1.063289605350337386e-22
-4.502030004472627316e-23
4.472046706096477118e-22
-5.158269512235912928e-23
1.804876622173672134e-22
-1.502566935256512926e-22
1.005714824980979280e-24
-5.327651972820858364e-24
7.270783244841616184e-23
1.911060761489566223e-22
6.546779053270010936e-23
-1.978889041269986488e-22
7.499251962972144199e-23
9.021021962651072829e-23
-2.043292428844277315e-22
5.798547106546099828e-23
-1.477003258536208980e-22
-1.199562162830647137e-22
1.452806296944338518e-22
-2.112973270758495792e-22
-4.968826252146002141e-23
-2.313946633006330817e-22
2.030602857086802802e-23
1.939919254621423616e-22
-2.877070785470657893e-22
-7.028279164574706717e-23
6.773338453445395675e-24
-1.115130037946268471e-22
1.575088072675856763e-22
-1.201536750171815226e-23
-3.861482694040001535e-22
-1.727088559212333078e-22
3.327481845650085735e-24
3.826461636207391071e-23
-1.660574820162803666e-22
3.403188755455483040e-23
-1.432127476857857048e-22
8.403016422699418304e-23
3.234570831684035335e-23
2.493790958194464849e-23
7.519495641340621330e-23
1.332654690293055730e-22
-5.979018642413770446e-24
2.023737733605930908e-23
1.453786245410331751e-24
1.003809009711423345e-22
9.683649106357936489e-23
5.409564653558538617e-23
2.545413384276703040e-22
-1.126284625241976741e-23
2.403084610858772479e-22
5.330270936265807186e-23
-7.470567915797821455e-23
-6.922934358629957537e-24
1.389582262632546308e-22
-1.178958739471268958e-22
-1.149728465320016359e-22
-9.277907939194633783e-23
3.149736197112420414e-23
4.283487750671209841e-23
1.260048664936582928e-22
-2.238350998796968722e-23
-3.295762332572710810e-23
3.237491879440344326e-22
4.352416122320992043e-23
1.351348836116614986e-22
2.018070808755991341e-22
3.810668352860041952e-23
-4.859089093799428784e-23
4.606593550212045998e-24
4.026690662012734709e-23
-2.103975146887713720e-22
4.676674663743477148e-23
-8.176821358284648527e-23
-2.155980551623231700e-22
-9.184897146327138606e-23
1.008564007398924612e-22
-5.449916338747938590e-23
-2.493901436809556457e-22
-3.113516976391779466e-23
-3.169163264825887018e-22
1.469935021328009398e-22
-2.163484656501330441e-22
-6.495519364897174768e-23
-2.377992288552487835e-22
4.686819103285254624e-23
3.040916910506993045e-23
-7.168058053375492371e-23
1.042905759522257619e-22
-5.106021490689569303e-23
-1.629653515960857152e-22
2.307701258399888841e-22
9.504999313260007535e-24
-1.817900736014325495e-23
-4.469258913097027084e-23
1.308865013724500627e-22
-1.337668460952183408e-22
6.148595562216146841e-23
-1.603175040680832816e-23
-9.542510295919615272e-23
5.238009350108966027e-23
2.111591487736288809e-22
-7.686997951385823261e-24
6.703613812058090005e-24
7.326220843261755837e-24
3.463502575866092748e-22
4.686536482194109033e-23
-7.231566033709075270e-23
-1.585581236426715019e-22
-4.905953959213528858e-23
1.978852766525680422e-22
-4.329781330127568922e-23
3.142636435489641887e-22
1.373762967346814920e-22
-2.884327140367230770e-23
1.016805675214463108e-22
-4.622650998760798825e-23
1.196945068189522486e-22
6.109628051242926088e-23
-2.435559067300330617e-22
-7.148613608229104554e-23
8.695878927366847514e-23
1.453088843059905413e-23
-7.424779789179277981e-23
-5.018219685308531309e-23
-9.218738248980381669e-23
1.242632971394730459e-23
1.356808292841348868e-23
-9.711486446735972777e-23
7.633395688177008573e-23
1.199348085371980448e-22
2.151276217231333892e-22
-4.468814516701904516e-22
-1.130017013141747193e-22
-1.427069070274761411e-22
-1.230838998232098763e-22
2.262038340003617722e-23
2.719505203085166796e-22
-4.752761945498498493e-23
-1.106547423951010367e-22
9.261510262586352680e-23
6.351537978176828516e-23
-4.362086073540828601e-23
9.749832995553857710e-23
-9.301889012360476610e-23
-2.248147062267931741e-22
-5.945845975722369766e-23
-6.634908818278703480e-23
1.156078909516291260e-22
1.542559619868207669e-22
-1.972432555811619673e-22
2.247226284670038054e-23
1.616828878968499286e-22
4.487138184172634603e-23
-1.856321311737313545e-22
1.519132107471525724e-22
-1.386203016154717827e-22
1.461906773593861700e-22
4.762803468237987660e-23
1.249535866483582517e-22
-9.713408695119773328e-23
2.777127016321465076e-22
-2.227042517817764573e-22
2.365916726928867201e-22
7.430202757855047032e-24
-4.458532285951241233e-23
-3.459148439715984433e-23
2.616413756646755933e-23
-1.332091794657675295e-22
-2.656567206511041947e-22
1.679028401236295401e-22
1.649156524800807116e-22
-4.458178906411702710e-23
5.476501178858182205e-23
-8.298233991904695814e-23
-2.404339314523551438e-22
5.643298002921082923e-23
-1.617870956472158793e-22
-7.144710839111770423e-23
5.089143877592197231e-23
-6.037868434090285835e-23
2.219228885386151806e-23
3.228586005582700353e-22
5.039156474717411536e-23
-4.578417356184804930e-23
-2.197420310391668300e-22
-1.643915801956883030e-22
1.404612642660647631e-22
-3.300587679110848354e-23
2.507143852626204652e-22
-9.033703041305307610e-23
-1.173183124653402157e-22
-3.127212583959709649e-23
4.244340451545516837e-23
-7.030406554879457344e-23
9.635538534295197500e-23
1.816931189653661988e-22
2.776800652734206137e-22
1.168009947506009975e-22
2.812653309378885954e-22
-4.954625649146170177e-23
2.525964430786111903e-23
-2.147066903772052369e-22
-6.198942711951935892e-24
9.092224261633317076e-23
-9.780240788944189002e-23
2.658093126296764378e-23
-7.484958661189021095e-23
-2.311669181743278274e-23
-1.176773073990295264e-22
8.687366802785190947e-23
-1.364514454412025732e-23
1.859586812749351396e-22
1.038766131437985579e-22
-1.144223518964676032e-22
-1.227098065787449570e-22
8.733453020668259943e-23
-1.221177720392203182e-22
-1.293089853153228568e-22
-3.382627883611977573e-22
-4.005337142812590430e-23
-2.134716396213105801e-22
9.702626535815981797e-24
-8.759947642408647406e-23
4.686391472945921734e-23
6.283435374085338825e-24
-1.507004895961698429e-22
1.704640835077326483e-22
-2.216028442569771750e-22
-1.386837370550719290e-22
2.081858237009718317e-22
-2.989595539849396948e-22
2.604768934642636227e-22
1.020272373906450879e-22
1.879466723356720764e-22
-1.563200571751817628e-22
2.960797332655795199e-22
-2.213175776291779578e-22
1.447945179109786934e-22
1.865096317060153107e-24
7.955115697677040287e-23
-1.493590557809179588e-23
4.831646761203014134e-24
7.292932221199646314e-23
1.503639079397208542e-22
-1.259834931472648083e-23
9.501192008099028061e-23
1.007400199083863689e-22
1.887264991124856229e-23
4.642910877744672171e-23
-1.664065528035453619e-22
2.035631345471582846e-22
1.753095568985529096e-23
5.119606601051964483e-23
-6.388314201273146594e-23
-5.439934993020671033e-23
1.090722872250743531e-23
1.518929356392878532e-22
7.231651307538980014e-23
-2.795319404992446897e-22
1.384669541303850933e-22
-2.066288755600957613e-22
1.321282677689530938e-22
-7.931582560612988520e-23
7.973446734240962155e-23
-1.806508624464566357e-23
-1.228433558813762703e-22
-4.869519712891213992e-23
3.452502607979331944e-25
3.390629138681108767e-23
2.402942217407428296e-22
-2.289102667013962008e-22
-1.227674712521433264e-23
1.822435456928153046e-22
3.966740007997148321e-23
-9.158243248312561500e-23
9.083435187730329685e-23
-2.405216812179918499e-22
-1.640395882957913182e-22
1.891604921493440039e-22
-2.270215100580986772e-22
-1.516699129659161927e-22
2.890621429406813112e-23
-3.311378425738951870e-23
4.649808470733305444e-23
-1.454635667290464248e-22
1.661936548058897149e-22
1.814733760889573333e-23
6.947884036570055914e-23
-1.821108391600481689e-23
-4.670979207656206509e-22
2.096579388871594125e-22
3.934363903392869180e-23
-5.767939694212854041e-23
-1.413221548924088997e-22
1.194406487645470305e-22
9.746621149196413237e-23
-2.299661137578567340e-22
2.043038250643143796e-23
-1.795935525895308652e-22
2.143657976531399681e-22
9.218118841918130420e-23
1.173449812092952337e-23
-4.274237830089438664e-23
6.212804709227398452e-23
7.528755432615382544e-23
-1.909550313327538308e-23
2.759630774493840315e-22
-9.712419767185247158e-23
2.323267728505053441e-22
-4.571706117514258710e-24
1.344084002095846437e-22
2.082490468266825992e-22
-2.920342858176348566e-23
-9.669364153588069367e-24
-2.136059572160695567e-22
1.800661906063508654e-22
-1.492054542612951686e-22
1.361250249685128987e-22
-5.619806917798063189e-23
1.620826404223721137e-22
-2.294478498145453995e-22
2.633446026593201902e-23
-8.555808748329213855e-23
1.648745693578013603e-23
3.578066792484278971e-23
-1.086508011056876987e-22
7.530746258129063650e-23
1.292974171727035520e-23
-2.718449781508353081e-23
-3.132158850140939837e-24
-1.057425505908843303e-24
2.894608248987231759e-23
1.033368660525444018e-22
3.538406265161844946e-23
-1.838573347800159254e-24
7.574709961356976832e-23
-1.674352030719623283e-22
1.065281048046225318e-22
-1.516874784202979672e-22
-1.745466938054691791e-23
1.011679803450425628e-22
-4.816371193333361605e-23
1.312319100609249155e-22
-1.319220761746956170e-22
-2.113634640193500718e-22
7.015393884180834501e-23
-5.752772662794770809e-23
-1.838929633529443629e-22
-2.111699671616544917e-23
-2.480702464543909760e-22
8.102482251241268392e-23
-7.788169508582787800e-23
3.081105256500371398e-23
-5.068484876918907180e-23
2.028107575136157734e-23
-1.735004656179685191e-22
1.114857632433321229e-22
-3.672146416241365154e-22
2.154018182145413333e-23
-1.336210818359621204e-22
9.257019738272987281e-23
-8.404815690374075842e-24
1.540304617359271072e-22
-2.778177707876856864e-23
-5.278390305044344681e-24
2.333629757988648393e-22
-6.600850140933792654e-23
1.983416370590582220e-22
2.322547131908243676e-22
4.030143435115658909e-23
4.120827045154165505e-23
6.869466628777271280e-23
-2.752044619873292689e-23
3.002891933265394414e-23
1.734301889041034007e-22
-4.122881141457428848e-23
2.494609650030559685e-22
9.303526652399980256e-23
4.216219458713071632e-23
-1.064452450803613360e-22
1.303105423022702546e-22
7.020245397303658076e-23
-5.968389567342601828e-23
1.540231257306017769e-22
3.016695525741823065e-23
-4.180079124195519301e-23
5.645288032709403206e-23
-2.539767126773052838e-23
-4.922144273023446111e-23
2.735000188732453237e-23
-7.968553792262058959e-23
3.161295083464285549e-23
-7.435667361121383897e-24
-1.744879419394466267e-22
2.368060801775100282e-23
-6.169301013842718502e-23
-3.411134483635150491e-22
-1.275555314524925011e-23
8.378656362252232265e-23
-1.799887500217348234e-22
5.015361237638792391e-23
-4.011994074072813817e-24
-1.156429854893754872e-22
-2.684672420670555658e-22
-6.217489611281521038e-23
-8.738270001597642152e-23
-2.212149775028867012e-23
-8.677400868671904606e-23
8.995455049781906854e-23
-9.796631852522389346e-23
1.788571668277826527e-23
5.701918917369874974e-24
1.693284914195693564e-22
-1.405074093644311216e-22
5.895953575935853147e-23
7.240041457179747437e-23
-1.405259949983041263e-22
1.111579480512390058e-22
3.283391379421350879e-23
-1.210030000414793962e-22
1.328614790436408146e-23
2.368965571867382179e-22
1.230961333794978376e-22
-1.610601455841756461e-22
-2.970189031636024175e-22
-3.466938073183484853e-23
1.215357659003640715e-22
2.203254919889997119e-22
8.829164318672169391e-23
5.851824252869668727e-23
2.527764068908444472e-22
1.176221963366893224e-23
1.400948730215577580e-25
1.793105724990260027e-22
-1.537031162994427994e-22
3.012044775229511696e-22
1.385178791701903389e-22
5.220158236670227262e-23
-1.034981549068996077e-22
8.585784902395755778e-23
-4.217849115454756526e-23
-2.033523932878986488e-22
3.075312366216922786e-23
-1.146410879197215310e-22
1.780054318239055594e-22
1.332021436593730469e-22
-1.791909760694681717e-22
1.112054715373423139e-22
-6.351621063081413562e-23
-1.135664387584815206e-22
7.777654823839224502e-23
4.284664239084804939e-23
-4.531814408395793869e-23
1.461826399011399968e-23
-2.135406213070104853e-22
-5.452592747828262170e-23
-2.667200490272348931e-23
4.616264990289893579e-23
-1.454375137355406526e-22
2.016283501034044681e-22
-1.131006940690784447e-22
1.414156082992030653e-22
-1.814327186270025608e-22
-5.898202284096954502e-23
-1.363907697309340270e-22
-2.060153917738941008e-22
-9.192625243449108477e-23
-2.001441531022447433e-23
2.682353535337720841e-23
3.579701330754010793e-24
-3.325374517547370355e-23
-3.856391675235397229e-24
-2.186312112908530917e-22
4.157426369955865850e-23
7.468769474895645094e-23
-6.303937692888138986e-23
1.863148931081228247e-22
-4.210331495715618075e-23
-1.362778192598112902e-23
7.303599538131798060e-23
-5.284635273781586763e-24
-2.964451181172352858e-23
6.616576238450217093e-23
1.750270774955908711e-22
8.034278491153523692e-23
2.691233550192569160e-22
2.245053769674103979e-22
-7.981810402399077572e-23
7.884587124486134696e-23
-7.603592261770610310e-23
1.085689347619707453e-23
7.886737919486979524e-23
-1.027262566781067551e-22
-2.562429189859129871e-22
-2.452394883107835992e-22
-2.806235205617801722e-23
3.359433422410270140e-23
2.804300515337618501e-22
4.418519200360352840e-23
8.512795427171536886e-24
-2.492737347400803418e-22
3.224185914411128016e-22
-9.505077883294338500e-23
9.098658978026841923e-23
-1.159437616745786300e-22
2.023109753130594644e-22
1.810573602199649478e-23
5.330611749787479160e-23
1.531574224675436008e-22
-2.305869537386816604e-22
-1.678145641774885776e-22
-9.965967730540235492e-23
7.047861062597476069e-23
-8.020454746815827445e-23
1.591249583756491376e-23
-2.919856748479329700e-23
1.489548987889765419e-22
-8.611363028835100329e-23
2.807459022371862789e-23
-1.773613409094044892e-22
2.857675732873030339e-22
6.179799848417348265e-23
-2.404516126385425136e-22
1.160061750994294055e-22
-3.341595563053467533e-23
3.036888088192769620e-22
-4.527261775008977389e-23
3.284646434632700771e-23
-2.440238036807093118e-23
-6.509821531035165548e-23
-1.870489813485542020e-22
-1.520229161093275613e-22
-5.543949683000427643e-23
-1.417819107732171609e-22
-6.456616112187317630e-24
5.486887031712871915e-23
-3.580571708634896445e-23
-1.692458625418474533e-23
4.776493280636444198e-23
-1.076013029189897822e-22
3.372575377973562149e-23
-7.953879928171345912e-23
8.090777946145303898e-23
1.309054761093524076e-24
1.344412758314320937e-22
-1.731087385835082159e-22
1.471072183961559510e-22
-1.902723949805137211e-23
-1.175897962279084240e-22
1.938165201592827991e-22
-2.888001368190880798e-23
-1.197343809115596052e-22
-1.550507034545964201e-23
-7.980563171192516087e-23
-3.482478012885495952e-23
2.336705345277319982e-23
-9.262865108581238793e-23
2.051713437857786198e-22
2.565006854811222067e-23
6.795026975989122803e-23
3.987545672365703239e-24
1.126786441365477005e-22
4.949008187282328948e-23
1.185531140568025476e-22
1.266612321115106844e-22
-3.679896843991419922e-23
8.286191366243121911e-23
5.272809149552676625e-23
1.381344473882939743e-23
-7.984416938594800216e-24
4.332028741254069297e-23
1.505485816489722554e-23
3.209562706216654944e-23
1.824663174083228692e-22
-1.070032512401603033e-22
5.733372244939059153e-23
-5.543312627732761756e-23
-1.330910810947739804e-22
6.032403771563547138e-24
-2.799828274533737228e-23
-2.319869343885792222e-22
1.674458549365286582e-23
5.628803485599769125e-23
-2.303382727221571071e-22
6.675542383775416544e-24
1.810400262117915227e-23
7.424495241235182785e-23
2.286298322118237347e-22
-2.383254355959081686e-22
2.596974373326128839e-23
-2.483849305947971329e-22
-1.325897595684799916e-22
4.454762563072914011e-23
-4.137138025785616124e-23
-3.999710756025943825e-23
3.940789881684452087e-23
1.146009524632097301e-23
9.345768944256469372e-23
-6.786162665442677044e-23
1.546856611369029006e-22
1.441493292305338979e-22
-1.796502045761726737e-22
2.091638735121050137e-23
-1.232629245533775078e-22
-1.533805434183945401e-22
2.098394721549281544e-22
3.017804593278839712e-23
2.827174464824784639e-23
-4.914098395128392209e-23
-4.413264128571396011e-22
2.152818358331575633e-22
-2.530869754031981479e-23
1.469329376102222888e-23
-6.694831478748862892e-23
-2.247768041636851536e-23
2.412582331413601534e-22
1.000149742844858768e-22
-3.121118326465118337e-23
-1.044368700802627819e-22
1.033647097708119468e-22
-2.662977954394017510e-23
2.551419201242209069e-22
-9.774985718510576220e-23
2.323153749525970898e-22
7.674961885043598158e-23
-3.397695632518118805e-23
8.789217775019158316e-23
-7.237460883518979337e-23
1.999219620933964689e-22
4.711039390235177284e-23
8.100067168555648834e-23
-1.736515822222154723e-23
-7.654314342236323556e-23
-1.830469211058631047e-22
1.091210676902831797e-22
-3.208378107482544057e-23
2.785844413689440276e-23
1.561548959888592347e-23
-1.172449905681624964e-23
-6.531134081132140167e-23
-2.093080726779260761e-22
1.749571177109217021e-23
8.815790240766005728e-23
1.003770640255900327e-23
1.052901826653890756e-23
-3.704613318481023794e-23
-8.642726149191350868e-23
3.504700727545345377e-23
-1.384770308328909409e-22
-3.467471639139235315e-23
-1.457257121054679237e-23
1.733367381661818782e-23
8.363702674841222039e-23
-2.746440151378687037e-22
-5.152729205298045574e-23
5.514229927775643723e-23
-1.457943091738774525e-22
-5.548395283984641662e-23
-4.714212784304693949e-23
8.586388214189153814e-23
-6.000115686029600134e-23
-4.778842201256300205e-23
-3.076366690101385939e-23
-1.922650366364375537e-22
3.263716891899949175e-22
1.219826870804022433e-22
-1.769740617660592482e-22
-6.062030520541308705e-23
1.086399522979504417e-22
-2.168256315669722245e-23
-1.633837853749408447e-23
3.046037729441127883e-22
-1.459451887900308007e-22
2.113081332720952000e-22
-2.769155860443006138e-22
1.057949222135812436e-22
2.708619512963851755e-22
2.727122960326219582e-22
5.260773524060551272e-24
-2.444942291373891420e-22
9.320861654462902112e-23
1.431633285066207404e-22
-1.359518677999454129e-22
1.764342037791699011e-22
-2.118584589933167806e-22
2.418081820640181876e-22
-1.734841973255918583e-23
1.111750792208318646e-23
-1.267526086988227633e-22
1.112233032412921862e-22
-2.441741810085565378e-23
4.188050392759794395e-23
2.357357111833062674e-23
-1.940510929445805153e-22
1.184611181703727541e-22
-7.821011780552523336e-23
-1.831656942741140661e-23
5.526875914038516436e-23
-8.848087862557642964e-23
-1.639021730570613247e-22
-1.579409615669250799e-23
-5.807923456757877062e-23
-7.578967526154334109e-23
-1.305369739418537480e-23
-4.767541088906229232e-23
-2.605995907366643070e-24
1.146882116717254240e-22
2.147675190678901856e-22
-2.729538879580861790e-22
1.507974447187841669e-22
-1.065995397729240887e-22
-1.034831128318534763e-23
5.238763137067989371e-23
-6.639597411167484836e-23
-1.313197620912531509e-23
-2.409598676827059493e-22
-1.173508542557785924e-22
-9.234963854039970376e-23
3.053711138689657389e-23
6.027350751112763982e-23
-2.159602394382390210e-22
2.833060385088886922e-22
-3.178972800454061360e-23
-8.199152635646070975e-23
9.364473756867290406e-23
1.616104565618346102e-22
-5.027186378102110356e-23
2.222435949658672737e-22
4.231171064430741560e-22
-8.390307687870334515e-23
3.663650017641052202e-23
-6.193068776001278765e-23
-1.836629624388855742e-22
-2.100551717950047780e-23
-5.333716035062602539e-23
1.230143037254437691e-22
5.298210716819954059e-23
1.970605977104073266e-22
6.673190067328172371e-23
-1.046594745948838156e-22
-1.770471238387759353e-22
9.784782416352355785e-23
1.271943248216333783e-22
-2.095368448396015093e-22
2.140283696893827348e-22
3.446988695778814254e-23
-1.147170728910895699e-22
-2.431637978257233631e-22
-3.994521351201538444e-23
3.642738304639295305e-23
1.874477193472099502e-22
-1.037418661565759220e-22
-1.751590654763128789e-22
3.882243634943893954e-23
1.184088896252331898e-22
-1.648068824809587779e-24
-1.335450654761344071e-23
-9.991137623242361813e-23
-2.046230269719226766e-22
5.188328058578165434e-23
1.272439515860280304e-22
-1.071672631745850777e-22
1.050123887470915612e-23
3.681582818891811678e-23
1.388195297022430942e-22
-1.378041712169633565e-22
-1.046882982339134890e-22
1.115817042041446155e-22
1.122682408271041433e-22
-1.327278796457091945e-22
-3.529430493504012207e-23
-2.607959058004754887e-22
1.934630568547735432e-23
-1.203951085882572995e-24
1.365523483162359937e-23
-1.209797773528694100e-23
-1.257724606730764042e-22
1.845501227053025180e-22
3.806110300457243289e-23
1.499350998310319011e-22
1.800114410650556605e-22
-7.880116240249213672e-24
8.702508636587685734e-23
2.011238155576470581e-22
-1.281058948701406702e-22
6.876024900864818229e-23
-3.069730183058895864e-23
8.875691604287994788e-23
7.340346296692663646e-23
4.141417118195126463e-23
-1.485663061270947385e-23
-2.451291637250275514e-22
4.573867296454798601e-23
-1.569681601796306534e-23
5.420022105828625777e-23
-2.475723409251538728e-22
-7.657566301750707400e-23
1.621593749279883002e-22
1.947003111489448225e-22
-1.182460140381800728e-22
-1.337510849562662126e-22
-2.894847128493831895e-23
-5.896226642475950387e-23
2.723169632939624449e-23
-5.436829935981602387e-23
-1.603158713878554251e-22
5.843444486990471945e-23
-1.053282911807612427e-22
-6.799988607679990506e-23
1.327203681209912244e-22
-1.855498311413951307e-22
2.075089942922436881e-22
1.807964338724009283e-22
-1.620331419569101010e-22
2.552697851718059239e-22
-8.656084778751476602e-23
-1.395536693861288896e-22
1.031229734715027439e-22
2.354531836995582039e-22
-2.219547401778952443e-22
8.190834001122372355e-23
-2.302246894457240851e-22
-1.337807174873246990e-22
3.468028180292545211e-22
8.365677998250627417e-23
-6.544155178840405103e-23
1.070389890917674819e-22
7.125990411746776615e-23
7.041246133761482088e-23
-4.030432813579897930e-23
6.529208687378018830e-23
-3.413943635110347135e-22
7.929144357627320537e-23
-1.894286799998639321e-22
-5.379916693499324578e-23
-1.269124905720450937e-22
-3.021594679168704672e-24
2.145407381866922079e-22
-2.558809909751491305e-23
1.353265415026575864e-22
3.707011963168310927e-23
-1.008160538354436453e-23
6.173739656360351001e-24
1.644976832049813019e-22
-9.393864554751357321e-23
-2.157545331156301875e-22
-8.581123751538512217e-23
9.348685193903898688e-23
1.798722819747342447e-22
-2.388163114536249377e-22
1.205365079864811259e-22
-1.336068478185855181e-22
9.372088512699677202e-23
7.302344545463898751e-24
-2.541040961944756317e-24
8.582469848937316383e-23
-2.067693834898663238e-22
2.406899623879634006e-22
-3.959004191094164907e-23
6.234517178561978522e-23
8.771268965536971247e-24
1.006049750132596201e-22
3.996911492374287981e-23
-1.717464597514115300e-22
9.560817361495053051e-23
-8.121110288271477369e-23
2.131107660619227814e-22
-2.764013267531916915e-23
-2.150640880467449236e-22
1.059744013972976126e-22
1.198262893310618195e-22
-1.917507192271827194e-22
1.303505416831414309e-22
-2.260793978594553052e-24
-1.959861039123180970e-23
-4.727172715588024396e-23
-6.034662986676712897e-23
-9.998191346866798921e-24
-8.844636044296003489e-23
4.930949086092964116e-23
-1.545266663357311244e-22
-1.864096350209315905e-22
1.617773068387461007e-22
9.226125454872069979e-23
-1.151297623362867460e-22
-7.472136533572821290e-24
-1.212304483026887418e-22
3.063402203928475334e-23
-7.724150291060851797e-23
-7.185334058155469311e-23
5.181935231481390752e-23
-1.607214351311553784e-22
-4.157529383752854468e-23
-5.046434001287262781e-24
9.801266175308446599e-23
1.804621854953569712e-22
1.014715585259260211e-22
1.654765162449833659e-22
6.830706604886236024e-23
-2.513158305399871152e-22
8.850157412647405981e-24
2.580278985815880907e-22
1.566112368162534529e-22
-1.306404525555189021e-22
7.884823544964805845e-23
-1.052309399009831144e-22
3.247299955926463519e-22
-8.729112666560757349e-23
1.955501641412990890e-23
1.833451687108629486e-22
-2.703651156262410784e-23
1.251809653924763238e-22
-7.067319217511824574e-23
-3.187109755299101332e-23
1.326137141168099727e-22
-2.356644379822459874e-22
-1.274325147776880793e-22
6.312514342467921893e-23
-5.337089333153639675e-23
9.478537240481507872e-23
2.668945300510361492e-23
1.291484050006093655e-22
-2.367427245471179045e-22
-1.451586658149466415e-22
1.501741985731699195e-23
-1.924846869365284012e-22
-8.941180830235765625e-23
-1.188129515569148915e-22
3.622361674204392377e-23
-3.113749776033335990e-23
-9.600587776644731113e-23
4.191828409451750390e-23
1.036445717592695219e-22
-1.071143319828474088e-22
-1.396031065346373240e-23
1.359203778309401319e-23
3.252955462915010395e-23
1.176713950790435677e-22
-9.201670004990662855e-23
8.648331781828913865e-25
-1.338001957239151362e-22
-9.932964081212269817e-23
-8.018495729746543679e-23
3.762450479632156538e-23
-2.419384225194880446e-22
4.007483093682143603e-23
1.576068813512574227e-22
7.803751357710610298e-23
1.022706333693467973e-23
1.051719241274556490e-22
-1.289165853789312783e-22
3.049060180752243160e-22
-2.273376416009761659e-22
3.494053439290749361e-22
1.923916727613062045e-22
9.960120749972504013e-23
1.440847049696913862e-23
9.423574013354596893e-23
-1.640985411961436451e-22
3.438522846083047317e-22
-8.464461229462698873e-23
2.863076365912622022e-22
-1.766058835087306317e-22
3.807422365358268072e-22
-2.501686435688551483e-22
-1.450599212931461132e-23
4.204762386706625251e-23
-3.626052027357779737e-22
4.085112836579908996e-22
1.821501042715783716e-22
-1.549112566787146217e-22
-2.052118455982337628e-22
-2.886178091474604779e-22
-1.356691135718601387e-22
1.600502932868533564e-22
-4.728657025023867576e-23
-2.327207087089569023e-22
-3.654923007434124933e-23
-1.271172235110168110e-22
-9.447197244792490615e-23
1.786172075067226474e-23
-1.589310633559855720e-24
2.439218535226669225e-22
9.285355951352987117e-23
-1.113502755549763878e-22
-4.767817759778262616e-23
-8.990906827062729667e-23
-4.073399880416761217e-23
-1.866896825695376603e-22
-2.479254476434773561e-23
-3.140904122980182943e-22
2.627360612821407249e-22
-2.975663997997577135e-22
-1.948182921741756708e-23
4.658495992062571526e-23
-6.914874283819004309e-24
1.237337728743408623e-22
-9.780782900823582565e-23
2.791335681232745886e-22
-8.159787294152723821e-23
1.622069039759296816e-22
3.913637288465042849e-23
8.580734988262571045e-23
9.550823935041254769e-23
-6.242802480300226536e-23
8.065777090180064282e-23
2.553242826740978033e-23
-4.180321089216658730e-23
2.139202832753719569e-22
1.674291414873194566e-23
8.626132058057249422e-24
-9.799441348950042099e-23
-5.301606890396674556e-23
9.679037191448270232e-24
-7.594161706164851302e-24
1.622983303495689254e-22
2.373807578760578430e-22
7.221536057101040845e-23
2.216328013467144297e-22
-1.118575773438376721e-22
7.275125903850072350e-23
1.832512224293616343e-22
-8.041138723909404283e-23
1.078834457327438274e-22
-1.882803354360484645e-22
-5.475236571673892865e-23
-1.545230304401617502e-22
4.247124781263373577e-23
-5.620452380565377933e-23
-1.794124945584054771e-22
-1.765738466345860102e-22
3.732561270891579373e-23
-1.074180681020526389e-22
1.279976583655975672e-24
7.865790758077250307e-23
1.263011995988787245e-22
-1.447112038627848446e-22
-1.542970728169179441e-22
-6.716473525241825760e-23
-8.555391569912683731e-23
-1.164255607127953466e-22
2.093060111504675846e-22
-2.696634765828508793e-23
-7.907879600898524113e-23
-1.517731989748365137e-23
1.242361697140680301e-22
2.347504643967813719e-23
-1.166572808844597695e-22
-2.292637335266591203e-22
4.376797289988445152e-23
6.504505755581798393e-23
-1.183713543215068948e-22
-1.660857562928718757e-22
1.011174989057937546e-22
-8.298483925375087361e-23
-2.449600898562145628e-23
3.766833071485513119e-24
1.920777342080988663e-22
7.683268643338440821e-23
-2.144730371826333272e-22
1.348698872760026514e-22
6.907116875139477542e-23
6.403755091670993100e-23
4.742518320290836538e-23
9.362718988291656468e-23
3.456833504663440197e-22
-1.325808029032785763e-22
3.020331531839611694e-22
1.992572412410333435e-23
2.290729872496673163e-22
-7.875812438079238566e-23
7.560453711277874964e-23
-4.222535910525863296e-23
-6.157403475149024633e-24
1.508076287895079878e-23
-1.046968021598493643e-22
1.595679684988064891e-23
2.035833198123137602e-22
-4.029550043241551150e-22
-2.938996109517897965e-24
9.122101626135395288e-24
-1.581503914169063393e-22
-1.058590414273604558e-22
1.761730344182334867e-22
-4.355766472451841709e-23
1.828116094878015432e-24
2.424434051222247086e-23
-8.928941971974487505e-23
2.177918443140757801e-23
1.689956156892721187e-23
4.435197151789533372e-23
-1.466627763942062988e-23
5.231602721864524205e-23
-6.528172911250981692e-23
7.178103447896638993e-23
-1.685031617624631337e-22
-1.246146605651730598e-23
1.732418071336130663e-22
-1.533530516010458100e-23
-3.551213946954380481e-23
-3.418581736739818801e-22
-1.408118090457117279e-22
-9.597850269086670570e-23
1.773033823598118966e-23
-3.156788888621348341e-23
9.443210333855702605e-23
-8.542996325416937094e-23
6.569215647118522256e-23
2.547129083923348985e-23
5.270013246833696043e-23
-7.188328012700852812e-23
-5.003945304885868519e-23
1.701690342392292379e-22
9.917863221979889147e-23
1.741807147163430979e-22
4.259122276542149336e-23
-7.395065587765416150e-23
-2.780039040646609109e-22
1.112808454756362813e-22
-3.538551213705318137e-23
-7.652883112369071706e-24
1.474756676079231954e-22
-1.394094676872099891e-22
1.809188554547448140e-22
1.098509764120473600e-22
-1.303361382279242913e-22
6.793318857536076288e-23
1.173257882767343425e-22
-1.316782094006106216e-22
-4.691709359836408305e-23
-1.549036711578435513e-22
1.137432172057087916e-22
9.859468046826067521e-23
1.009206844759805623e-22
1.044487432615327674e-22
1.434975081895508899e-22
1.195332599799320756e-22
8.661652510513859087e-23
-4.673323807392566306e-23
-1.584704228780415505e-22
-4.032642331491108086e-23
-2.262821747870262594e-22
8.453835971660876749e-23
3.081126208588558961e-24
-1.038651374907725893e-23
1.442603089539740791e-22
-1.402255734261259600e-22
-2.112401467868009587e-22
7.626661120964600399e-23
-1.569507964742885050e-22
-4.262283911950132624e-24
-5.594489280247803491e-23
3.998487949283926901e-23
4.984201217895526178e-23
2.388740258038463789e-22
-1.528452185315233623e-22
1.045291836273367931e-22
-1.625203082900640376e-22
1.334894091348650275e-22
9.968150792029659645e-23
-1.417085086723922443e-22
1.134260424683680339e-22
-6.543416453769528878e-23
1.121684794639864379e-22
1.325104098105009026e-22
-1.783599890273871957e-22
-2.767187543944366236e-22
-1.245833736451389177e-22
-7.333306085796516300e-23
-7.697581630156548874e-23
6.885238005361621033e-23
3.723538880328444128e-24
-1.812767781715575072e-23
6.677235999370620747e-23
-1.523136270551237214e-23
-1.887011995707790959e-22
2.001584249233882890e-22
-3.139184973535132332e-23
1.099181650063711794e-22
1.030350527894315064e-22
1.902389373772727480e-23
8.619135731399864497e-24
5.341439509464296206e-23
-1.150342072746961972e-23
1.263087216674191102e-22
-1.425690591112996721e-22
2.184559139537383676e-22
-1.410143587912721786e-22
-6.345951512522404305e-23
8.360551936306090413e-23
-9.233490136166107948e-23
-3.542945005526836705e-23
4.042542975192108791e-23
2.357431859844572273e-22
-5.044840076503430482e-23
6.473747622645419162e-23
-1.372450536119074216e-22
1.668785017876972707e-22
-2.152653215695348654e-22
1.462478521540615118e-23
8.756393829507068025e-23
-7.313894024644655477e-23
1.102983207604367778e-22
2.037334260575005983e-22
1.493280673052151023e-23
-9.078934970848928381e-23
-1.418250864687003346e-22
3.506027804281247242e-23
1.360731798340224273e-22
-1.647263400623209299e-22
-1.956015158885482080e-22
1.092864067589429670e-23
2.270889128211561970e-23
-5.322729247061583866e-23
-1.094891610078392258e-22
-2.800107644185068846e-23
3.888086029327060769e-23
-1.177971870839025009e-22
1.948997902635427856e-22
1.135634704853434808e-22
-2.187268069510953573e-22
1.665818829050890775e-22
-4.647220849396917534e-23
-2.088913913738240171e-22
2.761808986932625816e-22
4.793803948470948264e-23
2.140981891470122277e-23
-5.702012316231147690e-23
1.131866866487044313e-22
3.723594071772542562e-23
5.659078307288944615e-25
4.179243321950066836e-23
-1.113884448602771992e-22
-1.283544616165883346e-22
-6.151345314626814067e-23
1.507928294163954278e-22
-2.387496302985659925e-22
1.641435883501483352e-22
-1.551760641355984281e-22
4.411397766495346160e-23
-3.013806070812314935e-24
-9.164684712540376961e-23
7.595581631585636510e-24
-7.147418668511677251e-23
1.600144349578177558e-22
1.044736448327101089e-22
4.260485268209682201e-23
5.430116203941469969e-23
1.375033762662150878e-22
-3.416054865375376640e-22
7.272777756710131807e-23
2.433222133143017312e-23
-1.498437678647680928e-22
-5.444921292109171921e-23
2.320633588935171999e-22
4.236239777028781588e-23
1.106181584420557224e-22
1.957042853806655504e-22
-5.584626868840784751e-23
7.967403052093888625e-23
-2.034318166301571072e-22
5.245509654668115828e-23
4.755783984697046583e-23
-3.112526330203591167e-22
-2.031993973312046245e-22
4.206856176550630710e-23
-7.354474126307790803e-23
-3.831711255228794677e-23
-1.858956587941246465e-22
1.268599130063531845e-22
-5.060226611750879502e-23
3.181299852857738863e-22
9.673283734273312714e-23
-1.110372008783189042e-22
3.887545553015455910e-23
4.328161393423478244e-22
-1.858812914998736344e-22
5.662534001477677034e-23
-1.385704492768836319e-22
3.019620460784759480e-23
3.677602466100939346e-23
-2.166522448527768098e-22
9.560498514016354255e-25
-9.057828790169494330e-23
1.292320946103045532e-22
3.714074043040027404e-24
-3.014433132435121786e-24
4.218358698564731685e-22
-1.611859123182423787e-22
1.041514168121542279e-22
3.534190028749368885e-23
1.089059942454255564e-22
-3.123641055522929466e-23
-4.814604979522852759e-23
-2.443552497524127705e-23
-1.092122694173447601e-22
8.716276864253240139e-23
-6.930003273587910322e-23
1.377644254595909378e-22
-1.844061832503153247e-22
7.760534166122618265e-23
-2.362922044494882709e-22
-6.182035889723628425e-24
7.136556483290330237e-23
-3.119232970616922479e-22
9.931229343918656389e-23
-3.420160815534279533e-22
1.542145484855874391e-22
-2.866516388524004331e-22
1.233024332045996372e-22
1.828740293018005889e-23
-2.505876689479588466e-23
-2.540494866248244440e-22
8.053729152521101987e-23
-2.693777151469425863e-23
-2.021979879653836886e-22
2.519450162969577560e-23
2.096525750627286036e-22
1.821904560589233511e-22
8.769439376938500465e-23
1.000858566933870118e-22
1.029691923394875132e-22
1.188644640780249632e-24
-5.890966888759439286e-23
3.880899341009361396e-23
-1.308616452394369842e-22
1.005674082125551743e-22
4.655314859518459697e-23
-2.988125802115078203e-23
2.604507044424034140e-22
6.555685018237892211e-23
3.458478362552553343e-22
-1.119239932059857186e-22
2.402958037992065909e-22
-1.253649529170247773e-22
-4.941749014080436528e-23
2.884144047501091645e-22
-1.417840853777693619e-23
-8.392671444184282108e-23
8.657712416922653082e-23
-7.779111945687669862e-23
1.571302336323595566e-22
-1.380769211933854379e-22
-3.003791054287376390e-22
-2.202061441393915193e-22
-1.017243003174343133e-22
-1.122680935942391161e-22
8.706309823462930808e-23
-1.433845542456191836e-22
2.491744940802450641e-23
-1.041474960277634047e-22
2.425593930657049600e-22
-9.160944578245695448e-23
-3.301544494678147048e-23
6.723272217616347520e-23
1.076256313816971533e-23
2.452144163684547561e-23
-1.716723035662289845e-22
-1.282544493820702553e-22
-8.998677866753063049e-23
-1.028881691723966900e-22
-5.883970426623632082e-23
2.128437649799066641e-22
2.221517487482012096e-22
-3.449030595766108734e-23
2.488469776852320544e-23
-1.208564924327621713e-22
1.562845397359661597e-22
-1.128102523347796975e-22
-6.439030581381733634e-23
1.900270928874943260e-24
-1.704334657418322345e-22
-2.791200353662382361e-23
7.365844965851418980e-23
6.250882316714042255e-23
-2.467541972647234994e-22
-2.634339887337901817e-23
8.411153083614044235e-23
-3.940486529420036389e-23
8.743643819539326042e-23
1.379950363005413666e-22
5.317878417554644666e-23
1.598904175755228777e-22
1.846518259195105019e-22
6.178282983589458063e-23
3.344035071408077254e-23
1.811228888478086491e-22
-1.464423226266924817e-23
-3.114479557213755773e-23
-1.778419243886784407e-22
5.042523122901521448e-23
-4.894637674463494535e-23
-2.950104112498453862e-23
6.085500728030474286e-23
-5.668414260213076339e-24
7.798543431389562500e-23
-1.581577511319898478e-22
2.663649567049900495e-22
1.302583625650136209e-23
1.589859337223606188e-23
9.258661564573635429e-23
1.454543775253603505e-22
-8.752159387673397632e-23
1.973563930783017143e-22
-1.038885589207958962e-22
-1.047158625806972743e-22
-1.309766712693407851e-22
-1.267422725198304231e-22
2.430900479278729853e-22
-1.147962355778701127e-22
5.295313899780713743e-23
-1.962907979453796737e-22
-1.833972224051578970e-22
-1.166970733928476110e-22
-2.839356824663805143e-22
-1.476072974342874362e-22
1.846985932831755416e-23
-1.564962698729529984e-22
-1.078622296683375710e-23
4.875652562720855246e-24
-2.036087394727999814e-23
8.026180848272122753e-23
3.078901769216404636e-23
2.327174653880017250e-23
-5.002517685290723673e-23
8.990990423139926959e-23
3.106043651872610207e-23
7.084386324000854467e-23
-3.359302053106834014e-22
3.779299675283168462e-22
-7.394284263399970635e-23
-2.061220778453468798e-22
1.306436111095908905e-22
1.936332934472238748e-22
1.517915842970926198e-22
5.290000493513984424e-23
5.665083818073438496e-23
-8.685193310155547167e-23
-5.696142840888799287e-23
-3.935770589202150666e-23
1.485936023686808506e-22
-7.421335403284168939e-23
5.821397076559617906e-23
3.639709757975034440e-22
5.934228974899614651e-23
2.195754163376620035e-22
-5.547481500049303499e-23
-5.408096691692787109e-23
2.872949151181804299e-22
-1.921138553522522564e-24
-7.640722124234700740e-23
2.507105971657210056e-23
7.980367995125255949e-23
-1.375522982717764158e-22
1.243773770968481789e-23
-2.153586882367192091e-22
-1.183101774304361778e-22
-3.262913563539875811e-22
-8.922948475317369639e-23
-6.174852673074824768e-23
2.105921380521779491e-22
-1.487890951561037145e-22
1.500821804780208544e-24
2.527098875874230416e-23
1.582008930324436285e-23
-7.780457346863048337e-23
-2.065856526777485920e-24
3.082739901402716390e-23
-1.275747621495300129e-22
-1.565497973155378090e-22
-2.987713021497472957e-23
5.148843683670074779e-23
8.228286927055654951e-23
5.600367044592824358e-23
-1.055616100382231886e-22
-2.976203929719045524e-23
1.229293594035552011e-22
9.090140907651743552e-23
1.087120671354271586e-22
-1.547250149632800321e-23
2.274180194270834435e-22
-1.353613184861978635e-22
1.203888321716618541e-22
1.280862915960136689e-22
-2.105800768949869696e-22
1.313252038978605683e-22
-2.595669852307719626e-22
-1.543164060515359592e-22
-7.868840057377069396e-23
-1.137538933238515459e-22
1.180424401002261768e-22
-5.176858979001794781e-23
-5.965360193886194940e-23
6.919205215744362669e-23
-2.118285335203975272e-22
1.922718813239166118e-22
1.792404756142983671e-22
5.012994066294400184e-23
-6.390946317554061318e-23
4.522994803793482837e-24
1.828443422246572143e-22
-8.402921361891895722e-24
-1.276847726620938966e-22
-7.509306497990514184e-23
4.282180624950764434e-23
3.595067450878819697e-22
6.318451224933638899e-23
1.495811907366560395e-22
-1.561131771117600215e-22
1.136233222510674567e-22
-1.464381870084588311e-22
1.384791176637289226e-22
2.159014779704407034e-22
4.711618531984955896e-23
-2.191410701724988933e-22
-1.386321391656205975e-22
-7.743478029400255321e-23
-2.773348170005253219e-22
2.724264810020467037e-22
-1.323213786765456334e-22
-6.289562622647506402e-23
-1.242436400174649458e-24
3.376783534954161450e-23
2.080595468308203800e-23
2.996827987689863652e-22
7.480421883513974875e-23
-6.852206477729628502e-23
-6.347304951676044038e-23
-1.621511412204922343e-22
7.196339371731604442e-23
5.390747184597035425e-23
-2.177300443593437913e-22
-4.397843654832226663e-23
-1.171666169876653902e-22
3.964694146974883983e-23
7.517268041692583977e-23
3.800376756449808126e-23
3.376699766612650464e-23
-2.424373790687076057e-22
-8.131947094158632770e-23
-1.642657156006558867e-22
8.863320378050364061e-24
-3.160046930934966036e-22
-9.961943368103549572e-23
6.593837985196837904e-24
-5.180148845156505354e-23
6.766056121621082979e-23
1.323747366977660352e-22
1.482604872641583039e-22
6.360991185204377449e-23
2.172183944435297643e-22
1.889774926397050334e-22
-2.454497663316052920e-22
-7.066391528655520878e-23
2.598026964733554718e-22
1.638027840896333362e-22
3.122076342914036897e-24
-7.672601761661980224e-23
2.360916015134697261e-22
7.378705611744104870e-23
-1.136279960502493271e-22
-3.226651818566467332e-24
-6.630283672520584691e-24
1.263510676602180493e-22
2.243618079165793192e-22
6.139201082534560689e-24
-8.190422727484906104e-23
8.256726126792336126e-23
1.048839856210687316e-22
4.786086860072832928e-23
-2.269341662163947151e-22
1.652116313493970889e-22
-1.359512459476330679e-22
9.991458838263376979e-24
-2.098226557411305111e-22
-1.792301378262781453e-22
-7.612183037677526462e-23
-9.110510481527312749e-23
1.609900294228550758e-23
2.125073688314705390e-23
8.349953173515238090e-23
-1.312762867873019143e-22
5.416552926281898695e-24
4.509407817173296878e-23
8.145824971555340799e-23
-1.242649162829123239e-22
1.257025193809363220e-22
-1.922516019001363272e-23
-9.922473008441941284e-23
4.510123722158860825e-23
3.482438351356253869e-23
-1.925260173389034253e-22
3.763193969068210630e-23
-1.561686525149237064e-22
1.010957621424512611e-23
3.698176163643590412e-23
1.948830796792325290e-23
-2.231481412230076409e-22
1.326275228606306472e-22
9.121034610990090507e-23
-2.956371947244171805e-23
-1.422068978984824090e-22
1.145086148532742134e-22
1.192189353376487833e-22
2.937770405312269155e-22
-9.761291485024577554e-23
-3.037446117353983132e-23
-8.323635624908282779e-23
3.387995335586636839e-24
-2.801232261077657682e-23
-3.225978342524415567e-22
2.623301688534361060e-22
-7.532555037523390024e-23
1.861755631604205636e-22
-1.036547416127515980e-22
5.308258078081321916e-23
5.504622886517591267e-23
-2.426999176071477733e-22
-4.677489885169458509e-23
-1.255456730316040673e-22
9.551004074904604909e-23
1.309663535946342619e-22
1.859645588904282301e-22
8.354820421615448972e-23
2.016176359877721201e-23
3.407433022595492908e-22
2.637448722390551693e-22
-2.481897978781108772e-22
-3.846281473828722143e-23
5.697187747361515260e-23
5.849199599811077804e-23
1.613329209793763443e-22
-1.909112324213432881e-23
-1.390365188722547966e-22
7.715077888381680125e-23
5.321069815495386970e-23
-2.238572928028045295e-22
-9.926598817480387854e-23
-3.422215263220144690e-22
1.508977455898207021e-22
-1.344050845344209578e-22
-2.552499551968098472e-22
3.049319122538682515e-22
4.407982622179394559e-23
4.748824483429663461e-23
-1.724993772592382661e-22
1.188964770876559060e-22
-1.347958824038098500e-22
-1.636745867173027285e-22
1.721087841306076989e-22
-1.118643091055119767e-22
2.256780509563931812e-22
1.466115020888009828e-22
-4.604956622056084811e-23
2.960395475745122624e-23
5.706424329954395420e-23
5.748261302893205662e-23
-2.904713874091691922e-22
4.798934683713848593e-23
-2.399068621094961560e-22
-1.066646735165277635e-22
5.358104873471978653e-23
-2.018245105471637204e-23
-1.277654784387658354e-22
-7.347620929095953422e-23
8.700386863982220842e-23
-2.260025736484634678e-22
-1.549434533724253878e-22
1.751471417031240474e-23
7.768931176354923016e-23
2.621213383824887399e-22
2.739890246025621224e-23
4.685389417185988032e-23
-6.084764420422619267e-23
-2.064095152582665720e-22
8.197157344305793708e-23
-4.638263372758918857e-24
1.593686865475949309e-22
1.235521963502434509e-22
2.739641068899419148e-23
3.163807883799329022e-22
8.522623411797055303e-23
1.654960319502832969e-22
6.314763098447398755e-25
-2.838512007565835231e-23
8.607405136617321919e-23
-8.152671502914327429e-24
2.056685287847083710e-22
-2.432306782689274968e-23
7.430525533164038341e-23
-1.193163550691975008e-23
-1.056218491952505011e-22
1.294225230101266562e-23
6.069993313046435339e-24
1.295821006425960120e-22
-1.068589524644331188e-22
6.246038521462069772e-24
-7.221083994282819821e-23
-2.869808315810143448e-22
-6.312192634939961049e-23
-5.259411164409177652e-23
2.847144967462111417e-23
1.164880113628314134e-22
6.044105100628152843e-23
-1.082484515407703653e-22
1.983542611679659107e-22
-2.721078540141729796e-22
1.628880972931182862e-23
-1.911267791632654325e-22
-2.302555222307803548e-22
2.609642891634991409e-23
-1.826820595740421199e-23
-1.669887988022107270e-22
-4.069870720054493545e-23
-1.143293969770389478e-22
-7.595296740989849265e-23
4.546329743055524870e-24
8.217650081560293255e-23
1.087643752387779254e-22
2.008622807678138919e-22
-8.156666266136297824e-23
-4.525089136540594535e-23
-1.678159090563534008e-22
4.351028466626398764e-22
-2.546946459758304140e-22
-1.490322936180206838e-23
-4.541229833999875193e-24
1.320480438066749466e-22
-2.057250669038814459e-23
1.383834298430445048e-22
5.495218856664031746e-23
-2.128011046430442936e-23
9.153615807047510430e-23
-8.722539309394337087e-24
-2.642273329514858433e-22
2.229646674930115118e-22
-9.314485005581080540e-23
1.125070180009090442e-22
1.754506596945616308e-23
7.041075396334989758e-23
-8.682937588639197362e-24
1.641538035873352319e-22
-3.926137580195910856e-23
7.852409103106899245e-23
9.627696493260251943e-23
-1.116136012259140504e-22
1.969872482031621771e-22
8.002434840308786245e-24
-1.828136624583757908e-22
-1.732919486221145973e-22
1.625403733495653851e-22
-1.683315139180816975e-22
1.830223056694147208e-22
-7.779903797554203413e-24
1.644297062809961271e-22
-1.929744382987110690e-23
-1.236701178740842294e-23
-6.906726563085049936e-23
2.523762571045324093e-24
-3.924673804030933937e-23
7.640816008454399443e-23
2.949923964229649082e-23
-8.193325810171795731e-23
9.394335546344844260e-23
7.355794044359859468e-23
6.389401233265383625e-23
-3.716453831628443769e-22
-5.535636159731520560e-24
-2.597487166589979746e-23
-1.554074713754775823e-22
2.204631395152502938e-22
-2.911920632417679989e-22
-3.149150686388856264e-24
-1.845502833871127885e-22
-1.696104445143121928e-22
-1.710099142594326276e-22
1.058285098223293498e-22
-1.343095299954608280e-22
1.770394846856902629e-22
-1.275484519695265685e-22
2.381070094393471820e-22
-8.948327676357513216e-23
2.416787832336617782e-22
-1.044458621229264176e-22
-1.682527363314333001e-23
-3.125455687235657818e-23
1.392745695420783924e-22
1.727347751086587591e-22
-5.708001739441936432e-23
-5.145498592850717490e-23
5.995477128370760493e-23
5.720401623234179930e-23
-1.851529071326443939e-22
-1.430835413559055931e-23
1.970406397486325694e-23
1.833006749723765763e-22
-1.208993447041872727e-22
2.153573874613512547e-22
-2.179366150134776383e-22
-1.948659275244165668e-23
2.057479924093516148e-22
-1.635497315356396503e-22
1.193535395206216907e-22
8.265860897559844655e-23
5.889866101676482884e-23
-1.264050010041356436e-23
2.093593337542694083e-23
-4.931952809380283778e-23
1.032877381312311469e-22
2.533504248545671656e-22
1.051953737389622304e-24
-9.389119791681321640e-23
4.437411191686548680e-22
-1.551676571474306260e-22
9.382604286429557814e-23
-2.608794224156309809e-23
1.894020442472641923e-22
-2.741415830736493930e-22
-1.041033276945841189e-22
-6.716003203371020199e-23
-3.576982315787207740e-23
-3.126937162248277345e-22
-5.744865842495688061e-23
6.174057571702245971e-24
-2.806213534650078280e-23
-1.724215340780409448e-22
1.479294813818199992e-22
-1.896127227948180260e-23
1.144434627777447311e-22
-3.594616938941987371e-23
-1.207023980972054925e-22
1.038680867609224387e-22
-5.155305260377630896e-23
-1.848205896329030055e-22
-1.723533266323927470e-22
-2.634231712730158618e-24
-7.303271816048505069e-24
-9.721856916777737548e-23
-7.335058948460309232e-23
-8.772305300020986206e-23
5.638285907249750462e-24
-2.849126974598138835e-23
-1.827928907943029055e-22
7.541315723546556876e-23
1.146571341332485359e-22
5.753633284989682372e-23
1.375305253385199082e-22
-5.903203448801495892e-24
1.212172629759155022e-22
2.118589071173673208e-22
1.249165011200111304e-22
1.785813588759750829e-22
3.213065872628020143e-22
-6.817213018891090928e-23
-8.334887141115830384e-23
5.170525069585311944e-23
-1.250462411110096573e-22
1.782855974017959657e-22
2.344370735888383992e-23
-1.029348906445596654e-22
1.782253568393647460e-22
-9.155992220618547694e-23
3.739191274806419716e-22
-1.549614092822428472e-22
-1.843464018159630522e-22
2.967546537226508681e-23
-2.478594939188358015e-23
-2.840256757508297994e-22
5.367883504009561323e-23
6.918640077894092923e-24
-1.332179063471271915e-22
-7.985490432962296702e-23
-1.784133805523176110e-22
1.698884831939909379e-22
5.397798550681481087e-23
7.175497764340083712e-23
-2.220133773595818873e-22
7.184889426904009980e-23
-2.587699634788388283e-22
-5.574036634634268607e-23
-3.655221730282106114e-23
-6.166715669991902978e-23
-2.217924966488858812e-24
7.094761501609950732e-23
-2.300299776417154977e-22
1.377841078819400104e-22
-2.116044333709650834e-22
2.256998682133624231e-22
-1.336467128796815336e-22
6.378120318797588453e-23
-1.857140626214329794e-24
1.293780795245152323e-22
2.993290140940647324e-22
-1.908778798596266097e-22
9.750709083345487727e-23
1.675131017361345768e-22
5.024157720274782940e-23
-8.074030624893525756e-23
1.474221661071925686e-22
1.544828871261885822e-22
-2.150307190389731451e-22
2.308321034817356281e-22
7.842079809683377686e-23
7.877516176976861493e-23
1.483558300906793677e-22
-4.915443897831395264e-23
6.981355809563072416e-23
-6.527158855526705585e-23
-1.405365897927900529e-22
9.075656445084053808e-23
-1.626256112165157200e-22
-1.689931297346128796e-22
-2.756928418643347444e-23
9.257194533511917248e-23
-8.069103374308043741e-23
7.005827751269665721e-23
1.121879705336142361e-22
-7.615271742507724725e-23
-2.538921263690699954e-22
7.304745362748230773e-23
5.742370009073744912e-23
-1.885295180901401729e-22
3.296047216897205130e-23
-1.791998704239229684e-22
-1.387278046494345192e-23
-8.045118824352605540e-23
-1.006627076298927718e-22
3.402979847801142795e-23
-7.984659876989917255e-23
-1.647733282021621076e-22
-1.909136793238789503e-22
1.875152179433921748e-23
-1.293589903551658101e-22
1.377668791162715673e-22
-1.863417399264619089e-24
7.310530330231984547e-23
2.155559934656280913e-22
1.330680556100959911e-22
-7.205072972381281631e-24
5.694037047970317304e-23
3.599511473414115836e-24
1.773290555318019273e-22
-9.307506974410543590e-23
1.862553823849803088e-22
2.030965817814928031e-23
1.138873600842510352e-22
9.303117757575412612e-23
8.418247139858891230e-23
-1.222404428058744438e-22
-2.577212928589189619e-23
5.788860689419392163e-23
2.307281932028701489e-22
1.577841378545649072e-22
2.176477510097228565e-22
-3.919783034528752028e-23
9.421292260846473547e-23
4.017777756607328651e-25
5.430312555470129472e-23
1.500511771622386435e-22
-3.504355233423548477e-22
-1.961195001726380169e-22
-1.015463672441979805e-22
-1.327383960709814786e-22
1.156723697889788432e-22
-9.355855171783870557e-23
1.260128725207699855e-22
-2.879715348855895082e-22
7.763231619435313909e-23
-1.178972532291022238e-22
-1.840588168386543898e-22
-2.307672221174468413e-22
-2.317030896987478469e-22
1.556900788391490907e-22
-2.057882844608796140e-22
1.376357480533921340e-22
-1.242178957802142058e-22
-1.836692372300268268e-22
2.445489305486504219e-22
-1.645806893548366618e-22
1.572253198213219299e-22
-2.852088749669926091e-23
3.125624000358376007e-23
1.390418439804828260e-22
-4.474560636150779447e-22
1.571896390108546012e-22
2.282913864286275750e-22
4.028993973891611769e-23
2.686715280200496073e-23
6.728139975309601289e-23
1.027268229248302145e-22
-1.894346436552156286e-22
2.400722018984897832e-22
2.058254703575929867e-24
4.350310246685539873e-23
-1.969117376198118562e-23
7.649411644021478898e-24
3.188300886934533893e-23
2.058679919463212614e-22
-2.150413439020610876e-22
2.474352705743332645e-22
3.389986711139636449e-23
1.475966509445097225e-22
5.469102244949584552e-23
2.629347304207605909e-22
-3.223600080643231142e-23
2.135517981778550203e-23
-5.060505858586779399e-23
5.887134032609845642e-23
1.542772060083445962e-22
1.800867800410912786e-23
-2.810773240349106809e-22
7.939197468469048091e-23
1.865656177332884969e-23
1.788344997882941150e-23
5.150725026044525354e-24
-2.705420503998129007e-22
-1.577661915260893125e-22
-1.622008399235484560e-23
-2.223241432234518587e-22
-2.786482790632725354e-23
-1.020264152526227759e-22
-2.307366661745371172e-23
3.292988848194016348e-23
-3.490378001357671078e-22
2.717502760895400565e-23
-2.959043802044192756e-23
1.125775595063495336e-22
-2.400802285894227595e-22
1.517579739472551236e-22
3.236322367924962798e-23
-6.721343504872162080e-23
-1.409737873897215845e-22
1.012904190681236450e-22
-8.881306944221758553e-23
-1.540145272755582577e-23
1.974940171094957631e-22
-2.668087513700015783e-23
6.572451976619998509e-23
-1.496770058877953146e-22
2.305133768551745080e-22
2.674597476995997110e-22
2.187274494548260158e-22
-9.031004465611016187e-23
-2.537592565357984968e-22
2.066525781201914067e-22
-7.304333106547604915e-23
1.887424802949898092e-22
5.542014219453031369e-23
8.642336394515547715e-24
2.195049325713544400e-22
-8.892257319788184990e-23
4.678330069489583525e-23
8.075968822886667249e-23
-1.079258992348747928e-22
-2.442062737195411458e-22
1.648128404854899473e-22
7.017887387684612409e-23
1.985688954440600855e-22
1.249160343036372191e-22
-2.757536263317391624e-22
2.032623406049948306e-23
-7.896979803438427820e-23
-5.818715092469109796e-23
2.086132997046595953e-23
-1.600875144739351742e-22
-1.146401198460422841e-22
-1.048349367308883777e-22
-1.761772421126281735e-22
4.073864079852223297e-23
3.709442865949443254e-23
-1.259595201766248241e-23
-3.003142559626657191e-22
-2.794053710323932769e-23
-7.468528363863164641e-23
9.470033121453029535e-23
-1.109717904246150264e-22
2.420173409288766316e-22
9.876797280658553692e-23
1.273875615844590159e-22
-2.525253262807543604e-23
-5.867374299114804346e-24
-3.540647760508604468e-24
-2.840440172205695173e-23
3.846193300427261317e-22
-9.877717481436819562e-23
1.822787651518386178e-23
-2.137153527064151525e-23
-5.721624422544004516e-23
1.836874723047078540e-23
-2.299416986039195031e-23
-7.069893563757138930e-23
2.951463319564549829e-23
-6.830574849877459983e-23
1.254793184013396607e-22
5.060774008411969725e-23
2.740427828275237179e-22
-1.846114103612568963e-22
5.211934318676943773e-23
-2.022808021845259088e-22
3.859903792166788133e-23
-1.212035977513497861e-22
2.861918903976942496e-22
-1.027628216866539035e-22
1.360444800377967443e-22
-2.387177190558471391e-22
3.765598744092175140e-23
-9.279654297994866503e-23
-2.568546761584742220e-23
5.280510371864775655e-23
1.167982940404999257e-22
-6.662971672408989615e-23
-2.074150321146430463e-23
1.490391812103811382e-22
4.275254385724778330e-23
-3.970071839181754780e-22
1.867015454598947910e-22
2.081207268186964987e-22
-1.641468023688695289e-22
-6.233948543538790979e-23
-2.377941199212951534e-24
2.478410045300696719e-23
-7.700834060188389877e-23
-3.751743342371380041e-23
1.968627614620649221e-23
-2.093747872619776751e-22
1.859567065057754431e-22
1.893532548219642520e-23
2.420282495702783368e-23
1.493298658352427666e-22
4.686512196482787059e-24
-1.681918177558885487e-22
1.240012572784550365e-22
-9.801098930756448926e-23
1.004424882077069760e-23
-6.210299855693252095e-23
-8.309629036591971396e-23
-5.044515374816413971e-23
-7.261235306577212155e-23
-1.478346954543030265e-22
7.189440648804833971e-23
1.508524491727034520e-22
-5.127390990839860386e-23
2.067079779653046388e-22
7.242423718693481251e-23
7.051462532563546740e-23
-7.988129257328917584e-23
-4.702280888300228475e-23
-1.018343155518402323e-22
2.052994626017822162e-23
-2.132319780125525512e-23
-5.247579168686214270e-23
1.450327837223302809e-22
2.593873416750618341e-22
-1.088676919406591732e-22
-7.360545985495030001e-23
1.787566440997782966e-22
-8.367989016262544304e-24
-1.874138008671339913e-22
3.082270434666959269e-22
1.060201399787173667e-23
4.613429505231342256e-23
-8.615636571918689709e-23
1.023857907658264113e-22
-2.786985802775229960e-22
2.599666727438634650e-22
1.462587959182620683e-23
-1.582826783934641426e-22
1.800029198303122519e-22
-2.127624032265045885e-22
-2.266212993237566675e-23
8.008602626077248455e-23
-5.235471036480763591e-23
1.192830983086872234e-22
-1.409431067066815207e-22
1.576578524581814963e-22
-1.865265305456557204e-22
-4.200853160310989331e-24
-1.292309304179984264e-22
5.818300085305782961e-23
-1.366934522611720118e-22
-4.035669048297629821e-23
-4.880147346037650983e-23
-1.893396083037216218e-22
4.282624194012386334e-23
-1.239036201653511908e-22
1.656060933143694754e-22
-7.676845042244544998e-23
-1.106452336782793514e-22
3.233932359207593796e-23
-5.731615329262441373e-23
2.233812544207043946e-23
6.462607769030593643e-24
-7.477726807346783770e-23
1.526413035662384234e-22
2.397454633994676213e-22
1.449062683699778080e-22
-7.884880717321082890e-23
2.660642716187099114e-23
7.644698605039366081e-24
-5.772747949295852650e-23
2.847941356159382245e-24
-4.081998721749212151e-23
3.400891966180236381e-22
-6.721149942164573111e-23
-1.228062517908719818e-22
8.730143039728449176e-23
-1.059736941580537527e-22
-2.545716720636391881e-23
3.188767625673043082e-23
9.901310405867567080e-23
1.126200066339014233e-22
-8.181549850570675919e-24
-1.509573678878742531e-22
2.162921183581750130e-23
1.055803677706257583e-23
-5.649930900735385499e-23
1.780397874327952208e-22
3.314432257598637508e-23
-1.630126142991099970e-22
1.041571221010465762e-22
3.366638930734790753e-24
1.032444890030134413e-22
6.235936422422058429e-23
5.784310799012352290e-24
-1.124374382890538334e-22
-1.070593211155413011e-23
-2.008809379847351644e-22
2.370435353133365330e-22
4.838066586860924175e-23
1.610541022744621992e-22
-2.093010002783572347e-22
5.407531648539185579e-23
-1.899960165077995975e-22
-1.008894381179176234e-23
-3.986637885011478473e-23
-2.598985435211581157e-23
-1.310794754954891469e-23
-2.159089056866408180e-22
-2.191700821020985182e-22
5.319415534216460783e-23
1.735406061877224070e-22
-2.138218259657058343e-22
1.949186716651630488e-22
-3.262875018168472751e-23
2.278503440007949113e-22
-1.665996484282470981e-22
-2.673889701355789112e-23
-9.599497152554015809e-23
9.636337687950452232e-23
3.183098273873066836e-23
-6.664801175505228050e-23
-4.973536581340661252e-23
1.817878834111625578e-23
-1.548174364121663712e-22
1.928930556614861015e-23
-4.254748785427434671e-23
7.196484453453522964e-24
1.577444597189592471e-22
1.084490753547507754e-22
-2.545161458425699371e-23
5.488706317344084876e-23
-1.463040374815624284e-22
-4.368494095262901635e-23
9.726418334501612241e-23
-5.436304505173621845e-23
1.573474115146191872e-22
-7.924820524582208773e-23
1.109704619773930726e-22
-2.993808274142753575e-23
2.203383198719960418e-22
6.353156217208512284e-23
1.074613096747486779e-22
3.626912903884441203e-22
-3.029628865663829338e-22
2.957253472325717199e-22
8.713999573458793402e-23
-1.476081736192614207e-22
-9.808536859391646336e-23
-2.523712643819340423e-22
-4.400538148758212639e-23
2.098665132800892296e-22
-1.183677594946324120e-22
4.055037423874773651e-23
5.501164528332511923e-23
2.270561253272360896e-23
-6.143037282583102423e-23
4.310519972934334068e-23
-7.899597251609634821e-23
-1.456568753911832533e-22
-1.178646581092490666e-22
1.084927158363486546e-22
-2.118704889346135482e-22
-3.088633958872121477e-23
6.151832059048388173e-24
1.806354388356536716e-23
-1.020773006087008917e-22
1.456788075323928800e-22
-2.749719816352542868e-22
2.355063744465011195e-23
-1.999747701301786484e-22
-3.880884298426272190e-23
-7.579551134797300146e-23
6.023576561181984544e-23
8.483204990445289871e-23
5.203550837425189077e-23
1.109998774743174126e-23
1.443510933357297918e-22
-9.777168866541086431e-24
1.468308497682986923e-22
6.824479759081975164e-23
6.289558202935776968e-23
-1.380006756225324172e-22
1.129637483789775082e-22
-4.513485431411545028e-23
-1.056069150507627948e-22
-7.842471256343983959e-23
6.614240446012435351e-23
1.214323221415327758e-22
-3.942926088708384337e-23
2.331961391110985339e-22
1.232964635823095466e-22
-1.011327295216594076e-22
1.005158778937439440e-22
6.598519358192610313e-23
3.180831924911211927e-24
-1.714765058574732790e-22
2.255941263197946964e-23
-2.242465633360203759e-22
-1.984837204103298950e-23
1.395530559671343036e-22
-5.355531560622906312e-23
2.805515614571836969e-24
-1.214159666191349048e-22
-9.144916373079534679e-24
2.604862527683155660e-23
4.455187437007068792e-23
2.340266264807990614e-23
-1.838786770106855485e-22
1.885138309674996975e-22
9.991416895833401711e-23
-1.704161193628700022e-22
1.796667671347650955e-22
4.544231798860781841e-23
2.275897699985476735e-22
4.769724897359989209e-23
1.876180157480341748e-22
6.370244926879566910e-23
-1.086935562174416154e-22
-2.870134502608554277e-22
7.982990358746533240e-24
-9.308351769160835165e-23
-7.447122474896893337e-23
-3.282519806236878150e-23
-2.503724435803247075e-22
-3.179037500214722526e-23
-2.922317354196929341e-23
-2.075110916610317388e-22
6.242347205901784390e-23
-7.073460579264865235e-23
1.361076679971672154e-22
-1.344570822206594076e-22
-8.213136784209062511e-23
1.014887397626531724e-22
4.886526208164909322e-23
-2.947994825966583219e-23
7.698039800048413484e-23
-4.315022004677618426e-23
2.799035839821897308e-23
-1.506646901171640372e-22
1.258867696981928230e-22
2.243068737913379746e-22
5.920148910208677576e-23
9.516656288740730045e-23
1.934146707432961669e-22
-1.777055792108214533e-23
2.269313410378480543e-22
-4.549162006604851606e-23
-3.833478034130354641e-23
-1.516774086416896500e-22
4.484974828280541499e-23
-1.521165028742545818e-22
-1.413356444575641888e-23
4.371011065480547956e-23
-3.887251914234299743e-23
2.033711802613574449e-22
-6.655321167450002831e-23
1.228472447684588603e-22
5.699526007126714514e-24
-2.442137545340978972e-23
-8.239864546108490987e-23
-7.547854606857511905e-23
-2.739155850109358944e-23
-6.899024227826957181e-23
1.816537281464426068e-23
-1.109345012985774727e-22
-1.821436185271929131e-22
-9.410940233485649273e-23
1.328959432794670712e-22
-6.276350443275463374e-23
4.418241162730564688e-23
-9.202727559661329678e-23
8.049186695476795799e-23
1.615725336065934582e-22
-1.400064844717530949e-22
-7.388533168944587673e-23
2.426652917573213861e-23
-9.565381435275206469e-23
5.035830316692729725e-23
-1.753360364202442980e-24
3.153249252815157863e-23
2.800687819111379704e-22
-2.322946177918576939e-23
1.608049892378265534e-22
-1.693880682911104852e-23
2.381693294201508629e-23
1.413601491014980703e-22
9.595905982896254720e-23
-1.513581193165799434e-22
5.774421232981261751e-23
1.763084017381251528e-22
-1.333381233906450548e-22
-2.086342585049516628e-22
-1.021106387711657007e-22
-1.724732595601829727e-23
-1.108791425500165143e-22
-8.609477286729586265e-23
-3.109512273663596616e-23
-1.426101158198326006e-22
3.411053497115606730e-23
2.326910285905132142e-23
1.100404013009689074e-22
1.151278497826133927e-22
1.303903272456653025e-23
-2.367315005551388920e-23
3.469696675316688832e-23
9.135334931380366284e-23
-1.034423214186659307e-22
-1.579322896476156741e-22
2.014406801809798910e-22
-1.932552759401893636e-22
5.277248672638371499e-23
1.246819850160475618e-22
-2.491676724678245201e-23
7.734029322856383686e-23
-4.141555284626012151e-23
1.409864030238368527e-22
2.135737678053366493e-23
1.260347605166071912e-22
-8.221703208359925651e-23
-6.819282937441648239e-23
-1.975221819704792027e-23
-1.842620059097182585e-22
1.002115373007638627e-22
1.589991329922955066e-22
-8.826518030950348003e-23
-1.449278138568484086e-23
6.059208773194026700e-23
-5.764387481699534938e-23
-1.496493529657526680e-23
-2.993997142146368855e-22
-5.271958219234211796e-23
1.336959690382265642e-22
-1.305612443696874325e-23
8.800962236287357192e-23
-1.452875300065193662e-22
-5.507350070693321464e-23
1.937618486163212726e-22
-6.329807401123821086e-24
-1.395184194411908173e-22
7.927042196401565927e-23
-2.889661747165340183e-23
5.883018581073467402e-23
1.875310625617485903e-23
1.515608584790449467e-22
-3.581303296607589842e-23
-6.937300707751143783e-23
2.283920073715123271e-23
-3.332633859994743582e-23
-3.055381610432030893e-23
1.516125244258064043e-22
-4.120874091438479495e-23
1.303910764576218634e-22
8.295567006482878597e-23
1.500220620077549852e-22
-9.044690568656080654e-23
-4.034117265102463301e-23
1.178787934765036078e-22
1.728117419394961533e-22
1.277226684259965972e-22
-1.985009706394549669e-22
7.212459304519141642e-23
-5.298692436755536397e-22
-3.657979416645838347e-23
-2.753788512851126932e-22
1.734487392104970630e-22
-3.076334235985643628e-22
-8.050337299364080292e-23
-2.391010594163273149e-23
8.740855897695221739e-23
2.339247017212624666e-23
-3.019935538293666401e-23
9.929880789141711927e-23
-3.382872730967949086e-23
1.835172485908625047e-22
1.656190898431442371e-22
-3.984632197780367339e-23
2.092464904256736555e-23
-2.059899877606872440e-23
1.681812796289158950e-22
-8.044103440479152357e-23
3.141426182990268611e-22
-2.094157422946305071e-24
-4.326043165958664029e-23
-1.614440903550377203e-22
-1.312446677029452928e-22
-1.165929657762455938e-22
-3.519254499391119106e-23
7.932542649760626035e-23
-1.680324404819667395e-23
-1.534469032535815996e-23
-2.080804997856561284e-22
-2.929621053517699734e-23
1.432913165820760841e-22
2.616547894730308776e-22
-1.061005348723950052e-22
-2.294102774159760357e-23
8.075808419245368134e-23
1.561710232559173925e-22
4.381186314683942826e-23
1.637977204613104959e-22
-2.432531614088227167e-23
4.465227211469851226e-23
2.510520842114684935e-22
-1.206301955063975225e-22
1.606337773420467398e-22
-1.533707079419083852e-22
-1.075545009329968135e-22
-1.030912429879471953e-22
-7.395047645781136316e-23
-1.054341015337255547e-23
-6.725257309960609204e-23
-6.053999427215895959e-23
-2.642237542835157721e-22
-8.395595155045305810e-24
-2.015659565414466340e-22
-1.896900504002375499e-22
-1.143352786796584697e-22
1.528911184106504547e-22
5.071121311830656929e-23
1.975326001187395728e-22
1.121217182587309184e-23
-4.193813078644316313e-23
-2.544442397584376523e-23
7.046754656876274905e-23
9.087481111595314076e-23
4.164122878557451533e-23
1.732213371529450572e-23
-1.687684799505047975e-22
3.620592269281392380e-23
3.571037216648279896e-23
1.655394980396000803e-22
2.781790970098896921e-23
-1.092596267991745396e-22
-1.396984344114656663e-22
2.297245194302906841e-22
-7.304313720777149367e-23
8.558772219004826902e-23
2.218591893093582495e-22
-1.004031558150883198e-22
1.459594838090657958e-22
1.090005430844987346e-22
1.334482442454807047e-22
-2.185150785719719937e-22
-4.453908357487512241e-23
-8.287513000141700295e-23
2.212690070729741094e-22
-6.090281840358525072e-23
1.145188590736484355e-23
-5.411836179894394833e-23
-1.119122892871242004e-22
-1.783976346515682698e-22
4.565636700772530047e-23
-1.311577372636753883e-22
-1.395908007260654067e-22
6.051470572607865284e-23
6.575071259161099102e-23
5.863559388253076348e-23
2.335160726547066352e-22
-1.085602382105530001e-22
-7.495165969396442273e-23
-7.638532670663895229e-23
5.683291241959454626e-23
1.921137707808579159e-22
-2.809196986820098116e-22
1.418138292628984659e-22
1.343093578339400472e-22
4.891564938842389797e-23
-1.646861438241202771e-23
1.012740018596191503e-22
-5.593539075404351451e-23
1.048462607627879422e-24
3.259779016823807206e-23
-1.646919677940276230e-22
-2.487222081874676273e-22
1.905698622616359376e-22
-9.714586938636011575e-23
-4.502053144754094294e-23
-1.037575657070024336e-22
8.848395606932787536e-23
-1.857729666259797711e-22
-1.535825817152320293e-22
1.123782430216998830e-22
9.675547962768376090e-23
-3.026909871857193662e-23
1.732799389586196990e-22
-9.021411704195528507e-23
-1.204071272160854473e-22
-9.377637706547025536e-23
1.406747032095919275e-22
1.333466757652253462e-22
1.081773051706682879e-23
-6.498819526059747484e-23
1.427673115452949551e-22
-2.920666370512104646e-23
2.835880356681946609e-23
9.044965861168339936e-23
-4.255056030954600324e-23
1.677391003622126768e-22
-1.511907581801045061e-24
-2.045217655561119482e-23
-2.921459876650151275e-22
2.438928494083438870e-22
2.527419707359553678e-22
-1.197339731347241742e-25
-1.281571297185636998e-22
-4.469823588731666842e-23
-7.976064814824873778e-23
-1.906858546280854472e-22
8.140768835954495676e-23
2.214022032304077818e-22
-4.025694194238520648e-24
-1.402433386162170602e-22
1.771450575462225830e-22
-6.981418145512011340e-23
8.011054517287280652e-23
-1.502905929404647794e-22
-1.555750476723497645e-22
2.040239433582066697e-22
-2.452066540242617709e-22
1.106999892906996948e-22
-1.075434551387751655e-22
1.996231777516416158e-22
2.496904129576684522e-22
-3.198140148977061142e-22
-5.438106340731563805e-23
4.877262774339925433e-23
-1.008102880694081697e-22
1.327356822287633581e-22
7.972577558685628374e-23
1.299989867472399698e-22
-6.198867175597018119e-23
-2.366485061349760815e-22
6.557952436758081550e-24
3.258584036625608229e-23
-9.796944846699933508e-23
-1.205917113110437897e-22
9.104743681270274652e-23
-1.426353489745685055e-22
-1.237421003658717837e-22
8.168937421480604502e-24
-3.663310630702061524e-23
3.168138207629663851e-22
4.536220698528970143e-23
7.780394438760641215e-23
-3.801961841013610162e-22
1.577390266504940170e-22
1.786679755313125722e-23
-3.873846051689970233e-23
3.506178369089410528e-23
1.525909617055978099e-22
-2.905323852705767055e-23
2.176515273468308282e-22
-5.986791512722377813e-23
-1.137327087644711332e-23
-5.587361305190204493e-23
1.963989956677889994e-23
6.798974619357261554e-23
7.962615496849515614e-23
1.043204172324342756e-22
-1.957005143404407768e-22
-8.373703887166745539e-23
-2.843506880904862235e-22
6.097833589740140996e-23
4.495473741789563435e-23
1.841615436127512144e-23
-4.696984134167712495e-24
1.754134513089250287e-23
5.526708569053057255e-23
4.947323629264333311e-23
1.535869715368216595e-22
-7.335227183871964579e-23
-8.472370620971805569e-23
7.491994953509961428e-23
7.976389979676183597e-23
-3.169444192938832848e-22
2.686856241019583430e-22
2.230161009640114429e-23
3.019693702329240069e-23
-2.153974885352122886e-22
3.785443679712889718e-23
4.685535936666316508e-23
5.290216707374108108e-23
-1.824506313226635433e-22
2.210556158510351159e-22
5.773719667269901024e-23
1.991989119165988758e-23
2.210098612056539833e-22
-1.350879731939749165e-22
7.505486549286376920e-23
-3.311730378179655522e-22
1.824932929452421264e-22
-1.153338821835347876e-22
1.784155185737106767e-22
-1.771461076894338738e-22
-1.790830592874604691e-22
7.267069906315651416e-23
-2.611076528029179139e-23
-6.742776778632987153e-23
1.037303546757773001e-22
1.530120053116356166e-22
1.134561587619849201e-22
-1.756994201223148601e-22
-8.992859969310869778e-23
-1.203347720691895974e-22
6.139802774951177654e-23
-2.955324863767437367e-23
1.252321277132886655e-22
1.442444755307427783e-22
-3.674821872249772683e-23
-2.245053985759809581e-22
1.425561318485714037e-22
7.402076258274016069e-23
-2.462317454961319349e-22
5.986445680428550663e-23
-3.016710914591928298e-23
-1.651862981248105123e-23
1.084154390820043261e-22
-1.417267303256674627e-22
-4.572364225093382347e-23
-2.957875084366909171e-23
-2.085673913436819911e-22
1.066195613478796871e-22
-7.712139381648537755e-23
-2.065178459612551661e-22
2.547857753190523765e-22
9.160263373478419754e-23
-8.822760905486270564e-23
-1.618340444966370421e-22
1.380302168855310009e-22
-2.089905985530393993e-22
3.125889554880752170e-22
7.206619734036391105e-23
1.157636959538742825e-22
-1.349710106658948199e-22
7.110401713122939705e-23
1.099268083481764848e-22
2.304033680841239837e-22
4.492225276782555215e-23
-1.092288318364274905e-22
1.798685291427790094e-23
1.062812132118019151e-22
1.910802583185890523e-22
8.259101723888261518e-23
-1.132036899774746708e-22
-7.023241270412399142e-23
7.353690889415724856e-24
3.340297247159851550e-22
1.533739520786944929e-22
-2.107301942123763261e-22
2.044474773053323439e-23
-2.802255012175157425e-23
-1.682526084496999803e-23
7.979533319809251724e-24
-1.106539806350979383e-22
-1.101191593612746615e-22
-5.830907281356262839e-23
-9.563113714890038555e-24
-7.070678403835589574e-23
-1.516124820063398577e-23
-9.935540099737667179e-23
-9.657958165815989556e-23
-1.543011854296533702e-22
3.108084512222045103e-23
-2.322476144103462559e-22
-1.696464702329738250e-22
5.878378018441254108e-23
-7.691594364840215388e-23
1.291102492973599854e-22
4.501213840665123511e-23
5.145207011656431707e-23
-1.579031954509237008e-22
-3.858117155737181852e-23
-5.572201337224564444e-23
1.472422400481611136e-23
-3.361835223491476590e-23
-2.574537217682020145e-23
-3.852819985728651841e-23
7.742250340508968565e-23
-6.056037137008523281e-23
-6.392770658610127368e-23
1.561857331473291769e-22
-3.938501697235927584e-23
1.383070794187487070e-22
-5.240590062039662204e-24
-3.966163065856640600e-23
4.493958647697057061e-23
2.227926922756887388e-22
2.967153419084357399e-23
1.990813528838197063e-22
7.492382027878061738e-23
1.890619290586360786e-22
-4.148028876072759117e-23
-3.630794736936297997e-23
1.121510257473015415e-22
2.019367329982115600e-22
1.362939178974168784e-22
7.557726624671897500e-23
-2.503079378716754670e-23
5.360539836958678838e-23
-4.636569338821840557e-23
1.819854699117164977e-22
-2.593308939829367854e-22
-1.500194584604077381e-22
-2.716937095760340769e-23
-1.127447416176430573e-22
-1.775451322243202304e-22
-9.267770518011266148e-23
1.542927434651159029e-23
2.487315977112131182e-23
-4.364945582276919170e-23
-1.549912136071835997e-24
-1.026912161760493847e-22
-2.147667069848820049e-22
2.007988095528157603e-22
-1.317286487363774256e-22
-8.006929171525215479e-23
-6.413225334583573792e-23
4.984916540957840937e-23
1.355274224724101507e-22
-4.712986902506711981e-23
-1.502287560103700944e-22
-1.871994792842117455e-23
-2.121724990363744701e-23
8.708898464386105831e-23
8.764135786276876467e-23
1.336859102941733019e-22
-2.516773537115487101e-22
4.466666688307223194e-23
-2.774622427780614070e-23
1.262462176028878157e-22
1.028982070577349497e-22
-7.270471589303621645e-23
1.998203078209282016e-23
-1.415402100845640188e-22
-1.106319703596305523e-22
2.124734472451550016e-22
-4.765515631792166851e-23
4.538436677631137958e-23
1.596494909995145005e-22
1.486653310606628451e-22
9.361531374029881057e-23
-7.293476808779952689e-23
3.514127361974104021e-23
-3.209811517383341319e-23
-6.140465030780896738e-23
-1.267882720178870849e-22
1.175559159685841710e-22
-1.723298638521092803e-23
-7.019679136490326043e-23
-7.197230210152303540e-23
-1.269727240131369683e-22
8.694447016418395669e-23
2.510125735929336349e-22
-3.140008992067503561e-23
-2.701841321252902670e-23
-6.503499068547320377e-23
-3.964635146561576452e-23
-9.270947640600828916e-23
8.637501354766447034e-23
2.051479328253346456e-23
-1.083510509181342111e-22
-2.514625761471678303e-22
5.548762105569237615e-23
4.381894513977754578e-23
9.520110586612386445e-23
-2.994596518239462117e-22
5.761274982001413116e-23
-5.155405945479407446e-23
7.956944720160617302e-23
6.139538100763439546e-23
6.026424051196359361e-24
1.955370157475470509e-22
1.524539084828681947e-22
9.436544616241004686e-23
3.415018450764052097e-24
-1.956631106744428111e-23
-1.173444114908968336e-22
1.623545284679324406e-22
-2.091615654301738613e-24
-1.505463897643211965e-23
2.429587457204056058e-22
1.092332505904209977e-22
1.238690431102712909e-23
1.177987864478758403e-22
1.163292424928731751e-22
7.384979552409006931e-23
-1.480325039250174642e-22
-2.286122154147684562e-22
-3.528096584778428255e-23
4.439423243470412391e-23
-7.899701859404958727e-23
-1.203219098821942398e-22
-8.216635342412703434e-23
-8.531902948093367873e-24
-1.098097446235535770e-22
-7.233173992566349610e-23
9.282030147853926165e-23
-1.557416892073091794e-22
-1.136096652757412925e-22
5.152689750226085529e-23
-3.217830217271971078e-23
-2.056417595511743031e-22
-2.395169935872304942e-22
8.230218756671111733e-23
-4.913360165292627121e-23
2.002329721344803518e-23
-5.119045050766447641e-23
6.562166769200717908e-23
1.363059137205967977e-23
-1.042821502622479731e-22
-6.303900463822253995e-23
1.012075629005343595e-22
1.006776890447267542e-22
-1.691166561785380043e-22
1.334790421083971423e-22
3.508140186747334321e-24
-2.909856131170493759e-23
7.423503213631042982e-23
-3.047450758875982955e-23
1.047472748105996468e-22
3.183281978504236643e-23
1.518629481577614335e-22
1.126158402352828743e-22
1.219171652816343740e-22
1.791955020855245424e-22
-1.326356531661992305e-23
-2.611715290033428102e-23
6.921599846255241075e-23
2.149734761897055375e-22
8.965556180976143990e-23
-1.104099018713861259e-22
1.064587839600999456e-22
1.213971082838551723e-22
-1.927487585102952837e-23
1.396895804909308888e-22
-8.999725790380446453e-24
8.470324471047752138e-23
1.068253668915921983e-22
5.344994715045993244e-23
-1.366992230430195715e-22
1.112957657001056838e-23
-1.026287904610016712e-22
-3.832429896986234248e-22
1.907838309579715096e-23
-2.076589126990836076e-22
-5.666826853977867264e-23
-2.837089415436073561e-22
-3.447060155521744894e-23
-1.522466778447248555e-22
-3.330733401524200931e-23
4.562442794507533615e-23
7.877174394993478787e-23
-8.497603833980757563e-23
-2.392696625451904276e-22
1.560163042537104743e-22
-3.250394017265404603e-23
1.980080482175802090e-22
-7.448572968393174554e-24
-6.111817884604516440e-23
1.605160209026725245e-23
1.421997453815898323e-22
4.680687701783379101e-24
-1.747946941194310462e-22
2.840173636780468533e-23
-1.285253488139616343e-22
-9.473042304085933669e-23
-1.821392560545399564e-22
8.638392747977242688e-23
2.340359250960050123e-22
-7.021276414198948198e-23
6.932950843020313616e-23
-4.936960155697036326e-23
2.805151883056541035e-22
6.283745799023857731e-23
-1.537792529944989598e-23
2.066865434890296614e-22
-4.262259731392503225e-23
1.761202277531016464e-22
6.208019836758362466e-23
2.731414513536876356e-23
-7.344533180838638278e-23
-1.993353033926052812e-23
-7.147426028462088616e-23
-1.679056231441613211e-23
-1.070331868688292985e-22
-1.243281973504378095e-22
-1.631739904380374620e-22
6.028359733770078610e-23
-7.430970420360165002e-24
2.921583400712370126e-22
-9.072884982480268887e-23
-2.349341535287770205e-22
1.954347139570149069e-23
1.947359252652138084e-22
-5.816352069955914382e-23
1.658429881784126460e-22
1.495865764469462286e-22
1.074756081199226956e-22
-1.391317655733794139e-22
3.375995713521157587e-23
1.505590507063891615e-22
1.982682493207890858e-23
6.641808103980261646e-24
3.614476812747598204e-23
1.757765220537805943e-23
-4.852602805470066670e-23
5.442215571021082985e-23
9.720197264243332747e-23
-4.117049969056182969e-23
-1.157061502786471978e-22
-2.461042885745328062e-22
-1.449560749955793802e-22
-9.940945400666889149e-23
-4.493903535736645792e-25
-2.335095250274231866e-22
8.566986046037212032e-23
-9.177562191808841416e-23
2.987262641991330613e-23
-8.818202105852025556e-23
1.225567516281259355e-22
-1.199118012741874787e-23
-1.903932317239230955e-23
9.554947809706371460e-23
-2.472319212591900878e-22
9.416860841541308214e-23
7.417175993205272757e-23
-3.276484561754638035e-24
-1.202063738525856575e-22
6.770005492060671591e-23
-1.575306829375655596e-22
3.256148351203789798e-23
-5.712193551620852570e-23
2.868621369177762694e-22
-1.680843187700708468e-22
1.167180318721760006e-22
2.083020987115669969e-22
3.034755300032019635e-22
-1.044029988575333188e-22
4.738295380090754786e-23
1.933878989295474615e-22
-1.052174152321633478e-22
-1.551832168404415489e-22
5.662391411507781611e-23
2.240125391192716005e-23
-1.703950644132357984e-22
3.021659509960089833e-23
-4.361349130363169725e-23
1.970105895490556521e-22
8.513406189481687056e-23
-2.214837843659693607e-24
-2.968203079063542238e-23
-1.373471998993837511e-22
-1.848401271784504792e-22
-1.444847212071666589e-22
5.628245044424725367e-23
-1.925749711864438075e-22
2.082942753883570155e-22
-1.907377312518073148e-22
-1.405979081683125551e-22
1.557960127899754505e-22
-1.085039924886720103e-23
1.094462765371655675e-22
4.091937437356160336e-23
-7.164024678731726346e-23
1.505611250422064975e-22
3.326032746160735562e-24
5.146601670371802239e-23
-3.392287598780983764e-23
3.029970987987665673e-22
-6.667342523946089586e-23
-5.955671259434714467e-23
5.305572965091069649e-23
-4.669444122610175176e-23
7.529362042484733663e-23
1.334132178104607989e-22
-2.140736676568139691e-22
2.684783716483226902e-22
-7.368096433095940658e-23
5.397454348385575425e-23
-2.445007011314113056e-22
-3.581453916962471493e-24
4.033061305047258072e-24
3.665012511142701439e-23
-5.851657629211666567e-23
-2.953365143551458798e-23
-2.630291427341098993e-23
1.183999303352059980e-22
1.279733653031192266e-22
-2.517005784965919039e-23
2.016228921099110835e-22
-2.855251862178799877e-22
-1.384040638694428911e-22
-1.723090421022200355e-22
1.115630585021077946e-22
-3.923812983109237287e-23
-1.000292274930577535e-22
-9.984282422469616563e-23
-1.284487087088196500e-22
1.408603717156578185e-22
1.868629147208792196e-22
-1.733423573119329839e-22
2.263190361399235557e-23
-1.061506240055973028e-23
-1.649132841434183325e-23
-3.106587274453375844e-23
1.412481634293380381e-22
-3.506880569144630660e-22
1.891352024463055875e-22
-6.152162543574251744e-23
1.086788897944832975e-23
2.086482785291459827e-23
-4.195159213568361988e-23
1.182655783308886009e-22
2.406428143314053080e-23
-2.392052883929794330e-23
-1.298824777217284734e-22
6.084557099350503911e-23
-6.015118336492431000e-23
7.136686965679243195e-23
-8.845367807224546460e-23
1.494559260047358703e-22
1.210346476439351241e-22
-1.839820707003296507e-22
1.589754858235316265e-22
5.371666819584211463e-23
1.118242009614167317e-22
3.200531707970665299e-23
1.850336800925731396e-22
1.080995644757532490e-22
-6.911946969103421535e-24
9.780081760613140120e-23
-2.691781558596642729e-23
-9.839544469593775644e-25
2.643048731098172401e-22
-1.334651766623797170e-22
-5.304823405749050434e-23
-5.128566308674290880e-23
1.049680632333050051e-22
-8.363820361208365784e-23
2.113262936408743786e-24
1.534103158541474448e-22
-2.234543203954012284e-22
-8.689489282065995428e-23
-3.858880237688993744e-23
1.173804231392950685e-23
3.521389697762070287e-23
1.116388408814161631e-22
-1.808936805290247330e-22
-6.791024209324077050e-23
-8.289343310129073538e-24
-3.084018483613228305e-22
-1.315909646996578928e-22
1.059571849641061708e-22
-2.604180435918131329e-22
6.189082939794043477e-23
-8.723995728579038910e-23
-3.062335007292093131e-23
-1.480605874331300439e-22
-4.074252717835863297e-23
2.245077733840279109e-22
-7.896657055171760458e-23
-2.018101052544471604e-23
3.398365582053336324e-23
2.895546218679569527e-23
1.680730176973622351e-23
9.989524334240795801e-24
1.619104301177534227e-22
2.084615734999938692e-22
-2.124044442880213471e-22
5.287865341727999555e-23
4.903229580152698493e-23
2.467926293443881577e-22
5.104747705552620648e-23
-3.341049273566638877e-22
2.470705471566980639e-22
-1.440956224810014364e-22
6.523400220131102018e-23
-1.052097630893496915e-22
1.295484418746588855e-22
1.325515848353922258e-22
1.253927919973862495e-22
1.208072902510727216e-22
-3.549275300279104850e-23
1.035179758316051394e-23
-2.747833389177870183e-22
2.911828544753784550e-22
-1.256976030797643700e-22
1.409498624287475016e-22
1.848729304418651406e-22
-1.989848936593563176e-22
1.867561524047690322e-23
-2.334157997017107260e-22
-5.565990918660454112e-23
-2.182609516697601207e-23
-5.492189369979108352e-23
-2.212018560280481375e-23
5.637100176888047219e-23
-8.784986190442783968e-23
-1.085428051211670129e-22
-9.997392084131067478e-23
8.090176646684151567e-24
4.104012416115559486e-23
1.708849619365143174e-22
7.446480252153061374e-23
9.203446774190746838e-23
-7.634465322765363740e-23
1.753898397216713325e-22
-1.352602954945462419e-22
-1.594657471614317970e-22
1.056382287144046599e-22
2.259464469891023453e-22
-1.681471741256970566e-22
-3.888748244213571053e-23
2.792682748185891128e-23
-1.315189027504672510e-23
2.724454547307557558e-23
8.040302336693000190e-23
-6.555346015254124903e-23
-1.190056855980478012e-22
1.828766618608852861e-23
-1.872099674917105172e-23
2.264651596245114737e-22
-1.349056298770925570e-22
-2.432332669164864362e-22
-1.552884883841551111e-23
1.187972034060753828e-22
-1.650449065378469520e-22
7.947466801700496391e-23
1.908675137053632841e-22
-2.312962315467786183e-22
3.554674059676063065e-23
-5.332639508887620596e-23
2.252744002799161798e-22
-2.027580413361983529e-22
1.447883742042792342e-22
2.808702737002521068e-23
-7.324573477404520445e-23
-1.186680056124205192e-22
1.469502172009828002e-22
7.084003904327830873e-23
-9.669164984079374999e-24
-1.793222169730534701e-23
7.916343941151155551e-23
-2.045138297371893197e-22
-1.629443044438612215e-22
1.185584709652274603e-23
-8.368272292308334818e-23
1.645400800880519782e-22
-5.292539277013775702e-23
-9.018078105873062508e-23
2.738023191502302911e-22
-1.217714025510782056e-22
1.075407214132613303e-22
-1.345626453686721225e-22
3.913651847610266942e-23
2.925001324783357638e-22
1.690563597422236091e-22
-5.862464664462688025e-23
1.442832228868793466e-22
1.468401818151955267e-23
-4.167813929291997000e-23
-7.868993342041499037e-23
7.442502897160815020e-23
-1.492838425046595787e-22
-1.349496171926696516e-22
3.239613715571282711e-23
-1.554523399707953626e-22
1.337959020451633264e-22
-2.960724485510284543e-23
5.380813590390164972e-23
-1.989037296609556336e-22
4.346083432827443669e-22
-2.360724611924500793e-22
1.886805914602629336e-22
-2.886840932743717749e-23
2.752513412092025737e-23
4.609019234974185256e-23
-2.270023528490952187e-22
-4.709691909173579009e-23
-2.275752942092226672e-23
-1.746250570297755961e-22
6.912563979927652054e-23
-9.274183405894879032e-23
1.615595712867260852e-23
1.905128716554446924e-22
1.976810079799860456e-22
-6.191607661615400763e-23
-9.534732931371430821e-23
-7.643117104883696140e-23
-8.156139750362229439e-23
-1.979447791533183922e-23
1.723711980827691720e-22
-1.343480141375561562e-22
-3.540606645863104043e-23
-4.143372636933700438e-23
4.257600755045570897e-23
1.435427777538590137e-22
-1.703510010424270144e-22
-3.694510629605017080e-23
-1.505404268340908698e-24
-9.996858481672078507e-24
-2.551899091617909967e-22
1.263252027282466171e-22
-1.177103561788336615e-22
1.948077424215937920e-22
2.112060252865516034e-22
4.828738459278070327e-23
-5.760166161794686198e-23
7.838228571450664661e-23
-2.092503764750493119e-22
3.658011153276987704e-23
1.357339326513521439e-23
2.761732148242203179e-24
1.445081421949890567e-22
1.339231917744322183e-22
-1.636944093287981964e-24
8.468121761386321608e-23
-7.861665702164229304e-23
-3.802443478222916158e-22
1.423665945600150881e-22
1.613186254073786268e-23
2.142218144518228587e-22
-2.029937281099895607e-22
3.998776676403699250e-23
-1.876788688851113926e-22
3.199827026789543054e-22
3.918070541809826653e-23
-3.453039478671442905e-23
1.524948884449850327e-22
9.827763276272812765e-23
-8.108671358961435745e-23
-6.184526980780228926e-23
-3.812458730136268992e-23
-6.046144251573856763e-23
-1.233715298330020806e-22
9.012274543500962167e-23
-2.154887862403696826e-22
-4.908103917916241123e-23
-4.668445214736282976e-23
-1.131595097017510188e-22
-1.814690117399667051e-23
7.702969015974287514e-23
3.873524549110984651e-23
-4.155117254763851912e-23
-2.163417325409639865e-23
1.931749035465063187e-22
-1.577787623106133248e-23
2.328142282351277127e-23
7.634735053425734177e-23
-6.442359860967920414e-23
1.373762660647817895e-22
-1.556243046843720370e-22
1.830939647362192064e-22
7.860339267729860655e-23
-1.132810764837800484e-22
2.226717757577077767e-22
-9.608625658263555891e-23
5.867544247173142133e-23
1.790740258664718517e-23
-1.169153703192390831e-22
-5.201465264753478208e-23
1.705693275761910317e-22
-1.098500549706744286e-22
1.050658914057072573e-22
1.404851353780048752e-22
-2.030039484275661339e-22
-9.342259874221558534e-23
-6.948282885695347009e-23
2.416392814523785327e-22
5.130410419740821101e-23
-1.003170634882449527e-22
1.934671451721423161e-24
-1.434427422457126719e-22
-1.991684532524771933e-22
1.815007175765201069e-23
-2.187290410317936870e-22
1.392825137898930436e-22
-3.741010116338836940e-23
-2.502329625377216990e-22
4.211850246460934463e-23
-1.387769212732183582e-22
-3.421895338089936653e-23
2.510370961306631870e-22
-8.630593552993772338e-23
4.482579006750581302e-23
4.414378509355097873e-23
1.098655292105156232e-23
5.498588589494988621e-23
-1.016452998425795997e-22
4.478092794448772884e-23
-1.533967312015711859e-22
3.898974045073739595e-22
2.447333688948694664e-23
1.376314575431302396e-22
6.775337978209696158e-23
-6.125107452134793710e-23
-8.464945807248596053e-23
7.611326667350942641e-23
-4.476035311948041755e-23
-1.346940570315737081e-22
2.607017769381737699e-23
8.611476663335100690e-23
-6.934914011057155240e-23
-4.871069224579453503e-23
5.156449110357906937e-23
5.069250402958881281e-23
9.509462063573683447e-23
-6.412450860788234196e-23
1.566982203565444755e-22
5.111902527652739845e-23
1.917561727646604552e-22
-1.024892287732854048e-22
1.141613696633122729e-22
-8.816624903272218957e-23
3.715292902923459345e-23
1.499613551399692455e-22
-9.824343048693322557e-23
-2.844560592973358891e-23
-1.063943757591597534e-23
8.447627286751722852e-23
2.003209319269550299e-22
-6.900563657163333314e-23
-4.301537541573534921e-23
-9.025103424494445062e-24
-5.174325742165884087e-23
-2.451913888225317298e-22
4.798622998050088524e-24
-1.054432783061153316e-22
-2.001361876111288320e-22
-1.004001975412877326e-22
9.122596810001402515e-23
-1.077329505316460333e-22
3.046024448756568610e-23
-7.662551293529487759e-23
3.633974281770979895e-23
-1.814325771643232584e-22
1.109879171284440585e-22
-2.591342645420416307e-22
3.420777587906332896e-23
-9.971097450427873289e-23
6.576776305323941867e-23
-2.681456703673039888e-22
1.132920365940790652e-22
-1.437611045650949696e-22
1.105557443490891993e-22
-5.849270484596749946e-23
1.589083909701646150e-23
1.836803284347276713e-22
6.521155461755928631e-23
-6.376750964973912179e-23
2.578828834201350698e-25
1.454935753415444698e-22
2.860192630683931807e-22
-6.845870118981635656e-23
-1.441373231947236991e-22
2.371563726371559747e-22
-2.245336648961884544e-23
1.596981210516038371e-22
3.046555054244254636e-22
-2.243425765848489376e-22
5.124919824364522643e-25
-2.248748175608760492e-22
3.487325134127378876e-22
8.255793505640453359e-23
1.458369241028159044e-22
1.963665773538610754e-23
-1.676783111347991797e-22
8.347349960530423588e-23
3.120070526152492556e-23
1.201657225670307115e-22
9.422183448409607134e-23
-2.323873463333804207e-22
9.553205097305567625e-23
6.787323972507701118e-23
-1.442605867122259780e-23
-1.852877145879649163e-22
2.491123053076060965e-22
-2.275129602038270182e-22
-2.426765357283032999e-22
4.855519371321690677e-24
1.939379722166083148e-22
-1.354437209811856889e-22
7.333997969571363504e-23
-6.243106311579199688e-23
1.056729871356431605e-22
-2.232282068048567825e-22
-3.900888258772131497e-23
-9.010681702458255031e-23
-7.381768109247623545e-23
5.598403887866651679e-23
-1.903882626692099993e-22
6.714430870719771447e-23
-9.366327921869381722e-23
-1.854153431992327417e-22
3.935270411421273337e-23
1.316547698876426247e-22
-6.851259540497791079e-23
1.008918925837417490e-22
-2.329096335456814590e-22
-1.357550978333264228e-23
3.100157604505069238e-23
-2.835658494900215848e-22
2.146505847521558737e-22
-1.798351981003593027e-23
4.370082280534033725e-23
9.173905418457684169e-23
1.366490818451344039e-22
2.814684327844985009e-22
-2.782684123839458077e-22
1.379809316131358768e-23
-1.035366769833331292e-22
-1.161958539496121430e-22
-1.014833469117123819e-22
2.093331587255265365e-22
1.270016715283364515e-22
4.005884363108472714e-23
2.155712909737311822e-22
1.241097470245352187e-22
7.937780586255431595e-23
9.157740969426252616e-23
-2.007943459998596916e-22
6.408850195887440573e-23
-3.852181661895161912e-22
7.537526416095615146e-23
6.875513739278285556e-23
2.711573022894782937e-23
1.082293056188603249e-22
-2.200227303436975773e-22
1.635216009315300344e-22
-1.204538516793355754e-22
2.734502601303473528e-22
-3.754086470905756467e-23
2.969896946399152254e-22
-2.265778951211740588e-22
9.701550890045888038e-23
-1.449518956710106569e-22
1.329005384464246447e-22
-1.255573790676553255e-22
2.725270071279356416e-22
8.683586958104607658e-24
-5.201753858803496135e-23
5.534335599392438328e-23
3.002249112571650320e-23
-4.557640137211500684e-23
4.400966096150507681e-23
-2.100948477165277667e-22
1.400095772214883891e-23
1.159021681164712819e-22
-2.328125641447960160e-22
1.225156541485998182e-22
-7.618728927981618323e-23
1.287769999672969816e-22
-3.377614480237278092e-22
-7.471602084150259073e-24
-2.906747065337732441e-22
2.266187136219438126e-22
8.432560374260967745e-23
-1.424544352477837870e-22
-1.534533054917173952e-22
1.221081609805343185e-22
-9.029678837166403875e-23
3.010270491099342242e-23
-3.243922853384242285e-23
1.395701724478220298e-22
-5.038586276071496743e-24
-1.427376197014408317e-22
-1.311965970246499800e-22
-1.269725888255176736e-22
-1.154678047227828942e-22
-4.434427201876798477e-23
2.056882475327647080e-22
-5.904854292198119256e-23
1.985104410106455281e-22
4.662778432421660648e-23
-1.678211627426779684e-22
1.093513761962066986e-22
-1.306004237210378349e-22
-8.897062079193806121e-23
5.137503288200322481e-23
1.962195001450122368e-22
-6.226015603971977661e-23
1.222379607907545353e-22
-2.485429515112130969e-22
3.904970649900615096e-22
3.652120441579214282e-23
5.881849449960608906e-24
-2.527464656865555538e-23
-6.742376782489550122e-23
1.161125785869372387e-22
-1.012022146722498924e-22
9.792888606852428590e-24
2.980693788581354704e-22
-1.639246484746637917e-22
7.032663712904492636e-23
5.067597986297570345e-22
1.424546220270547292e-22
1.238792785398322509e-22
-3.154034731097984493e-22
3.842669664191763331e-24
2.525619455754432068e-22
-3.299756278675885082e-23
-2.793407167092028200e-23
1.764710067577370206e-23
-3.558200193069399610e-22
-4.350626613502159002e-23
-1.012200548819232501e-22
4.051477212369702406e-23
-2.183041216808369130e-22
-5.273603628438074212e-23
8.255510304031913971e-23
-1.102149177370567977e-23
9.713757110470852469e-23
5.233773106913326907e-23
-5.726846431450008335e-23
-3.152400153554486119e-23
-1.579664797121117022e-22
-2.985260498132349837e-23
1.733329027491948933e-22
8.887635812547782541e-23
-6.260422548134421041e-23
3.147918559784780968e-24
-1.422742759448193884e-22
-2.155911338084602612e-22
-3.824892880394610363e-24
6.231854011381010388e-23
-1.213286934242814202e-22
1.054912191120936745e-22
3.312627457319549023e-23
-1.492178080096371411e-22
-1.608490801915312157e-22
-6.471863818904272221e-23
-7.762855213730565302e-23
6.004824873948114629e-23
-2.942448198375833784e-23
-2.518784867813911151e-22
7.128468110070771437e-24
-3.215972861396043351e-23
-5.653783841072737212e-23
-3.467836232339137517e-23
2.998702477945095361e-22
6.834576819728921613e-23
5.752235580853248807e-23
-2.280850577059377136e-23
1.823866075108723616e-23
2.362506401572578770e-22
6.829310450947708900e-23
1.717674423120551701e-22
-2.438878886746090232e-23
1.858129403619022803e-22
9.636888736784974906e-23
-6.593985022973351387e-23
1.146122479017944425e-22
-2.879063748407786301e-23
9.785586674917025949e-23
-1.718216850355648973e-22
2.207749216292541557e-22
9.593499656564093501e-24
2.052174561974693194e-22
1.469929002013128601e-22
-1.278541896541363035e-22
1.159121592787501017e-22
6.110251937650586246e-24
-5.569027924994618087e-23
-7.583411009196339952e-23
4.156776480494261801e-23
-1.327096244910377822e-23
-1.207309779685521249e-22
-1.163328400562427647e-22
-1.338069166409143393e-23
-3.246233336185530517e-22
-8.679427677953116179e-23
2.961497529919853135e-23
2.492142079514107124e-24
-5.925848022341401692e-23
-4.263160334298420484e-23
-1.971719778332333498e-22
-1.568843807435914780e-22
2.870550205513431467e-23
6.610692917214168607e-23
-4.693476657381836292e-23
4.740679387263581591e-23
2.642579185133569883e-23
-3.096961600543123478e-23
2.344834158275931211e-22
-2.230119024095465037e-22
-1.784123747786670724e-22
1.819624870877029776e-22
-1.157109218970844272e-22
6.473872790289149276e-23
1.296293733708677342e-22
1.873122539229606176e-23
-1.015370921235195902e-22
-1.081438905043156178e-23
2.433889445362599583e-22
-7.396061886123352425e-23
1.994958641140021268e-22
-5.460265529368876709e-23
7.343662579960236516e-23
1.348630423606018685e-22
-4.827583281384757007e-23
5.139277983628652771e-23
-1.080625393992796059e-22
-5.953203648092164081e-23
-1.065323597745762361e-22
-1.427112073570091492e-22
6.949115878342981489e-24
-1.467769646232402408e-23
-3.314028930380703562e-23
6.923795347006675485e-23
2.672964924656960300e-22
-2.301075939912571372e-22
1.599012180687681298e-22
-2.183143117855999425e-23
-2.114896998932267937e-23
1.334790324154736158e-22
-6.404860087676124810e-23
9.308018743892691519e-23
-5.154816145576824688e-23
-4.436830400904219139e-24
-2.635475201385724224e-23
-7.275262318093854736e-23
-7.235905728340008359e-23
-1.373148383463580471e-23
8.589195693147538876e-23
5.359011640766230166e-23
4.331978959470963457e-23
-1.569533736959651950e-24
2.126629433556401795e-22
-1.732468779084156905e-22
-5.853587126448211148e-24
4.060776247806929149e-23
-1.359615140261809869e-22
-1.352204686542723914e-22
1.657526503517028939e-22
1.995774060568306332e-22
-8.093250908167623192e-23
1.439038371036213536e-22
5.378352014749924360e-23
-1.230496914019073156e-22
2.791406066021378688e-22
-6.801755642700391973e-23
-1.735717566003512188e-22
-4.599038343017291396e-23
4.552820043820902857e-23
2.827359471523061270e-23
-1.547943196202078986e-22
-2.190629208430840706e-22
-2.531455864450944972e-22
9.731285088213208390e-23
-1.993284756030205925e-22
-6.376877261630902299e-23
5.810762840206138094e-23
7.248770475407571535e-23
-8.596697537912671556e-23
1.848446626171409436e-22
1.221395171830314966e-22
2.461480545336738280e-22
-1.103229480638439364e-23
-1.389525160936754605e-23
2.764460709073168964e-23
-2.075450145502680947e-23
3.647450606307569999e-23
6.272837833027659049e-23
-3.705229532406644920e-22
6.133755025336275791e-23
-7.044471117426419896e-23
6.328577846817332996e-23
1.679333649587106988e-22
5.384437584074970034e-23
-1.529593614401404530e-23
-2.201412823354916537e-22
1.130729621881008549e-22
-1.519289441063862347e-22
-1.467318113396307792e-22
4.424776959102521657e-23
6.464114946494963284e-23
6.387321963895759221e-23
1.182289368682098106e-23
1.546890445413241220e-22
-8.467429803158174255e-23
-1.192241922011191836e-22
1.471764384203866413e-22
9.577245034316521338e-23
-2.155342937902260226e-23
1.709856474515543617e-22
-1.680536401265666846e-22
1.290014217393687596e-22
-1.574164029515166700e-22
-1.128960039717247046e-22
-9.399241651957875582e-23
2.716351624158236013e-23
8.780102960451144479e-23
-6.918745717044472855e-23
-8.047289508523265543e-23
2.330205497303874188e-23
1.086848352131491729e-22
1.228745396733011497e-22
7.721531635282626782e-23
8.775017986309982395e-24
-4.923636393947986904e-23
3.865425710642757625e-22
-5.661081493714434522e-23
-4.503601361937051659e-23
1.891878498848394166e-22
-2.780100108938877184e-22
-5.364703986411158766e-23
-7.866475634001478692e-23
-4.948677728804995838e-23
-7.445277021978363755e-23
8.899979007203393573e-23
-2.510635217388156578e-23
1.369291063438550536e-22
-9.158180999449854719e-23
1.755622357011196531e-22
-7.608779447894747348e-24
-1.190888378077855868e-22
1.158967960071241504e-22
2.111807296332156199e-23
-1.430230632156718457e-22
5.088374398785091025e-23
1.606049446102665487e-23
-1.829989156474410426e-22
-9.785649552173248194e-23
1.334628478894530137e-22
4.869361761984180693e-23
-1.923512388834607892e-23
-1.321211526853458538e-22
-1.351438388439399787e-22
5.138834731184075047e-23
6.148686745411049235e-23
-2.674052169685638378e-24
-9.103373839406640555e-23
-1.502915033390781756e-22
-3.827816571199179591e-23
-1.445629851478027239e-22
-4.986448038903624541e-23
9.143455664719738047e-23
1.661257109577545697e-22
-1.318331023780528705e-22
-9.055100933211024106e-23
2.946225412993977170e-23
9.116147511130004070e-23
-4.089935236449989088e-23
9.001042903450985700e-23
-3.911647739673624877e-24
3.423536923876791093e-23
-5.512090440929784469e-23
8.445670796883117103e-23
2.203715459321935216e-22
-2.157181005704065192e-22
2.057331891173147213e-22
-2.780103221371517121e-22
1.888385263952949994e-22
7.875696114944070070e-23
2.973491329246316643e-22
-1.251988898380905426e-22
3.205767978593510084e-23
-2.157667272605648972e-24
6.742657707700408933e-23
6.017221766839006379e-23
3.547474958855039177e-22
1.166675214219418237e-22
9.512425750922257444e-23
1.947960062258275979e-23
-1.090155277123131306e-22
-1.714709291208506350e-22
-1.024052444409166108e-22
7.440113970900100276e-23
-2.206344972339464841e-22
-1.236327627771096238e-22
2.935169107132742907e-22
-8.694297063771463906e-23
-1.871602827091044995e-22
3.835814459257503593e-23
2.732152277431625357e-23
-1.869130235253269613e-22
-4.635636767925677929e-23
-1.624719331339186808e-22
2.350961098627106343e-23
-1.967337150171885744e-22
-2.850488308532448834e-23
4.360781154327380879e-23
-1.094352752674399053e-22
4.850576795353481406e-23
4.411624553841248012e-23
2.696357214045458619e-22
-1.423797188241376002e-22
1.376933117008992852e-23
7.568287303821265658e-23
-1.312828276252159903e-22
1.864083915492229836e-23
-9.309445054123700245e-23
-1.584664710796929736e-22
1.326875547298201142e-22
-1.922003713224077129e-22
-8.498760518630889461e-23
9.803212645101106443e-23
1.451129005693005800e-22
2.344455286713473864e-23
2.574029705935118124e-23
1.130681915889432642e-22
-4.486831178811616669e-23
-4.643063491245639342e-23
9.262146816383445337e-23
1.784829936779040794e-22
1.307903997945449873e-22
7.088002064364198848e-23
4.389348490552804448e-23
-1.456179046252514380e-22
3.418778530567199339e-22
-1.039250768698218097e-22
-1.374651309319417202e-22
8.638828405945755772e-23
6.157479820395980188e-23
4.529576609860985499e-23
-1.330212745649370258e-22
-2.950761656168150348e-23
-9.776598237557201660e-24
-4.015599789599892755e-23
-1.945712688328842131e-22
-1.791785885613703590e-22
2.881122016823435149e-23
-2.377096269864593024e-22
3.504098182372642854e-23
8.094538437294315184e-23
1.128861717204734331e-22
9.050947979050046558e-23
2.334220941612790927e-23
1.394300680910032444e-22
1.509991379917021438e-22
8.536709487027245726e-23
2.528457887339788211e-23
2.464514003712984235e-22
-7.772564041052164351e-23
-3.825462388354958558e-23
-2.034057838736448657e-23
-1.624806258277480947e-22
4.172971053493924072e-23
-3.340183973617143898e-23
-3.608844194424753978e-22
-6.991505778580455183e-23
-5.518661976978081546e-23
6.698728088228399256e-23
-3.259653094329685741e-22
-1.249863268495238927e-22
1.882376469733157275e-22
-1.483151448045598414e-22
7.389180806600120976e-23
1.239081611642481657e-22
1.109417054905607310e-22
7.517681879673499158e-23
1.373680420632143789e-22
5.443789468309569975e-23
-5.664645429346463819e-23
1.326855530024618281e-22
1.312362840110146003e-23
-7.852236432101090556e-24
5.613415095181382768e-24
3.576694623056524620e-23
-3.618250982150885539e-23
5.596673033623135605e-23
-8.679018786096187467e-23
-1.533576575895873913e-23
3.137697085436227593e-23
-7.569819425631330333e-24
-1.694338472276524993e-22
-3.694580635759454506e-23
-9.870614539059333486e-23
5.364864180376655266e-23
1.459941408430303093e-22
-7.093175701947489304e-23
3.504085994631962881e-23
8.782068573722584442e-23
-8.925069505790327680e-23
2.023134752845494760e-23
9.607355605143184796e-23
1.009089034439046939e-22
-2.522760204197769019e-22
1.143273881353981383e-22
-2.334653306127076745e-22
8.659667095867841387e-23
5.772240703606648590e-23
-1.577789440488602859e-22
-1.649572383622597662e-22
2.639824596913170375e-22
6.179863930284731850e-24
-3.253286447976386109e-23
-3.080103212159627691e-23
-6.105497957110594713e-23
-1.369866165396239776e-22
2.774467781383935906e-22
-1.525079726744221062e-23
6.792599095633047955e-23
2.466249558374155425e-22
8.118928506013874538e-24
-1.853373711830044292e-23
1.297517020731712523e-22
-2.426192363835821843e-22
-1.021796164662830075e-23
-1.491855459655844891e-22
1.633973461971337858e-22
7.442802488375436159e-24
-1.145680349316379502e-23
1.470411934354272394e-23
2.030810951650421999e-22
-1.283696486998249829e-22
-1.541683006351860211e-22
1.488403203510376676e-22
-1.984277768173068249e-22
3.079277970541319432e-23
4.262808929857559807e-23
-3.098697134104181416e-22
8.671280160092768877e-23
9.533347270692979174e-23
1.758214142693610191e-22
1.559548833318386806e-22
4.169965842856869239e-23
1.125732227556607891e-22
-1.993663213652112855e-22
3.254864558453005569e-23
3.749476823720452723e-24
-1.625587079395106395e-22
-1.063243412595361128e-22
1.807297762247602263e-23
-2.604423840903456954e-23
4.944483229918282664e-25
5.289224836590376259e-23
6.914444131422173213e-23
-3.065514696781056722e-22
-3.726826995666998134e-23
-8.128200354583630862e-23
7.411017074214021784e-23
-2.995131617651941477e-22
1.730104772326444590e-22
1.869083817362363177e-22
8.249666683308531599e-23
7.273597373222344443e-24
-1.328394757270339931e-22
6.156462833984020721e-23
1.922931371098278944e-22
2.512646338969986301e-23
1.408914725610483846e-22
-1.605003669175270243e-22
-5.776455191062824079e-23
-1.848716488880196270e-25
1.167264230744634334e-22
-1.767784355645915169e-22
-8.224440584224407108e-23
1.655300124485289275e-22
-3.559088565556528560e-23
-8.548029886228580211e-23
-3.088976972358740721e-23
9.131469989659599518e-23
2.190334751997056465e-22
-2.041542801659867585e-22
9.397107871298375526e-23
-3.687538897628081596e-23
-9.219767989192127089e-23
-9.961670775674124184e-24
6.843994757131127930e-23
-8.194839441213391459e-23
1.907393070840537520e-22
-1.030130435524596475e-22
1.342620164577175206e-22
-1.566770052439595637e-22
1.320017757203312484e-22
4.528169738321333756e-24
2.074421884765368232e-22
7.664562512050975856e-26
-3.348456409097196943e-23
-1.500751741293053068e-25
1.078085506691449271e-23
-2.227831849837971208e-23
-1.397385700906803733e-22
-3.484764679483443378e-23
1.924999978498968229e-22
7.557987549339652115e-23
-4.471959268653098240e-23
-1.067264594327111104e-22
-1.404022810946004383e-22
-1.199643296539352338e-22
-1.719822815232362112e-23
-2.295127739261691234e-23
2.409701142285333506e-23
1.722533867012767001e-23
1.181588997364649229e-22
-8.251142974308878137e-23
-8.311486131112779242e-23
-8.560299901636219850e-23
9.266418233888322705e-23
1.066191541724739506e-22
-2.331189283262701786e-22
8.192367968466766894e-23
-2.101708089418631647e-22
-3.144250380743674756e-23
1.703219952260980677e-22
2.014949563983950683e-22
-1.055704872421899573e-22
2.966280256865719859e-22
-1.334060958131339756e-22
7.133243104212053281e-23
-8.867554976376458912e-23
-1.162759870892236923e-22
8.906457537512447767e-23
1.755554627777766358e-22
-1.467922133213873699e-22
-7.847282937022427162e-23
-4.805687325629991942e-23
1.204522973084002078e-22
1.320884369271002831e-22
7.761482470055540462e-23
-9.902046147795636391e-23
1.238966391407215839e-22
-5.021065468189781197e-23
-7.890774329260956219e-23
1.092990784488221251e-22
-1.098403702891177915e-22
-5.293971417557741141e-24
-1.972182617399754328e-22
-6.991783744610070160e-24
-3.934178883272471851e-23
-8.328189739401132934e-23
4.490669762773857899e-23
-2.314182548559888524e-22
1.283154205504277520e-22
-1.837796841394357416e-22
1.043872718881279973e-22
-2.566222256376847980e-23
1.671330047713589819e-22
2.497829100450419656e-22
-2.292575282089057657e-22
-1.913638073239261223e-22
1.016485512309475696e-22
-1.159576993175883541e-22
2.357130261523462191e-22
7.439134645775179457e-23
1.742554027681808499e-22
4.165728347003342915e-23
-7.623590411070384884e-23
3.449166067046122931e-22
-2.703289447494176557e-22
8.609573504826859601e-23
8.916702427049182642e-24
1.379208292530079429e-22
-1.540919962608530638e-23
-5.097135654385377473e-23
4.795727678536735931e-23
-7.732240152738958664e-23
1.409669571328467227e-22
-7.945078248389158802e-23
-1.714203266948879147e-22
2.804810399126072083e-22
4.995164740362161051e-23
5.765816587810511847e-24
1.119085475085881418e-22
-2.630964086504854668e-22
6.215629458289509358e-23
-1.738384047174071626e-22
-3.170889183903583729e-23
-3.499995456314016467e-23
-1.082931616933053947e-22
-7.264912636433583865e-23
-6.731374504734289718e-24
-1.327469094928383128e-22
-1.172819135939231324e-22
-8.467624547931047534e-23
7.346173997740899116e-23
-6.675652627592343491e-23
1.622265337532469175e-22
-1.937678327836088392e-22
-1.572808708476873482e-22
2.549346919341697669e-22
-1.534282747476624528e-22
4.178888166979755726e-23
1.111153821030276095e-23
-1.798251717193575017e-22
1.261807702973791692e-22
-4.688175623908516448e-23
8.596781909153301461e-23
4.683445353038743221e-23
1.317692847811300023e-22
-5.944826641669987939e-23
5.956485904851137138e-23
2.161676262501022061e-22
-5.542877930033908710e-23
-1.526860718043016418e-22
-3.908802527494624880e-23
-4.700421750220860448e-23
2.546140422481760432e-22
5.790718137667089502e-23
1.007892011213516718e-22
1.985372877286411230e-22
3.545644926272525123e-23
2.632494394025255066e-23
3.918684023121875075e-23
4.446431456419710702e-23
-1.492609490447208508e-24
-1.609996523316695040e-22
-1.726642779342198214e-22
1.316874498356710094e-22
2.298164902703671532e-23
2.269493823829758622e-23
-1.067647479557835362e-22
-1.894251441590616741e-22
8.958951815833366694e-23
-4.995476895814118041e-23
8.320099432789119647e-23
-2.533066971080927231e-23
-4.760506836217798453e-23
2.403440923351175973e-22
-1.057470636584632942e-22
-2.827781439529024863e-23
8.429633785043635245e-23
-1.643872756819603721e-22
-8.596468097922418580e-23
9.605607181604927719e-23
-7.446643534291942550e-23
2.304934145042762193e-22
8.872243761483449492e-23
-1.813660698843017751e-22
5.835909817176380454e-23
1.969103072315128907e-22
-2.970968280298878364e-22
-1.119174550045461684e-22
-7.646455619137046059e-24
8.857493584825587665e-23
4.408585972856152670e-23
-1.096527845535067811e-22
-1.966750028260825279e-22
3.670098804234999490e-23
-2.705421923516573559e-23
1.753425709125957534e-23
-2.127165023967987549e-22
1.311876704062272460e-23
-8.090729173481900342e-23
1.079345365540580900e-22
-1.014626919315557609e-22
2.484889942155520556e-22
-1.498805590932967834e-22
6.704041349062727691e-23
2.141064405872284772e-22
-1.075365566430694465e-22
5.182286269763443591e-23
3.567911301662253189e-24
-1.573954569482073183e-22
1.250937608594649541e-22
-7.305305423249353005e-23
-1.418825022880078198e-22
-4.173811166071897942e-23
1.435480267257678608e-23
-2.476695908014332650e-22
9.279209171583651688e-23
1.323102993462960588e-22
1.190206093321307603e-22
4.180434631068215137e-23
3.574917439152171601e-22
-1.934462758913742945e-22
2.581745351239344454e-22
2.021903490947637603e-23
-8.236179695121178647e-23
1.104588114398256415e-22
6.848783547727524038e-23
-1.821629699724951905e-22
8.920797505436206037e-23
1.161341413785537223e-22
-1.565490431602865625e-22
1.756283969627894910e-22
-3.458947173408126899e-23
-4.568791873209008522e-23
-9.211805443263573786e-23
1.516021022790838385e-22
2.648465008474172842e-22
5.547436694932032340e-24
2.542572346772125975e-22
-6.597391030942050171e-23
-3.389167804264522511e-23
-8.454676578113692624e-23
-1.628335957179410894e-22
-2.284519121290379857e-22
1.860471996498504945e-22
-1.380854897947843739e-22
1.377199821555476173e-22
-1.317630124217681201e-22
7.246722329670483931e-23
-2.522670193108354691e-22
-2.075298216465938083e-22
1.652959836863514425e-23
-3.930628834136924748e-23
-9.589159022515526485e-23
-3.386781630864136077e-22
-2.538866255308973407e-22
2.276360093678927203e-22
-6.816191815568140204e-23
1.315559700580606374e-22
2.207133051401025814e-23
-4.851413581294810413e-23
-4.147689108695232139e-23
3.833201755620827748e-24
1.028950110297384221e-23
2.472645363869324507e-22
-7.986502198483911261e-24
-8.064467356737429714e-23
-1.939488721988144153e-22
5.619708359336126217e-23
-7.163271291252590925e-23
3.045777937442605493e-22
3.389851043483294073e-23
-1.446725974387301410e-22
1.136098535292108909e-22
3.568906803136689524e-22
-2.435809951062534596e-22
2.834972122323354040e-23
-1.803446598004928475e-22
2.375939719019068434e-22
1.469897363598208849e-23
1.244258036154355986e-22
-5.818341641052693836e-24
-2.064987973808486180e-22
2.419384958447751400e-23
1.098987036352817905e-22
1.704803290722868304e-22
1.987055719487249947e-22
1.644052182043371327e-22
1.772419523249480073e-23
-3.732596378238131878e-23
-3.717897351367281036e-23
1.336759804799541565e-22
-1.185626486614775698e-22
8.573990163631542026e-23
-8.882962534702336389e-24
-2.059314510294177686e-22
-6.432479348651459513e-23
2.122260391430618347e-22
1.882414786931578519e-23
3.156680563030885511e-22
-8.571119976077628246e-23
-1.034905677992998541e-22
-1.767901646435245058e-22
-2.434747248539891750e-22
-1.763124162406874598e-23
1.265228544041692624e-24
-2.202892995561542056e-22
-1.113900826014544300e-22
-2.179601653089199582e-22
4.623168538591609739e-23
1.333960572460428937e-23
-9.486305534231438715e-23
1.584346529051800298e-22
1.358898308948715019e-22
-3.215987590371010674e-23
-2.430873983120492377e-22
2.265210113059612378e-22
-1.367090660046906186e-22
2.053088951953004509e-22
-2.600265599328253743e-23
4.546980344554369615e-23
8.869228886001490825e-23
1.373458950398612030e-22
-2.103097488041496899e-22
3.157155684446182718e-22
-2.322233727908753634e-22
-2.962278537363430215e-22
-1.119161816213497107e-22
-1.090749195339117608e-24
-3.092220459486820076e-22
-1.878525253106936490e-22
1.666607116276731317e-22
-7.450555440029794906e-23
-3.987634879577596628e-23
1.007406306806622074e-22
8.542233959260272050e-23
1.844534349783477202e-22
9.026316850156063712e-23
6.793431566640342954e-25
1.482715404060234946e-23
6.495279624979346601e-23
-7.725498034798174967e-23
1.091043656928084046e-22
2.155343723266181190e-22
3.293641565349824321e-22
-8.189505761715787374e-23
1.756862234501830381e-22
1.328360936199214627e-22
-1.644427323165876976e-22
-6.899563715370057094e-23
-1.927878454618474406e-22
1.112267712208063236e-22
1.708182128171862116e-22
-4.051694345863756086e-23
5.621483812215533189e-23
1.877310016032363541e-22
5.359435637974725903e-23
3.988442787182624762e-23
8.056727320306459610e-24
-5.445335548724517352e-23
1.726926902359338691e-22
-1.352974142424324839e-22
3.695978430048242064e-23
-3.547595120319884578e-23
3.400528566854654016e-23
-1.467582195003288029e-22
5.271107263926607868e-24
-2.198051120244965790e-22
-3.427685050669056992e-23
-2.565768981740671970e-23
-3.420977826455367766e-22
1.133315371001822773e-22
-3.029981798592579252e-22
1.224744411488801049e-22
-2.166658091956960549e-22
-1.965793886250556983e-22
1.531530379976018990e-22
2.942816944438146657e-23
-4.746876584021966547e-23
9.820160652749166372e-23
-1.916378983546191763e-22
-1.794733697021285866e-22
7.516091954779924811e-23
-2.305863362849494169e-22
2.872633943603926951e-22
-9.171951951165490201e-23
-4.713346711580008591e-23
1.680925189375152455e-23
1.059898940924997500e-22
-5.762121400733329716e-23
1.670347348218649919e-22
1.665105254860174932e-22
-8.394014080837698096e-23
-6.923292288397786202e-23
-1.295404851295026692e-23
-9.397116233119246077e-23
1.999932816632782860e-22
-8.585219355147553190e-23
1.738509439318242980e-22
6.394869973178910696e-23
3.385306374857276468e-23
1.222337320442688312e-22
2.726105187893386391e-22
2.832596562483197481e-23
1.581691972764187683e-22
-1.112064546892556239e-25
7.756686350537058364e-23
-2.469409418482051945e-22
1.752650334167129231e-22
-2.494414276192414241e-22
1.954145953883634828e-22
7.484626669180146160e-24
8.451142545408570980e-23
3.224557384311216753e-22
-1.251949241136212241e-22
-1.310561757309755831e-22
-9.384622526429597443e-23
-6.059302568347763290e-23
-3.061002175521037020e-23
-5.629601313739297370e-23
6.941113898438866596e-26
-4.086892797728984365e-23
-1.451596408676949877e-23
1.225774776738743084e-22
-1.197197042094330317e-22
1.076712439529789858e-22
1.295500499496747241e-23
5.064991131136682676e-23
1.288041997955760016e-23
-8.707851221702200330e-23
3.555053343560819829e-23
-1.482908160997058181e-22
6.026991298235766629e-23
-4.164162157346789875e-22
2.700803454829222318e-22
-1.690114128795764665e-22
-1.975592414218164915e-22
-7.381601033168242655e-23
3.592470040904218235e-24
-7.105793093856389333e-23
-1.594601811648622714e-22
-1.344049404463587651e-22
1.109681994465395862e-22
-9.475650506695059779e-23
3.604411729065721262e-23
1.778600182671293054e-22
-1.998802591145670513e-22
-1.461953450779426035e-22
-1.770015535952324641e-22
1.634761939618755240e-22
2.794424809715358772e-22
4.363108081583679677e-23
-8.888015538538124032e-23
8.272920674085891204e-23
1.600886294148793817e-22
-6.432587885697865391e-23
6.442492134624331349e-23
-1.316434504279590058e-23
-2.983950717212833213e-23
9.865539535059484038e-23
1.182685278375509935e-22
5.988257262575296534e-23
7.834948429875126211e-23
4.351394461263039034e-23
9.125969941115253868e-23
1.828431073626245024e-22
-3.809749947144023730e-23
1.899752254371272586e-23
-1.273444693223952607e-22
-5.744457863364080999e-23
3.039467612348148559e-22
5.550263321048505421e-23
1.955553152037194560e-23
1.579733031946288421e-22
-9.505282407616597519e-23
3.853890848479287004e-23
-1.985424081328597901e-22
1.723498136511536170e-22
-5.132424141206076478e-23
7.007348345348492675e-23
2.027905700265403822e-23
4.051278251157745954e-23
9.395645461318681161e-23
8.345915907682636213e-23
9.159417164276491573e-23
-3.340059978565117816e-22
-1.007516851812570207e-22
1.134327074958433334e-22
9.459860129171829457e-23
-1.587066523204868144e-22
-2.823636850183104398e-22
-7.162353466950158691e-23
-2.909606202079387373e-22
-2.461708796404344043e-23
1.426086393896016662e-22
-1.758925181061452671e-22
-3.041296497586075549e-23
-3.558687067763049584e-22
-2.464015268916296075e-22
-8.718644580462470561e-24
-6.656012791238883672e-23
-8.504723500560771954e-23
6.065941734875369179e-23
-8.215862283284416839e-23
6.468167772008936574e-23
1.286378746035100550e-22
1.199654520317832307e-22
7.469042085684494912e-23
-1.613834830606947381e-22
4.765697649306823409e-23
-2.812706146410713870e-23
8.731945207912679781e-23
-8.715614235817948960e-23
6.267648183352636359e-23
-1.368075092427614032e-22
2.973045678355681003e-22
7.176741407451780782e-23
8.728230586371291232e-23
8.240089721896554677e-23
6.905064922352033136e-23
1.800882506173548681e-22
3.304758636278321926e-22
1.725420545629106428e-22
8.178276378616991038e-23
-7.528008147500378388e-24
8.112225514276291060e-23
7.053553999096083686e-23
2.416080832533926341e-24
1.293072803067539502e-22
1.286549086392060237e-22
-2.620479650412174157e-22
1.450267132430911144e-22
-2.680084710171751612e-23
-1.097353120053818198e-22
5.654764926291840458e-23
-4.107682746979086664e-23
4.915748202371218977e-23
-9.086783254421773334e-23
-1.120139367372619515e-22
-2.413095085966647591e-22
-3.543734529569727299e-23
2.535591655517553081e-23
8.827271217169772496e-23
-7.570413483229312679e-23
-3.754312181857843048e-23
-1.279323681327509092e-22
-1.492300707833364010e-22
-1.173471043919862071e-22
2.650676442360130146e-23
-2.581525056930611446e-22
-1.455488256809276568e-22
5.317083513134713773e-23
-3.770550871095308754e-24
1.129728053854207602e-23
1.679700750063328560e-22
-2.443839353628467309e-23
8.806834214089496577e-23
-1.579042886900484141e-22
-7.604479094962542687e-23
-5.170467746622310067e-23
-5.745881491528881423e-23
7.237959811618977671e-23
-1.240726397619860612e-22
1.885599134038299566e-22
1.241202171466910687e-22
-1.195146266948155384e-22
-1.311523061555931132e-22
1.431542981748234012e-22
-1.181221926353704071e-22
-1.050446859420279226e-22
8.659079715799420624e-24
-1.191161004747839136e-22
2.098258611680547849e-22
2.160774680640814769e-22
8.472764695912237485e-23
9.681690944609190879e-24
-2.271104944111965010e-22
-5.218635854263176879e-24
3.012900763757541171e-22
-7.318134540434668369e-23
8.246851346219819668e-23
1.619716882925227640e-22
1.458450386488264579e-22
-6.682650702204560111e-23
1.258660183808263706e-22
2.579208673963472227e-23
9.741981720436927735e-23
8.543904948615637945e-23
-2.082898689992957675e-22
2.463717919904387301e-22
6.429208244215848782e-23
6.720916351913537658e-23
1.321954494845257009e-22
-8.026569587957721373e-23
-3.655833597795179971e-23
2.132638688213157080e-23
1.003347101635688585e-22
4.712155117942006745e-25
-1.205930110925683339e-23
1.048999431782749139e-23
-7.519943117428393395e-23
-3.334207087637768005e-23
-5.157783426279563533e-23
-1.261207280099997969e-22
2.700228467490483313e-25
-3.526799697862018349e-22
-9.415414183832249858e-23
-1.304108930607833864e-22
-2.577531961622431636e-22
9.868020155865662108e-23
-1.053199498704150399e-22
9.475804188102555543e-23
-2.881182886458280297e-22
1.285258656344090037e-22
-1.068020443017208874e-22
1.311802695223434180e-22
-1.738530350558259520e-22
-6.215531340770167671e-23
-1.666520595750730977e-23
-3.313825574762345948e-23
1.324742782669867698e-22
-1.916213754202995549e-22
1.158907853700047395e-22
7.005550449970090818e-23
1.761791476363361317e-23
6.531291752120368792e-23
1.816519593029597417e-22
-8.314763243423554644e-23
9.696804832644884857e-23
3.026706048186394656e-23
2.701526912561065113e-23
2.839558046235234699e-22
-1.120349966307079878e-22
-6.316299015363831372e-23
-3.235658335714481261e-23
1.014594820680788980e-24
2.349536004765729182e-22
-2.686967858240309841e-22
-1.024484141183754756e-22
5.709544781790289426e-23
-4.197667898964790244e-23
1.459334403767124437e-22
1.456802476830977969e-22
2.561022430972663560e-23
7.812616121586725165e-23
1.188194647876872722e-22
8.496237027200369610e-23
1.213568427530426884e-22
1.083215967539247071e-22
-3.471846366986942666e-23
1.480174692703155687e-22
-1.214017162127878763e-22
1.322582877727207048e-22
-3.078882446225236164e-23
-7.959952691622134186e-23
1.257231759956118075e-23
5.520064046732289085e-23
7.987588728631576252e-23
-7.211655588502904036e-23
4.018420217158882866e-23
7.348787683663692295e-23
-3.867732158647842624e-22
-1.670152402892062918e-23
-5.164447274202474138e-23
-1.810854724429613471e-22
-9.957960801767144407e-23
-6.353157759865266290e-24
-4.692513016493343040e-22
1.342410350234513048e-22
-3.966962816422709836e-23
-3.164592430123672967e-24
-6.354521593606516323e-23
-6.547799539551608598e-23
8.527517360544335891e-23
-1.328584760299002248e-22
1.309611456414684144e-22
-1.168862064341550648e-22
-2.687553011068174187e-22
4.533640883695469341e-23
9.748552577080203353e-24
1.362435696863252217e-22
1.005376332712644489e-23
5.821182654995813066e-23
-6.272767181351124820e-23
1.209070180236871299e-22
9.193408937396891437e-23
4.716079482432814070e-23
2.582696951996517849e-22
-1.436011673938645929e-22
1.037713397707543205e-22
-1.727900251435015229e-22
-5.035858579978187107e-23
2.680500629298985035e-22
2.724327949261774689e-22
-1.612242167447529783e-22
1.239085228793601233e-22
-4.334242647093584733e-23
4.604995030235174257e-22
-1.829414514442965311e-22
-3.975849377568061177e-23
5.258184740523491671e-23
-1.443320523367914442e-22
1.553507883892172762e-23
9.627181368707393973e-23
7.325497012146751200e-23
1.314049103032964447e-22
-1.006331164889688710e-22
1.049690036146740531e-22
2.351431312085911794e-23
-1.031036769236530999e-22
1.109319297526615560e-23
-2.531524670149988437e-22
-2.379004531794080749e-22
1.168322798293407532e-22
3.814927611474659922e-23
-1.918711907412836562e-22
-1.062806632943582485e-23
-6.369650206250177907e-23
1.673765027390025751e-22
-1.469245037887587664e-22
6.826633525465575875e-23
-2.148208501719947261e-22
-5.909364225386647248e-23
-6.837384213042683172e-23
-1.678258343458365339e-22
-9.168297889208468209e-23
-1.201264895372818446e-22
7.149721240599626918e-23
1.038480627894651603e-22
-6.293896128029173779e-23
3.266403303668794287e-22
-4.868143203080151026e-23
7.573129882832920593e-23
7.907197134220141225e-23
-3.001968313157303938e-23
2.518045922899796273e-22
2.521078783230279935e-23
-3.928259058869311900e-23
-4.078197623914145897e-23
6.010398747526213605e-24
-5.719821718170138078e-23
2.622171329574454542e-23
1.207974723795178073e-22
1.531764874019869988e-22
2.584946927975935867e-23
8.319105065097483670e-23
-1.444575827128125932e-22
-2.084336994477913354e-23
6.403587240111218124e-23
-1.770386556729237403e-23
2.232422615225844724e-22
-2.234030663153669367e-23
6.444772079411571694e-23
-1.535928278073854734e-22
-8.243635193756447759e-23
1.828871453847429324e-22
-1.836779994255926428e-22
-2.784566344073137630e-23
-1.145214628620303761e-22
-1.056112692871678926e-22
-9.831445753839936137e-23
-1.049998678989140654e-22
-2.418957177548899063e-22
1.511794223880799484e-23
-1.923092355532632805e-22
1.394374244051657752e-22
-2.200742626323092708e-23
4.784536018464118563e-23
-6.528807469403794145e-23
7.604703549462498442e-24
1.048775512636539887e-22
-3.020348418605010429e-23
2.955545738581076895e-22
-1.744254619218532973e-22
6.561304550400705363e-23
1.444658074158640395e-23
1.804942924364482633e-22
-2.412471027579677986e-22
1.675617824302161974e-22
9.401138440314207789e-23
-9.185937719754649381e-23
-9.741167853182917639e-24
2.643190732267854951e-22
1.541241842718039364e-23
-7.126385870713985650e-23
1.949134508174450923e-22
-8.280997562384604523e-24
1.467038587159443630e-22
-1.665875555868293232e-22
1.228086540061721414e-22
-1.471136048446583059e-22
1.339944710498583571e-22
-8.365113665791552284e-23
6.990751683549057861e-23
-1.387443538572477304e-22
1.416964266452041966e-22
1.210500921627555456e-23
-3.023495738847761744e-24
-4.657480693578696601e-23
-1.620022017448382889e-22
-5.453654212326343321e-23
-2.870943837712370301e-23
2.497809229784948321e-22
-1.564824015906042969e-22
-1.225800446138472720e-22
9.157909521840582466e-23
-6.907063909523631254e-23
4.711554679128683598e-23
-2.616973161669528410e-22
-1.852863733794388746e-22
1.809097111290328121e-22
-1.632813838098555871e-23
2.280942859506099966e-23
-9.728929879272842090e-23
-8.910052855953340860e-23
-2.474360439340307805e-22
1.598531423643674227e-22
1.786949175008961624e-22
-1.359436125018054752e-22
-2.081287987375823756e-23
-5.858445725311516129e-23
2.078633464143310240e-22
1.463398128997659008e-22
-1.373691437088229716e-22
2.220949164627822321e-23
8.312210698357109259e-23
6.497251920390624061e-23
4.798438675106429875e-23
-8.107123022764318561e-23
3.001477399364025862e-23
1.712578360993782427e-22
-2.673145046492189455e-22
-8.288979271099678925e-23
2.138811420498838006e-22
-1.367605391913588116e-22
3.557115027306900624e-23
-5.961142568879399475e-24
-1.173424632044233883e-23
1.832689852918612370e-22
4.263567891906695914e-23
1.601319167226836511e-22
-1.053574433213656861e-22
1.092443899581633665e-22
9.515083665890031660e-24
1.116819349381228013e-22
-2.183361482491180372e-22
-4.064675207895268542e-23
-1.491761794595431916e-23
1.493746630773220123e-22
1.701719110545405509e-22
1.405055560558998732e-22
-5.401757903557044670e-23
-1.270480399935835443e-23
7.019949116510183331e-23
-3.033825024347546248e-22
-1.368164168263480433e-22
1.550224473785210942e-23
-5.115651992980096165e-23
-2.301793855779634209e-23
-3.652622190125943031e-23
-8.907173625490697357e-23
1.740562958393575480e-22
-1.493007229947350418e-22
-8.106209601413938050e-23
-5.798516603407529584e-23
3.940752769935742128e-23
1.137957823351306046e-23
1.340606997619699669e-22
8.741383939547726391e-24
3.808476051955945071e-24
-1.889870676995349217e-23
-1.541017480767693760e-23
-1.623513215892633806e-22
6.845026433160931631e-23
-2.614245533003697099e-23
-9.647340801283845505e-23
-4.952003113769925596e-23
6.318477880802617580e-24
2.476720316052036613e-23
-8.638504844264618232e-23
3.429524996986302014e-23
-1.086735610227378332e-22
3.801740429348622228e-23
7.431811882589675493e-23
1.832874206253485979e-22
-6.238986223013248986e-23
2.055664671200678017e-22
7.446608300943030334e-23
-9.267052202481956364e-24
6.813642021701771599e-23
6.302173447163787703e-23
9.380910446158794922e-23
-1.758189853620577617e-22
-4.049548524238992168e-23
-1.729461561117005303e-22
1.182221633764127951e-22
-8.506681381666021210e-23
-2.592518301280220554e-23
4.465451913014509181e-23
-1.883393091012261448e-22
1.470128382434550918e-22
1.030875892369389308e-22
-8.220069626021381634e-23
-2.965478615809786277e-23
8.132484413380198198e-23
-2.601716180967747409e-22
1.588315203240876247e-23
-1.824495772077645854e-23
2.773031693856382710e-22
7.505703782545245061e-23
-3.493260271713501172e-23
8.956937770156450283e-23
1.471388382521656041e-22
1.620100375994149427e-22
1.123304026842060560e-22
-7.371792666669748583e-23
-1.226273545969969672e-22
4.004694175403225859e-23
-1.502222906870448951e-22
-1.114780981352633818e-22
3.872477636537712317e-22
-2.075674599605481477e-22
4.894991134112580451e-23
3.285124986199229151e-23
1.390088481851412334e-23
-1.969768895466806470e-22
-5.734878739208831015e-23
-1.413558428832586854e-22
-2.452513523645787404e-22
1.428268411691685380e-22
-1.760039948557291136e-23
1.187685463539794637e-22
-4.085401104585241376e-23
-1.002626561249936047e-22
-1.562580017426915269e-23
-1.675054534869765219e-22
-2.216548307857654097e-22
5.635881733369435124e-23
-6.954083767200316165e-25
-1.417027314444582187e-22
1.086564055542674134e-23
1.425379264844500964e-24
-9.001835967507249011e-23
2.183271094984834308e-22
-2.897159251055775400e-22
2.439148431740520316e-22
-5.225657394927373663e-23
1.522291137699538444e-22
6.237987137681444563e-23
5.690779927722860248e-23
1.929721655363731613e-22
-9.680955879832102047e-24
1.184190262850016151e-22
1.111674994661016723e-22
8.988813230718599608e-23
1.242497073669583496e-22
-7.173890900658305452e-23
1.112663644712741338e-22
-1.951157244865582265e-22
8.110445122268199849e-23
-2.838034832005012457e-23
2.610462148543778375e-22
-8.272002812814562480e-23
-8.023412415957490133e-23
-5.346502408193654934e-23
3.661488237992354409e-23
7.325551677843026676e-23
-1.150037151884010094e-22
1.464920421129090064e-22
1.892260576151858461e-22
-6.725839942168976509e-23
1.520991682657232543e-24
-1.594304858575003952e-22
-9.357512001377489175e-23
-6.285294383225425934e-24
2.038403967896406309e-23
-8.415400732098791685e-23
-3.404068919193076258e-23
-7.611124827114209017e-23
-1.072805240235001512e-22
-3.396562152670874135e-23
-8.120337332835188450e-23
-6.754178976902402257e-24
1.156959538070609456e-23
2.276172907403888864e-23
-8.507629649696186204e-23
