4.043536201793916477e-22
-5.246796588228382108e-23
2.313435621002473440e-22
2.117570930388047323e-22
2.818484864385280076e-22
1.046268413399167370e-22
5.504608968413972632e-23
1.196033095053047325e-22
1.813353633491777270e-22
-2.972617595153318405e-23
-1.269454337295734782e-22
3.116032494992632742e-22
-2.253466822793859752e-22
-2.735269995686882737e-23
1.020117561013863119e-23
2.314895601806403925e-23
-1.227043124505246888e-22
7.528083588731671940e-23
1.040280579735970924e-22
-1.975803220990677658e-22
4.710696616465187903e-23
2.208310916350759645e-22
-5.474925755016486184e-23
7.064681239171821542e-24
-2.968720753935468729e-22
-2.119710236644375135e-22
-5.062447688280528544e-22
-1.813495710372516591e-22
-2.024703500341714767e-22
-3.265473759431250027e-22
-6.295442236859863316e-23
-2.373563964801610817e-23
-1.398585928799939588e-22
-3.352112331578771084e-22
-2.531464298523122055e-22
-1.663737079485341919e-22
-3.101414310725628698e-22
-2.954094094304531560e-22
-8.574486390693409245e-24
-3.201257983034305786e-22
-4.023594112571900421e-22
-4.045928017030303559e-22
-1.448150367504126928e-22
-4.016152211764449978e-22
-1.093836261202929905e-22
-3.343745432927875842e-22
-2.761845440044164922e-22
-4.706080752280051865e-22
-2.516848180694465560e-22
-4.828728097082294314e-22
-1.713485696369635550e-22
-3.968077292930191613e-22
-7.894129965358931586e-23
-3.309025866551748388e-22
-2.456391715110551654e-22
-3.670951379746740320e-22
-3.584269032512599799e-23
-2.699836169743849219e-22
-1.541283530840667287e-22
-9.798723095188002216e-23
-1.646978186289529090e-22
-1.547465465017236222e-22
-2.273862743834490026e-22
-3.868007691793940976e-22
-1.412500957277327085e-22
-3.209821745195455982e-22
-2.839877424614054929e-22
-1.501549264808601005e-22
-3.032677366557201045e-22
-2.481570491128876790e-22
-2.037492231474021886e-22
-5.473083213254523907e-23
-1.447088916437256454e-22
-4.325846531027417455e-22
-3.308029975016067326e-22
-5.793283734744271347e-22
-2.976298851681607706e-22
-9.624344686076302858e-23
-2.369746004085581550e-22
-1.346911292744370725e-22
-1.094534243067011577e-22
-3.375269568649391928e-22
-1.435332161843376522e-22
-1.042443942375406539e-22
7.422724477589380359e-23
7.574656886541803126e-23
-1.386057670088114584e-22
-9.666977641313902421e-23
4.854608834929400952e-23
-1.128485787364784553e-22
-1.391754832603087293e-22
4.114123852243603775e-23
-2.361855560045134309e-23
-1.751493642477678247e-22
9.297934281918058278e-23
-1.282662916928910457e-22
5.680461993881763652e-23
-2.055713109202593025e-22
2.192950303463656172e-22
5.334618287344147687e-23
2.614226108756209319e-23
-2.173436588564014650e-23
2.395561143761122906e-22
-7.561639273849020863e-23
8.405191816643007482e-23
-9.856472710225784568e-23
2.452849587614954780e-22
1.747209772971996898e-22
2.075881781445014585e-22
-7.295960211672389786e-23
2.570401281307005469e-22
2.588424889825642153e-22
5.006522669418409961e-22
9.440169178840417201e-23
4.031317151002464163e-23
4.258640732981271051e-22
2.845323951993479355e-22
2.545673161119352481e-22
7.146114031996224934e-23
2.404936288442692883e-22
2.571511631903800824e-22
1.529863701382003655e-22
1.938538210767481730e-22
3.206276913194464700e-22
2.044449608736708851e-22
3.743901127458743508e-22
3.222938403545499442e-22
2.952631047541963840e-22
4.771197451276211563e-22
2.812865243985347052e-22
4.355592926354859255e-22
2.879309411431263690e-22
7.329435871297899083e-23
2.605415627424615872e-22
4.419020757209525379e-22
-1.300824464174922061e-23
4.508414692194431435e-22
3.517084660900407682e-22
3.386022167957974606e-22
2.008093829494542171e-22
2.906054152073721253e-22
3.909358008877204769e-22
2.044355592170553270e-22
2.148433516340482888e-22
3.088986482447170757e-22
9.695425089811930234e-23
1.838628185461040388e-22
3.508244237229603554e-22
3.232516072686721871e-22
1.127974733241862208e-22
2.421318944269969052e-22
2.007262983026240956e-22
1.490652090376944759e-22
2.942721437472828906e-22
2.169113678046688856e-22
4.377015148625559029e-22
-6.701513249407295720e-23
1.949442404005733015e-22
1.590435038042246126e-22
6.412968047065824917e-23
1.637347111314720514e-23
1.068169446267788768e-22
1.220936964640909155e-22
3.348371793833443209e-22
1.307117056619044509e-22
-1.871403614834033775e-22
2.106578623245208303e-22
1.486860266202543305e-22
1.237861915246180667e-22
-1.712654318888303378e-23
1.640390532117189005e-22
-5.504002958580521838e-23
1.353822342937703365e-22
-6.498191305518855138e-23
2.007964414913375373e-22
1.183970749269991256e-22
2.017844341688641052e-22
-2.447105806375004571e-23
3.981757848724642184e-22
-1.850532539773045678e-22
-1.674051758224471926e-22
1.436235555663829357e-22
-1.419646497366883055e-22
-7.843031488222308388e-23
1.002479596650583124e-22
-1.900486966432642629e-22
-2.542613621879530830e-23
-4.171837235648008591e-22
-3.267349413810311438e-23
-1.771736157234214440e-22
-1.810320517848884017e-22
-4.256423700411474915e-22
-1.508191409298098864e-22
5.282931000639620690e-23
6.858523171641531988e-23
-1.957745016800510528e-22
-1.661234852886241796e-22
-4.147121638843720542e-22
-2.450872552748497808e-22
-3.496287858462568089e-22
-3.052883702924531486e-22
-2.835623593606116294e-22
-1.344699203504024718e-22
-4.053194570442258475e-22
-2.663825329819462210e-22
-4.738774811939826720e-22
-1.850045771494500805e-22
-5.056164540804706867e-22
-3.864812504329959169e-22
-4.319745129671965892e-22
-3.268963640044626844e-22
-3.328814034100473130e-22
-3.131203300869985967e-22
-1.825996020662709599e-22
-4.453265138517711746e-22
5.334363181090957174e-23
-2.642186129095262392e-22
-5.284240634137945161e-23
-3.229379658712885931e-22
-4.386382026172777924e-22
-2.803940418156118909e-22
-3.890390070032245358e-22
-2.764743307867640094e-22
-1.769181346086958528e-22
-2.537615109964852189e-22
-1.496322850224455573e-22
-3.551844037817243487e-22
-2.557836880787222084e-22
-8.744679328397100824e-24
-1.821406324178150267e-22
-2.419727836402929103e-22
-2.625897791208562488e-22
-2.208725881832768085e-22
-2.049066707893316736e-22
-7.987186199843061552e-23
1.203867883578828299e-22
-2.341945920742565667e-22
-1.761495112356773603e-22
-1.231163427398523745e-22
-1.143457223383382322e-22
-2.012136320074791384e-22
-1.885148198218718495e-22
-1.107076513805942728e-23
-1.843581000274504458e-22
-2.680291673343902824e-22
-1.703769239745981354e-22
-3.414375412582967975e-22
-1.345761870299749271e-22
-1.283016371487563932e-22
-3.514627115315661772e-22
-1.978139136205895734e-22
-1.754863534945555517e-22
-1.600537981974751316e-22
3.404395493295981272e-23
8.916384843977610765e-24
1.762595887996243247e-23
3.808623600515507857e-23
-2.004248521715278205e-22
-8.847580879487250478e-23
1.543063862158003268e-22
1.331904508754264828e-22
9.207124622886520064e-23
-7.698075538666245614e-23
-2.180090210330202863e-23
5.306778918261780210e-24
2.288538272835517193e-22
8.109158468117806788e-23
4.270797727342903520e-23
1.949666331730899050e-22
1.269938657107091598e-22
4.012693673700123426e-22
9.945222429186120498e-23
1.708894902071748951e-22
-3.080738364086881730e-24
4.535556538177550143e-22
-2.489613070654397543e-24
2.456244755506115791e-22
1.082865009475419135e-22
4.445144089084507167e-22
1.835902446055926925e-22
3.334485765152747889e-22
2.809029283208474012e-22
4.314769011058990159e-22
4.178945493335616570e-22
3.837911597995722147e-22
4.917752795643839319e-22
3.521213990173371835e-22
4.287071547977812861e-22
-6.687873358845500049e-23
3.424369571036576926e-22
3.459095378470499342e-22
1.436424964664199261e-22
3.526681278932324462e-22
1.494874239546708732e-22
8.147039756868884956e-23
2.093060148218301042e-22
4.310619740933524834e-23
3.640504472924374707e-22
2.316469217943698434e-22
2.860995740982373498e-22
1.792081842554010517e-22
1.892767697288167278e-22
3.410316790260025685e-22
3.375030327092531725e-22
4.433049584587209221e-22
3.289395029194433179e-22
2.668218806944625370e-22
2.346184852775188141e-22
3.330216344309940283e-22
1.074392673061328551e-22
1.701055379767584760e-22
1.424772974070174434e-22
3.744084145385473957e-22
3.107771035136238938e-22
1.122070001078193330e-22
5.601862888209215870e-22
1.781053629079970155e-22
6.862425063593662700e-23
2.691899256831523602e-22
-8.407576280357426511e-23
4.406130661984306993e-22
-1.179391474903646072e-22
7.371381243159214087e-23
1.029096581091598781e-22
2.858313952312156489e-22
-1.016682134667946905e-22
1.739519596204429988e-22
3.013632860134492377e-22
1.775526044309983001e-22
-1.712320474928469649e-22
1.245478286921346551e-22
5.714229336481387975e-23
-1.358968933681155016e-22
-3.765707447694587175e-23
3.588975964209557160e-22
-2.005695471424841023e-22
3.310363874271663963e-22
-6.919225969611818989e-23
1.746815265207109891e-23
-7.995563050395797618e-23
4.742765289781318910e-23
-1.878566628723059177e-23
-1.354206865444434844e-22
-1.284351826213809630e-22
1.575589418524977053e-22
-2.139936564122579625e-24
2.532099514450543593e-23
-2.779281429865682403e-22
-3.836122086158127925e-23
4.868910899675102992e-24
-6.567497385705655546e-23
1.582810302371129723e-22
6.284275068515379297e-24
-2.241149183563087352e-22
-2.086203632615603102e-22
-4.346831373722520648e-22
-4.027052654981553278e-22
-3.148450868805198135e-22
-2.751351388423247415e-22
-2.779159053082712643e-22
-1.049378865176920512e-22
-2.815867752151380889e-22
-3.531371598375105415e-22
-2.263045079544450157e-22
-2.984943744886051997e-22
-5.616565945212636932e-22
-7.364538338255710196e-24
-1.400808566534623634e-22
-3.600188215378546759e-22
-1.832285657294924481e-22
-3.093964406666360294e-22
-3.537276295924250048e-22
-3.884728535608720410e-22
-3.444342055411560997e-22
-3.753839677567604121e-22
-3.815327547785900227e-22
-5.137589650194735279e-22
-2.457235596380383301e-22
-3.568049836307142364e-22
-1.231725549432302246e-22
-2.251250052224469475e-22
1.967127384085199200e-23
-4.732111129925546266e-22
-2.483558661770451961e-22
-2.706856574846404780e-22
-3.990580568925005954e-22
-3.397446128543183994e-22
-1.572388278145190148e-22
-1.718070560833689094e-22
-3.337984327788113481e-22
-2.434976470329058047e-22
-4.103424912722373412e-22
-2.518653235209235378e-22
-3.566696189737435561e-22
-2.776111273265684151e-22
4.468885053787218187e-24
-3.331976820483526045e-22
2.299158928186129132e-23
-1.135227197232525911e-22
-2.182545757483987118e-22
-2.240651654121509513e-22
-8.225040286062557932e-24
-2.338128057786761066e-22
2.220435885988929050e-22
-2.656303750626183037e-22
8.388733157016255659e-24
-2.493568825412444198e-22
-4.461211171658318134e-23
-1.561495376200810969e-22
3.771961840302525869e-23
-3.463743150655176487e-23
-6.640316345898825881e-23
-8.297952721923832428e-23
-1.371246837748178477e-22
9.411721901134451657e-24
5.011771123224844400e-23
6.768598339303409703e-23
-1.353920430459177538e-22
1.409276642361430549e-22
-1.093969488873618270e-22
5.249170223579422390e-23
-1.211873889834403708e-22
1.140459895699346983e-23
1.193978308623637850e-22
3.454064846631914001e-22
1.109015647016132814e-22
-3.218772827118123830e-22
2.088211030139439851e-22
2.605908767819481258e-22
8.408359297339037864e-23
1.931413553171208202e-22
2.673197639679552108e-23
1.786426165668874396e-22
4.009682409200701405e-23
3.925791053468537419e-22
4.231745477921381391e-23
1.792633706779161482e-22
2.507108423186500299e-22
2.783089551475485464e-22
2.328384621797763108e-22
-8.400086430442338319e-23
4.787275557069729920e-22
-2.258423912338506287e-22
4.263203472100256717e-22
1.235885691228854952e-22
4.003019854745922408e-22
3.125588757110569675e-22
1.109431239572073561e-22
3.833549002250693391e-22
1.269534036605850786e-22
2.607327978307477085e-22
4.820006062483967044e-22
1.133634214246015935e-22
3.876685645664894308e-22
1.370078857710047549e-22
5.000864673345463725e-22
2.623031194478351083e-22
3.466064578315766304e-22
4.073464781346538549e-22
4.000852463303714421e-22
3.393909561444510890e-22
1.997978906105990506e-22
2.620393080627531380e-22
3.559332513755156457e-22
4.336307581421181134e-22
2.277923550403371844e-22
3.629163675444027626e-22
1.756311984744579152e-22
1.837652628165679006e-22
4.162064034693911653e-22
3.823847980266160829e-22
5.663837437779165826e-22
3.587319619671418946e-23
8.571536409412359704e-23
7.846809418032797478e-23
4.617821491820533100e-22
1.805087040109600257e-22
2.531445935856457720e-23
4.017209784222682976e-22
-3.361190886938827824e-23
2.771772930985085298e-22
5.377113784796209784e-23
-8.990933049857947479e-23
2.098758555921111823e-22
4.630331934016717703e-22
1.191464466928471235e-23
7.296035831126135911e-23
2.441755775204786922e-22
2.997382738618819367e-22
-4.144394200543580248e-23
2.478090937309893337e-22
-2.191183766269073694e-22
-2.628726346340347821e-23
1.638677056270097668e-23
6.381691915541673567e-23
4.516559240455042190e-23
-1.312859720921883874e-22
1.236673438749493894e-22
-3.128089991448714476e-22
8.223464574029042606e-23
-2.914936544828646270e-23
-1.509030590617550856e-22
-9.242912513033141283e-23
-1.057198913428605986e-22
1.138343276239873953e-22
-4.168213123655726464e-22
-9.301107418407307141e-23
-2.248027292341356295e-23
-1.326462686833802641e-22
-1.377468733667568013e-22
-3.148136026963255700e-22
-6.823909264217821641e-24
-3.616257887125130128e-22
-1.536395365893264103e-22
-7.153218098746363822e-23
-1.797881319962416917e-22
-1.940221936832841790e-22
-1.883708869665069062e-22
-1.585375180919931822e-22
-1.063918936510815166e-22
-4.439172617896862720e-22
-1.682436078634064461e-22
-3.115559191489729636e-22
-4.568745849351287447e-22
-6.314484799470635135e-23
-3.303456451618547084e-22
-5.859581955042289784e-23
-4.131716282930235988e-22
1.808554484719671344e-24
-2.429513603053727314e-22
-2.821427631049001619e-22
-1.744672762570476035e-22
-3.495848900455195392e-22
-3.187332124122766124e-22
-3.180943755617689767e-22
-5.389038370795157112e-22
-4.106502606966639814e-22
-2.531557367160083071e-22
-3.380477072571960191e-22
-1.421342295664311709e-22
-2.328756382292890357e-22
-5.344614057631556911e-23
-3.759294932102977742e-22
-8.519976178869387046e-23
-4.131464038957975319e-22
-2.312834347870248820e-22
-1.891829334849566431e-22
-6.850465464850881109e-23
-2.787136586049214419e-22
-4.623133181516461277e-22
-3.930957495316296127e-22
-2.921040157071997807e-22
-2.023410935475453471e-23
-1.762964092623398056e-22
-2.534697521455841879e-22
-8.617295189844076165e-23
-3.320038632619569135e-22
-1.441058432017897342e-22
-2.490434765827599875e-22
-2.083708198646865919e-22
-3.228824764007198548e-22
-1.989710043652413213e-22
-2.430016093473043950e-22
4.453188083613474725e-23
-2.021576253780568668e-22
1.100469345900902345e-23
-3.638696228106505780e-22
-1.920206210862883452e-22
1.078759352129408374e-22
-2.915077499628413559e-22
-2.881557331135425275e-22
2.149179543223825280e-22
-1.409261036837889819e-23
-4.501028654355711124e-23
8.400033071484149872e-23
-1.726995512818330075e-22
7.516689278729322475e-23
-5.893503357801688946e-23
4.976108338807187653e-23
-2.862747783595115166e-22
1.651779512861300587e-22
-8.388492466151110039e-25
1.725758054408103619e-23
6.702159906586611525e-23
-3.160967109759618301e-23
7.649815129364745892e-23
-3.874038661025440231e-24
3.166392578456212815e-22
5.711190041688913784e-23
1.273315081714162894e-22
3.927804925341230545e-22
-4.814698982119237167e-23
2.774865881957196684e-22
1.520546391371316910e-22
4.415916411408500214e-22
2.372116801144455655e-22
3.613374608186991683e-22
2.591499144548034204e-22
2.793181170256414712e-22
9.468971440076924795e-23
1.750117696976273455e-22
1.564500887301700720e-22
4.992707199970726143e-22
4.525907839561683395e-22
7.651905111497387038e-22
4.301395933265621641e-22
1.689326841146596749e-22
1.915960293684632224e-22
3.771226776670361011e-22
2.357436195307231914e-22
3.430701343717559951e-22
2.628924180383115018e-22
4.092261586267825652e-22
3.010712707113863154e-22
1.200112193930101803e-22
1.915233109814709830e-22
1.823978572118638368e-22
2.857228727978845679e-22
1.651517389603444666e-22
1.132192159818489248e-22
3.564441766868742637e-22
6.382855885952513061e-23
4.455687175122542022e-22
1.323339660594725753e-22
4.348928468658950427e-23
3.485424364828175201e-22
3.820256470256291083e-22
2.843345673188977429e-22
2.046668343962019119e-22
3.581101505766030444e-23
6.253165723962925914e-22
3.424645297022173703e-23
2.780502737341062221e-22
4.800858469591887044e-23
3.235945925596031536e-22
3.441514096060153104e-22
2.433639724673946493e-22
4.350594545415044117e-22
9.720728609673670632e-25
2.290892194349831876e-22
-5.497673161028637395e-23
1.757996543877293260e-22
1.604814505775267693e-22
1.659070919358886134e-23
1.973320823863599892e-22
6.220922223811328048e-23
-1.248062270020383045e-22
-1.270519408272657092e-22
9.892949954423901795e-23
-2.846608623332565838e-22
1.104505865936353061e-22
1.155883725502270129e-22
1.395234269279600036e-22
7.729392912180044522e-24
-5.279863734508411773e-23
2.262357751856676958e-23
6.173491472885312690e-23
9.035452388174195195e-23
1.759641092388995427e-22
-4.391155753178978331e-23
2.178645761308118447e-22
1.476088084515404208e-23
-2.048979685505543819e-22
-1.573177800858055082e-22
1.034046578123187768e-22
8.968040228346999362e-23
-1.057159685026602713e-22
4.341809932994309296e-23
-2.387691936737634934e-22
-2.305861405212596002e-22
6.045292542660040087e-23
-1.510612867779876982e-22
8.302069125428553110e-23
-3.873886685949342517e-22
-2.976500875156909005e-22
-2.090735710735086246e-22
-6.192935844544562674e-23
-5.524192579511814532e-23
-2.481524320143418321e-22
-4.468113387296054602e-22
-1.360938475672146853e-22
-2.246436398470341642e-22
-4.827817163515522164e-22
-3.848308260908569159e-22
-1.764400410375252760e-22
-5.813344475079906173e-22
-2.567629365501829846e-22
-4.859348037943247534e-22
-3.267318325831828504e-22
-1.447607572262202346e-22
-4.880073287921427479e-22
-2.015708796200102824e-22
-5.538752780009026989e-22
-4.662454332262896019e-22
-3.063057461876988852e-22
-4.089767731817266808e-22
-5.048518843175696074e-22
-2.620215600241594509e-22
-1.516658634478864319e-22
-6.120174088173177329e-22
-2.334896575655304616e-22
-3.066045992076718061e-22
-8.157742153825127322e-23
-3.246749146034784036e-22
-9.203242389911209488e-23
-2.196764774973670494e-22
-2.108320447443302562e-22
-4.638131163982265871e-23
-3.550369281001900785e-22
-2.933949004135035056e-23
-2.217242656047394108e-22
-3.145248602590425578e-22
-5.686736784507284646e-23
-3.870181314545627107e-22
-5.664611129133980838e-23
-4.044708312001322049e-22
-8.458574852874924091e-23
-2.597835862413619848e-22
-4.723983681858164013e-23
-1.801163175616756211e-22
-5.095992351492770078e-23
-1.831123380642910798e-22
-1.502153643982196043e-22
-2.671996020258721989e-22
-2.940673772736858231e-23
-1.980849288114487426e-22
-3.472499721709595266e-23
7.674457910156462602e-23
-8.627342619448235364e-23
-7.899522937245435410e-23
2.880648053604213531e-23
1.313011106807740395e-22
6.368587577290303495e-23
1.360489468962213925e-22
-5.589354457274693142e-23
1.256145204278276018e-22
-4.113306353903781093e-23
-9.155918195728349806e-23
8.959599581921734163e-23
1.191410982862153369e-23
1.930591161554207432e-22
-2.928519988973687638e-22
3.405079259002186259e-22
1.652449073505983820e-23
3.068323782673032108e-22
-1.036879049511317320e-22
3.946265826140373826e-22
5.104982968514420253e-23
-4.600246861412027810e-23
1.371574538062008927e-22
5.225368763755247075e-23
3.528215133681237235e-22
2.610358683081166907e-22
5.755380579153649863e-23
1.349620764727512464e-22
5.309815767022587665e-22
-3.296515449191346364e-24
2.077160936478692401e-22
4.055916475203318039e-22
3.589504832389019580e-22
3.035911454356879751e-22
4.257890418886318840e-22
1.496413038335752949e-22
2.693737763738763715e-22
7.708579727125159435e-23
2.600691057898911791e-22
1.716795762711916574e-22
1.972271445638494724e-22
2.186009521195817448e-22
1.390037938235563923e-22
5.880153319155868798e-22
3.948096208928858640e-23
4.709345127602624152e-22
2.693484069352267875e-22
4.069718193980525396e-22
3.168621559906700218e-22
4.928692436831101028e-22
2.933104853073656257e-23
1.755602258827271329e-22
8.833459192139701017e-23
4.590632916518082443e-22
1.634654502974047717e-22
2.785265587069788359e-22
1.262379040475386215e-22
3.884778649344545817e-22
5.257199704100215708e-22
3.777410422190817405e-22
1.772252124470810020e-22
-1.247448649375018621e-23
1.469049758550933000e-22
3.523179559741653230e-22
-1.877831345226654755e-23
3.005705931793022614e-22
3.112259785181180783e-22
2.926920150341746049e-22
1.346251763928449966e-22
1.985346884307665155e-22
2.959283181725772454e-22
1.935751214099563218e-22
2.819571473128000115e-22
3.518181489494709299e-22
2.643249219792192126e-22
2.268648207733248585e-22
-3.510392433183671311e-23
2.392173426041708317e-22
4.902481757056234831e-23
1.195995594580189250e-22
7.625517289912709211e-23
5.651587186053170856e-23
9.547728529863331085e-23
6.288351765833194504e-23
-7.726892537988882617e-23
2.907108685793282023e-23
-7.977580467943670351e-24
2.826614152030623021e-23
-2.584371585954125177e-22
1.358039162263508126e-22
-4.385825952373102362e-22
4.007595156819346537e-23
-1.335018141195689830e-22
-1.551040655648393963e-22
5.590141409704917121e-23
-1.781407502100922715e-22
-2.309331656658882795e-22
-2.286456773326830143e-22
-6.137192168457381874e-22
-2.258086058323305108e-22
-3.255147819373826879e-22
-6.048008385780513969e-23
-3.041189350718331588e-22
-1.082899619347097664e-22
-4.147728665584313046e-22
-6.986667160549889560e-23
-1.406476806077198521e-22
-1.820803995813198166e-22
-2.672296633326029373e-22
-1.419120293414425646e-22
-1.988414807589937359e-22
-2.242360576908715792e-22
-1.997985019874972028e-22
-2.247818307603627928e-22
-2.089873937406096404e-22
-3.464311136413911219e-22
-3.044922957789265783e-22
-2.043589482152971754e-22
-4.205530350593513097e-22
-3.109984501380529286e-22
-2.325098194063984032e-22
-1.164684104531279327e-22
-4.439306131364129261e-22
-4.712348917062288879e-22
-3.770229496668432358e-22
-4.149132611451029196e-22
-1.797704145150760786e-22
-3.741295826357359142e-22
-3.328845829281017039e-22
-3.237827479545162373e-22
-4.109024695658198610e-22
-2.687277555963758453e-23
-2.942379244398627755e-22
-1.702204337605744968e-22
-2.441821821749885104e-22
-2.986525566600561763e-23
-3.164426577214132366e-22
-1.033193296042138820e-22
-1.101916653597144937e-22
-1.012921712994475165e-22
-6.317691588881825324e-23
-2.992943997169563920e-22
-2.045603469174423350e-22
-1.437741240205465808e-22
-2.551586964012667944e-22
-1.177395370187616824e-22
-1.879884049053411579e-22
-1.255852176763983080e-22
-2.464478325686420781e-22
-1.663531852480550144e-22
-4.913143288797637456e-23
-3.863547585124986534e-22
-2.274668838326972886e-22
-5.513920636310913630e-23
-1.048742796438912325e-22
1.461666009420985251e-23
-2.066413919732323772e-22
-8.847885568665700001e-23
-1.618573067721423466e-22
7.506258648947890804e-23
-1.431649942324331734e-22
-1.429217844623319429e-23
-6.302386331680416303e-23
-5.497428329520542952e-23
-1.930323922818031224e-23
-3.331119759587969501e-22
-1.086864814249625230e-23
2.178814713139774413e-22
-1.561456759312022449e-22
3.735346761720394917e-22
1.134244687956037663e-22
-7.848588560618932897e-24
2.559824087861608021e-22
-1.561825028557697692e-22
2.412687658988399342e-22
3.295031491760525613e-23
5.131163638632129538e-23
2.208098306068170394e-22
2.467089905077279067e-22
1.594338324981865539e-22
1.273250945348888490e-22
4.476756952446115092e-22
1.828272635318103931e-22
5.959266267295903545e-23
1.304988977290031704e-22
1.832460740050980901e-22
-4.349589572957394043e-24
2.442314860342422990e-22
1.803139028987745763e-22
2.756051311231038814e-22
5.139024309252517096e-22
3.292639720169968712e-22
2.800777745560297552e-22
4.319575561432765398e-22
2.787589401591085269e-22
2.711582962232957065e-22
3.277231174710205928e-22
2.914391137518315198e-22
3.276897976570502782e-22
4.246712764873783179e-22
5.368135448246845176e-22
7.933486548032900090e-23
2.576700909323037867e-22
5.853623725638200483e-22
3.418058741730548313e-22
3.620122336430302174e-22
3.023751947125727367e-22
4.343699845985945619e-22
3.499134711886960181e-22
2.491774170106182124e-22
1.740840533650615189e-22
4.535879020030103308e-22
2.826416761954901213e-22
4.347354008772121207e-22
6.273168817663608075e-23
1.978415830450145762e-22
8.968650294146167359e-23
4.158390676799299320e-22
2.777575074543247177e-22
3.883524109678587558e-22
2.187773425393352599e-22
1.321008377307882756e-22
1.628999216274787406e-23
2.768337621518809013e-22
7.549932883296499740e-23
1.232815016225604218e-22
-3.256968116876032262e-23
1.882401487673156670e-22
1.811043869801730840e-22
-3.204542925247495083e-23
1.771476965439555470e-22
1.526637964325601694e-22
5.305684594022809229e-24
7.630069063713686299e-23
-9.993920073768276912e-23
-2.426530612685192820e-23
-5.487907385512310105e-24
-9.399775739040074072e-24
7.107128857595486656e-23
-2.262926011431612757e-22
1.026060766551551996e-23
5.789894296750795611e-23
-7.276563377196344356e-23
-9.678221325725168266e-23
-2.073632051497219473e-22
-2.011913897518697006e-22
-1.605477718159832641e-22
-1.587795145062659106e-22
-1.079003316223087575e-22
6.052595069477050705e-23
-2.209732592521103434e-22
1.024926346598383253e-22
-9.991372591396216746e-23
-7.738748432406668142e-23
-5.033124756091924613e-23
-2.247950914891374708e-22
-1.447774626482992363e-22
-1.271193009654170157e-22
1.614920370488754258e-22
1.126685980953936661e-22
-3.598324510799417428e-22
1.069745495977271965e-22
-3.125679204804713847e-22
-1.374722038302524552e-22
-2.044228117570564966e-22
-2.231132354137295725e-22
3.466561174614397968e-24
-2.760284474420229749e-22
-2.733975370480949704e-22
-1.458131637122021923e-22
-3.518426990885692305e-22
-2.903728564891132434e-23
-4.455638317946347692e-22
-1.702520445305560844e-22
-2.633754666814754027e-22
-2.792351270553220003e-22
-3.728973883906110260e-22
-2.692658000295006291e-22
-6.011501250302952917e-22
-4.550880331636165654e-22
-4.617849549587716018e-22
-3.039821735639180673e-22
-5.729626409648599475e-23
-5.916893464067912895e-22
-1.321024037108686593e-22
-5.243664448229050459e-22
-4.009859714758983061e-22
-1.505914393598269715e-22
-1.642369459159455103e-22
-4.875991348355208803e-22
-2.276033192186358929e-22
-2.003056770306119641e-22
-5.843720659999343000e-22
-2.837833258180498133e-22
-3.685564323783378345e-22
-4.016368743984088145e-22
1.747431331634213671e-23
-3.667739511602991058e-22
-7.564515289843272431e-23
-3.706837386253675670e-22
-3.001279865922009523e-22
-2.012581046352423163e-22
-2.820204950995176241e-22
5.224059616584692971e-23
-7.283192482492763395e-23
-3.410471893153304732e-22
-2.986533486538915742e-22
-2.751745531729308883e-22
-4.656201049601722117e-24
-1.239280825108552528e-22
1.002575486283016594e-22
-1.844430352197640549e-22
1.484556110521970382e-22
4.662568688973938649e-23
-1.583827687197599900e-22
8.787892017300807849e-23
1.870952121521647078e-22
-1.488180728314339999e-22
2.398627119475433370e-22
-5.584844940897726335e-24
7.690597992170584890e-23
2.049190614008910308e-23
1.430632531252391124e-22
3.410845764895552602e-22
-3.358593093175558904e-23
1.948754455523806561e-23
1.388663413682464314e-22
2.976096180404622191e-22
1.289981354271358492e-22
2.670192943887187070e-22
1.349684129852011348e-22
1.085777745632091177e-22
1.521405503078777916e-22
2.805659395025005873e-22
2.673237679800535884e-22
3.853173424284160723e-22
-5.977036612969985890e-23
1.565755315543163308e-22
-1.879372593147038985e-22
3.217325616712469109e-22
2.318218872456843425e-22
1.765665416121735338e-22
4.134507535550863611e-22
6.366743510736504677e-23
9.727389777419781444e-23
3.395146873115059790e-22
2.776503364633291099e-22
2.545474781555520176e-22
2.959553768808502465e-22
2.042883206734148659e-22
1.721915755600801335e-22
3.256289882183556110e-22
3.594282704362595413e-22
3.639383242237847109e-22
2.308456352718201547e-22
2.405924835091747773e-22
3.729354208292563787e-22
3.398099844724316365e-22
2.434435749438556806e-22
2.767526759403123930e-22
2.884208046987248093e-22
3.039355748191929485e-22
1.188415848211104465e-22
3.093621554199561312e-22
2.731111252379375897e-22
3.326895621083350110e-22
3.345194116597174449e-22
2.311633897638336952e-22
3.413219913437348374e-22
1.490622552983768652e-22
2.388499299599749712e-22
1.418709400835932193e-22
2.193795665051080052e-22
2.362878091801487359e-22
4.090012980733431864e-22
4.096831457805725296e-22
8.166740877729728153e-23
2.705031672538454043e-22
-4.972158642005854221e-23
1.780597176939383018e-22
8.066442708501998151e-23
4.054609575582732393e-22
-2.893285518080245159e-22
3.236263125843841375e-22
5.356218677773329579e-24
2.758625835741519681e-22
1.301119067281825252e-22
9.162097805897407345e-23
1.629959900216499241e-22
1.354865293004625573e-23
2.495720765206183953e-22
1.286737122104301026e-22
1.385214089256922779e-23
1.550734912370268439e-22
1.022765689814417645e-22
-3.912260775591081239e-23
1.146955456981971390e-22
3.483436904858709044e-22
-1.063504439610016393e-22
-1.515405313774078904e-23
-2.701894348287152942e-22
-4.938163845986833697e-23
-8.512030611304757437e-23
-1.478634708685852805e-22
-1.113911990049861836e-22
-1.989906972256076210e-22
-1.947492627923266325e-22
-1.969737122165475367e-22
-8.618952823653766501e-23
-3.452826338812459465e-22
-4.382700171911600138e-22
-1.162588791603126871e-22
-2.445996558941635216e-22
-1.675021066946665912e-23
-1.714760332207704864e-22
-4.294410146513732064e-22
-2.686149108569666073e-22
-1.023732904093642373e-22
-1.593019142287651188e-22
-1.694333507877154653e-22
-2.684132564502933897e-22
-2.818297889259428366e-22
-2.782258220309973129e-22
-5.657006002686003612e-22
-2.530279663808966387e-22
-3.882610434020790348e-22
-4.332787857679976893e-22
-3.130854034001718492e-22
-2.354565823876146929e-22
-5.651247525742658516e-22
-2.631831042980796375e-22
-3.975604625616117835e-22
-3.278226298350677713e-22
-5.126389867967423242e-23
-2.345547042706224484e-22
-3.597099536719042208e-22
-3.877138070582710897e-22
-2.459219589854572040e-22
-2.937050182430826750e-22
-2.570772968930149181e-22
-3.055392237393855924e-23
2.806600704400953471e-23
-2.583309014900448662e-22
-4.794686720362917716e-22
-2.278573802195766747e-22
-3.649200392314741922e-22
-6.336412548008232563e-23
-3.587316662196262809e-22
-2.370725452227373030e-22
-2.433898563566792399e-22
-1.373342742604102161e-22
-2.023417562566520943e-22
-1.255979300838196336e-22
-2.385651518648441030e-22
-6.021691523208773802e-23
-1.171884275415487784e-22
-2.387230444042788109e-22
7.284419485608895501e-24
-1.925800108261969142e-22
-8.758856528677551651e-24
-2.357051773839682898e-22
7.385843781341528514e-23
-2.210054571082556712e-22
-2.085004391429236681e-22
5.006296072694549759e-23
-1.082771229748555373e-22
-1.205066256520184573e-22
-2.166053054652172802e-22
-4.173818875099879546e-22
-7.818077440223619977e-23
4.784259164296772041e-23
-1.237695046626547981e-22
-2.803056115999966356e-23
-1.769652628039194332e-22
-6.631636753673225129e-23
1.147289167817541731e-22
6.199544358635410288e-23
1.283731837788873179e-23
5.253539088138578372e-23
1.203778735826846639e-22
6.374078041541119302e-23
1.328051198854972607e-22
1.400836782545490135e-22
5.127920650611614929e-22
2.048159474407934382e-22
2.084159432326431558e-22
1.020514974650592700e-22
1.861059697163422398e-22
2.709594586101732833e-22
2.921030154541924214e-22
2.262918853456556806e-22
1.095015144169824762e-22
4.707990978623025391e-22
-3.973720028496429294e-24
3.097315523262031043e-22
1.430163399680652027e-22
2.413353051116484917e-22
1.530982326100925868e-22
3.350711132724525484e-22
5.589746239492053394e-22
4.905933398640987097e-22
2.032819781496272052e-22
2.191003317251856100e-22
2.610435853018838645e-22
2.207665800640499278e-22
5.044965450491244762e-22
1.019770799238094892e-22
4.012718901122628320e-23
3.498145717621230416e-22
1.702214965430216285e-22
2.654690307202460640e-22
4.969317918252670407e-22
4.210896956785362386e-22
1.839774495581415885e-22
3.246096291842199630e-22
2.828590649524206945e-22
2.866332066251459622e-22
1.459564766990234769e-22
4.943889758154627156e-22
1.954812935248049084e-22
3.149382365929914109e-22
2.136577314069146714e-22
1.856498964858142240e-22
2.214104019471444860e-22
1.179969734032235588e-22
2.935914602202838443e-22
5.131666584398078332e-22
1.207469536370215260e-22
5.510948551526043135e-22
1.625005641438638291e-22
1.215507149386547505e-22
1.404380839876092043e-22
6.135424740274169150e-23
5.385943560645929601e-24
2.195749059593555062e-22
1.762302035000053431e-22
1.175276408290606133e-22
-3.629103738033803314e-24
2.587046786596276069e-22
-2.664164683444874925e-23
8.716914731057922471e-23
-2.304341965802745273e-23
6.183645006176418408e-23
1.742569252502314123e-22
2.187540690666001181e-22
1.861429197812071328e-23
3.374712466274801577e-23
-5.293613234768628479e-23
7.415971154243681614e-23
-9.708753037422519554e-23
5.440998574255784778e-24
-4.046170975021448862e-23
-2.368931202820681393e-23
-2.387145324557111998e-22
-5.520452977086501502e-23
-2.337596390554690724e-22
1.295169377192565259e-22
-6.953921850951311111e-23
-1.678489217448216753e-22
1.360708591676590377e-22
-3.352817024820810611e-22
-1.341269248030938046e-22
-1.562390802066108519e-22
-2.722012065986978327e-22
-2.691767116014288816e-22
-2.823139423969299887e-22
-1.136754440697254327e-22
-9.693553192817770690e-23
-1.791593486025086848e-22
-5.494189846273450576e-23
-3.915266357518167652e-22
8.341217378178932976e-23
-3.229179540956983340e-22
-4.516958319606558706e-22
-3.227860826819568340e-22
-7.190393793844918158e-23
-1.481778885376411748e-22
-3.943005388405375188e-22
-3.932856234130190522e-22
-4.397117446753415294e-22
-1.408764725258027560e-22
-1.753938503616265585e-22
-3.209631948535334931e-22
-3.554572724220474643e-22
-6.352572799312320778e-22
-4.455379767866166895e-22
-3.246349531597479519e-22
-5.745434135142203389e-22
-6.532199559623942942e-23
-4.387512542290885743e-22
-3.371354417990254019e-22
-2.216897487017126696e-22
-5.651768894550696989e-22
-3.053927982525012349e-22
-6.621076845484429432e-23
-2.740858207994735329e-22
-1.408901610139722597e-22
-3.585841993474382344e-22
-6.106367321537246692e-23
-7.707439618683304913e-23
-3.549761833533463416e-22
-1.776852454540862311e-22
-2.583284149796181517e-22
-2.663269576543850316e-22
-3.904453513168898152e-22
-2.687805449130899071e-22
-2.051155470581077459e-22
1.568548845625247581e-22
-4.784800646498205918e-22
7.388280549522485285e-23
1.083402227922968000e-23
-1.171418844144099461e-22
-2.808869535831730539e-22
-1.773985212011365128e-22
-1.715814825553963296e-22
7.101114401462778751e-23
8.795450604994831952e-23
-1.289910513163447894e-22
4.027009911875278543e-23
3.751112082537133301e-23
4.182175314053270372e-23
-2.092739252497833427e-22
1.613535287454946906e-22
5.545994056769700358e-23
-2.305780370821338207e-22
-2.713251744294056859e-22
2.880755106573555500e-23
1.610315393838321835e-22
9.871567287848033800e-23
-1.485461340981251068e-22
2.323288238934344600e-22
9.340792702497185296e-23
1.926650647394886261e-22
4.226794591598879042e-23
-1.810386966379208169e-23
1.939649098010276266e-22
1.409264447790206575e-22
3.487364679344432825e-23
3.080406134409328480e-22
-3.326603735484362617e-23
6.132279282758214217e-23
5.007073663693492932e-22
2.292008727969168652e-22
5.632865250574201460e-23
2.653095334609217743e-22
2.195464333981875187e-22
4.864811276942281569e-22
4.397598330136861899e-22
2.189202833703951929e-23
3.220246338120330354e-22
2.150084831348650547e-22
2.252885392096223489e-22
1.790687738565103739e-22
2.228816782136185621e-22
2.128425131518029441e-23
5.923776944248427975e-22
1.553099399275402433e-22
4.608812323061136177e-22
2.877201101866456278e-22
4.284019214452831938e-22
1.705708034742232700e-22
3.046708123885506608e-22
2.351745185226572812e-22
4.453013455973457967e-22
3.547221241366622449e-22
3.798816638569197094e-23
1.319997583718195534e-22
4.604094277404766871e-22
3.699093236083689506e-22
2.874257885122336077e-22
2.219087769702182684e-22
3.074300792247041776e-22
1.578154655645447453e-22
3.620142325877503299e-22
5.071974180177588314e-22
2.427857561582632077e-22
3.679505172124626171e-22
2.030540855832071017e-22
2.192580810774670578e-22
2.372498461395547815e-22
-5.309071646703139813e-23
2.591825996585249760e-22
2.336250984174533594e-22
2.137242239957917935e-22
2.758858190060183423e-22
6.763671308209286808e-23
3.520747784745152809e-22
7.097202413948940610e-23
4.636250168531007844e-22
-1.316767426075928454e-23
2.260876704387898848e-22
-2.448690573643442533e-23
3.669326137848911115e-23
1.829468697523037408e-22
1.083229610380754985e-22
1.678401237472799467e-22
-7.467492201573217009e-24
-2.074170581300597551e-22
-8.757339660850018507e-23
1.319901862957327170e-22
1.168139069810568908e-22
-9.045488886727246288e-23
-9.147617304658888422e-23
-3.802097164402167344e-23
-1.225341617477208013e-22
4.638477688548152051e-23
-2.428434350618414004e-22
2.234142121899931150e-23
-2.261240653828428202e-22
-2.647774117687895271e-22
-2.468593545633886339e-22
-1.620096279768392528e-22
-4.907154397962763809e-22
-1.030435839227262460e-22
-8.094047102880760791e-23
-3.451172677883934829e-22
6.636615802094707548e-23
-3.733052606995775115e-22
-2.594678729205924699e-23
-4.979164168541804606e-22
-2.431866118171105916e-22
-3.735532396436488556e-22
-2.857524497203069583e-22
-2.481150501881038729e-22
-1.923437142699307414e-22
-3.691740105184073100e-22
-9.916533288129580805e-23
-4.426906888513162308e-22
-3.000217712466265707e-22
-1.458829056184583513e-22
-2.002409139122244625e-22
-2.358057475138703168e-22
-8.562163300019899611e-23
-2.176582743541304143e-22
-2.430304692595755757e-22
-2.551746379838618290e-22
-3.293740675180205852e-22
-2.130908560561436394e-22
-4.020764374154143019e-22
-2.778134235653411807e-23
-2.647819003249468283e-22
-1.683719670935401082e-22
-6.592800100265604024e-22
-1.504545487919661961e-22
-1.685289118870263728e-22
-1.638771140548034581e-22
-2.196157475384012668e-22
-2.264754530425599200e-22
-4.221992716966811834e-22
-4.029693340920657659e-22
-2.399611124872641028e-22
-3.815795056277507263e-22
-3.639236427632950443e-22
-8.033924900649414041e-23
-5.807728244657311905e-22
6.569717918268396179e-23
-3.564710803766998816e-22
-2.032232637204580145e-22
-4.180007484790435746e-22
2.541876609958603792e-23
-2.906335163574517288e-23
5.567217615831964572e-23
-3.165842891163891555e-22
-2.273585361749359737e-22
-3.473370496258024467e-22
-1.328505558195053494e-22
-2.592875631774244745e-22
-1.010280184514369220e-22
1.551569889631539032e-22
6.537803258183408520e-23
-3.854329230361917023e-23
-1.836220265907132577e-22
1.670161703949569948e-22
9.268924616396687467e-23
1.327739402363635014e-24
2.576040419051764777e-23
1.752993100761074194e-23
-2.594686692035960114e-22
-1.344188382082851090e-22
-1.131005813288499481e-23
-1.461350001753432779e-22
2.200766002868430093e-22
7.807143797599162652e-23
4.107745581495387557e-23
2.942027516716419032e-22
8.209897177463583018e-24
1.724006593494447070e-22
1.782081326769709251e-22
1.104795003590560279e-22
1.624469796582101823e-22
3.014754786620465073e-22
1.596236236379523978e-22
1.875236860812875172e-22
3.747009227842757033e-22
4.274792570722100769e-22
2.779269924714696459e-22
3.555748825707435395e-22
3.099019851687826044e-22
3.092050064499650284e-22
4.312623846539702799e-22
2.368317343160353672e-22
2.966812417523527419e-22
2.678348570774632097e-22
1.790483928278681130e-22
2.798060342441474289e-22
1.951092802456708651e-22
5.846130296863562737e-22
1.477145269981923262e-22
2.671100728510118680e-22
3.374050029222994266e-22
2.068849943674863574e-22
1.268243946005135303e-22
3.385201359729178153e-22
3.766059374468712923e-22
-1.304789439548263921e-22
5.220989294376066674e-22
1.909877920603889660e-22
4.623245862026080363e-22
2.431718373805897592e-22
8.764554114351703435e-23
4.501277155897277887e-22
2.012401771951994845e-22
4.557270835384693191e-22
3.502926153525680642e-22
2.532913874132249182e-22
2.140965506849960353e-22
4.172281593067844957e-22
9.661294262571203901e-23
3.098366386062112725e-22
2.329845694599812339e-22
2.991808157278866436e-22
1.578344311494604146e-22
-3.739791400602387530e-23
4.018355784352893321e-22
1.366013401424740643e-22
7.410964241221161542e-23
2.697996188358641470e-22
8.067161993212455298e-23
3.387349874525604572e-22
1.581022775366567995e-22
2.699086803300333308e-22
1.340334092600219138e-22
3.060891370733643612e-24
1.359835507384073077e-22
-3.623299064343813946e-22
6.402992242533413449e-23
-6.333362742783014055e-23
-7.543814846954045060e-23
-1.648027312283597850e-22
-1.480881679264376755e-22
4.360490527158117720e-23
-1.905921587977468986e-22
1.167366173053092003e-23
2.128894261102683970e-22
-2.234503001589616781e-22
-1.679783974941169438e-22
6.336793843675257666e-24
-1.199831882060408238e-22
1.550663680047845245e-23
-4.960167284383629690e-23
-1.947032314039947437e-22
-2.187885333940053074e-22
-1.566933494310650806e-22
-1.426550250835836154e-23
-9.331803969016182259e-23
-2.037061931622015214e-22
-1.744107209924226829e-22
-1.401229214680718307e-22
-1.440935945337221102e-22
-1.586304218324203584e-22
-2.209719229985862058e-22
-2.497532934427777480e-22
3.405816098119976501e-23
-3.216260454283053501e-22
-1.939967524319274332e-22
-3.617471326377138435e-22
-1.281285971555231005e-22
-1.899096805242131607e-22
-2.872811013406752907e-22
-5.679811772878319746e-23
-3.614550566682896742e-22
-3.300468769441097405e-22
-4.071630253100221746e-22
-4.148246200029337866e-22
-7.907730499668604115e-24
-6.235790683377548720e-22
-1.943417852850095173e-22
-4.313276176512796862e-22
-3.932651207970280068e-22
-3.873050604680774105e-22
-3.405608319627601940e-22
-3.855711285170428765e-22
-3.357678370593427109e-22
-2.166285463023510052e-22
-3.575174346413756247e-22
-2.871459733926328362e-22
-4.857170067757061208e-22
-5.394585736861687921e-22
-4.668878345458996692e-22
-3.995021811041194041e-22
-3.307565142489119874e-22
-9.034910056667483659e-23
-4.897877497445118103e-22
-9.446182082856206504e-23
-4.857994413314341212e-22
-1.750423866105842623e-22
-8.430207240734032915e-23
9.615644402300118070e-23
1.470777068768872808e-22
-2.802715401698901507e-22
-2.343207651333750589e-22
-4.669448008771094902e-23
-4.537231393596438941e-23
6.846575180092234264e-24
1.294898375392433588e-22
-1.173662236097588506e-22
1.068287754392188271e-24
-7.862900543732981023e-23
-2.072066675246246818e-22
5.023099721145462651e-23
1.025065542538878063e-22
-1.428528654374859660e-22
1.161485839277092530e-22
-8.877591445773026554e-23
-5.922114511982654314e-23
-3.906332143984127810e-23
-6.837674428125577975e-23
2.720285380947960380e-22
-1.226799429875592255e-23
1.081653304040512837e-23
2.687200746263543359e-22
2.910501014060296936e-22
3.527924083816677750e-23
1.095810494360301136e-22
2.325478745217231673e-22
-6.630183321447241728e-23
3.489065198871299892e-23
2.875888985057105242e-23
1.652757784266262524e-22
3.660000303014907757e-22
3.412536318466232971e-23
1.791475626055633778e-22
2.757771798632730904e-22
-1.169232812190155427e-23
3.811999775196272099e-22
2.447531422206101191e-22
1.214428998579618034e-22
3.974903186159186537e-22
-3.787113635198844797e-23
1.060162559506894229e-22
2.815759986725509262e-22
3.015287060923377520e-22
3.736512675843745596e-22
2.371056900873935327e-22
1.318489306695880220e-22
3.408230178697510926e-22
1.485955772313688962e-22
5.103330703196632363e-22
1.409933978090526762e-22
6.908938660803308525e-22
2.493707172412076235e-22
1.246046304831260844e-22
3.718071908097666189e-22
1.199269390518761969e-22
4.580831699454592993e-22
3.312201927554545116e-22
1.884543879555056624e-22
4.560757955947985197e-22
4.559211190458122099e-22
3.319170408342448589e-22
5.832389936906028722e-22
1.562282905804658891e-22
1.886362724273293936e-22
3.679861496365578955e-22
3.509994571103337259e-22
1.299504181935916525e-22
2.848542041253408440e-22
3.092407951740375558e-22
3.380983871195327908e-22
1.192921717161072833e-22
2.173964068270204726e-22
2.872766375268158528e-22
3.204936509431674445e-23
3.050466003235424213e-22
2.292349085272875867e-22
6.878470152897207334e-23
3.313510357709728815e-22
-7.326120561162180785e-23
4.170169865094903719e-22
-1.690485436889919060e-22
3.663809682180168046e-22
-3.198914997090878749e-23
7.827392697092859042e-23
1.348592278340217898e-22
-1.393876529615867460e-22
-1.273150626904087466e-22
1.378791412296622022e-22
6.619358913794928100e-23
8.729055246549705940e-24
7.022840208330253380e-23
-2.849366266618542697e-22
-1.912742234197761590e-22
-1.442638158580914742e-22
-8.969184640596794483e-23
-5.421666973895258350e-23
-1.036518718243705888e-22
-9.464208523249379149e-23
-2.344951223324451622e-22
-1.632171472155714212e-22
-3.835258925872473738e-22
-4.611932671150852561e-22
-3.129693980668995214e-22
-3.966605592464970755e-22
-2.164722466163862450e-22
-1.477963542494285955e-22
-4.510393682467803731e-22
-6.298093978622099414e-23
-2.470113037621730814e-22
9.147919919567651899e-23
-2.420684544716986289e-22
-9.294405416783473748e-24
-2.897542442920534633e-22
2.160535594217067568e-23
-1.364201974330912493e-22
-9.802421309810294374e-23
-2.363059788322152637e-22
-9.409556667151255617e-23
-3.159406622958627363e-22
-2.035072351860360332e-22
-6.614303769701442741e-23
-3.254245886173077666e-22
-5.379421032635296358e-23
-3.055432210609433681e-22
1.452474503221505057e-23
-5.112830975693803238e-22
-5.054828787537184996e-22
-8.003675318043600151e-23
-3.689965561024577060e-22
-1.930443610531974459e-22
-2.711548966334431627e-22
-5.478834875972654744e-22
-2.581526006165885794e-22
-2.737990943969085565e-22
-4.677644889603413956e-22
-2.106635507170700033e-22
-2.350090836889703523e-22
-4.761211567414100368e-22
-3.927662843851525517e-22
-5.044371733842640222e-22
-4.326900606419220454e-22
-3.236994836944552068e-22
-2.470168138859778675e-22
-3.222739482518701110e-22
-2.728629370531838668e-22
-1.149100036693709770e-22
-1.598618437898924895e-22
-1.405386220347371435e-22
-1.790755457346281942e-22
-2.196721108215672857e-22
-7.928591433579490239e-23
-4.896199063037543938e-22
-2.329391235276374724e-22
-2.771212703961807855e-22
7.813961858971152129e-25
-1.955143012747161391e-22
-8.899107288577701401e-23
-3.715475324772228319e-23
7.010197852361301500e-23
-4.262870236728747896e-23
-1.418721280731795205e-22
-1.073383611621521598e-22
2.828263249766757965e-22
2.667211001840354543e-23
2.513787868251392325e-22
4.895493296119635321e-23
8.737491029747556288e-23
1.723146384694269042e-22
1.610218285616436928e-22
1.653723737314281523e-23
1.268421928097413601e-22
1.987323119140503743e-22
3.018458209435107474e-22
1.830151663051053488e-22
1.905306783916252240e-22
2.254220894253255995e-22
1.830153291158544490e-22
6.465880061017443236e-23
2.770020353052310775e-22
1.140561505789678679e-22
3.471630908074970555e-22
2.837681634065209233e-22
2.948354567634685821e-22
3.122336000374231445e-22
1.611659854347802819e-22
1.252735693824119922e-22
2.935376861625441923e-22
2.132391168398043858e-22
2.096140065072345915e-22
2.822836306889490562e-22
1.938722193265503985e-22
3.147635745675938473e-22
7.091393125058539506e-23
2.237591971238024271e-22
4.125102417317136317e-22
7.965854924426348340e-23
3.565567767753753007e-22
1.915910121975766079e-22
4.597793672285570743e-22
5.135689912192281934e-22
3.023495023198760582e-23
3.208746488083596373e-22
1.744355672965319651e-22
3.969420765484014001e-22
4.412165164478778171e-22
3.351936370886970702e-22
3.193735225988222229e-22
8.860176535565391700e-24
4.355508958917869378e-22
3.534593582153186326e-22
2.458987501540025347e-22
2.591683649951151808e-22
2.625060352354575531e-22
2.667018604567907772e-22
1.221351539224055795e-22
1.022871543938177073e-22
3.345067426725468177e-22
1.717680326626722583e-22
2.114040187661284446e-22
2.726419107426405330e-22
2.563942518226348047e-22
1.660065041695318679e-22
4.526716363426320798e-22
1.802989140762706555e-22
5.211866357410724613e-23
3.542270515864405486e-22
-4.412555723786499450e-23
1.704594336930489282e-22
-3.504002937815708377e-23
2.102695949492839083e-22
-1.165967167936696396e-22
-9.839786561063427200e-23
-1.393045665588463744e-22
7.144492524032196346e-23
5.047581972548959572e-23
-1.016471989393063900e-22
2.672252911859036473e-22
-5.053653685731807036e-23
7.448455795937978650e-23
-1.757039595945999312e-22
-1.686149896458727177e-23
-1.360125257740929235e-22
-8.936664469958355569e-23
-2.838194561331064042e-22
2.019684075353669696e-22
-2.503917984633924694e-22
-1.649116967213556856e-23
-3.679810966152366012e-22
1.512134334028894726e-22
-1.602077279571013127e-23
7.595603887398923948e-23
-2.095374185966696249e-22
-9.885846549931074795e-23
-1.848122591018634274e-22
-2.375553911446786375e-22
-1.206631743562617688e-22
-2.295690447285986859e-22
-2.592511332678702595e-22
-3.695289727504204189e-22
-2.679016994104672135e-22
-4.479476774945534327e-23
-3.594938858911584184e-22
-2.581145457060518584e-22
-2.646752724413794433e-22
-5.062336894997314902e-22
-4.123399605987337183e-22
-4.311905221105079983e-22
-3.576395764104948713e-22
-4.212452528983720657e-22
-5.313598435493174928e-22
-2.264609810612388538e-22
-4.018344515161968212e-22
-3.173642418226739342e-22
-5.189883510063809109e-22
-1.681404234992976884e-22
-1.637091015175745886e-22
-1.072990877054003293e-22
-1.612864302868006352e-22
-2.768356197725166801e-22
-2.725385259237269694e-22
-2.978043809244212761e-22
-3.197914465194727975e-22
-3.634377751902632467e-22
-2.723950546513751844e-22
-1.877961516001674583e-22
-4.396660429091187582e-22
-4.549871409467707578e-22
-1.840758504846817631e-22
-5.063094791953975722e-22
-2.650690463392097366e-22
-3.910715039055979589e-22
-3.069227384221535737e-22
-4.557872997810606045e-23
-1.291573072939301823e-22
-8.846950714862248261e-23
-2.967491978802890352e-22
-9.829898016190428231e-23
5.128464877667449378e-23
-9.972940814498077194e-23
-5.776920604974628672e-23
-2.287339941089752118e-22
1.666278284780084069e-22
-3.001552029911988815e-22
3.769107368988751098e-22
-3.100844825139474701e-24
8.573575622467966618e-23
6.517625573450573454e-26
-1.156545146089361475e-22
5.117597184969534131e-23
4.799374760035662215e-23
-4.690881416478391584e-23
-7.496379048953532306e-23
-2.835351700608486311e-23
5.980769445281003414e-23
2.323657249349883570e-22
1.397313682617349393e-22
8.994262153310659749e-24
1.655601387516294753e-22
9.470178164110650015e-23
4.712124069863927358e-23
-6.064504559552652485e-23
2.329187582459623449e-22
1.543604954560614595e-22
8.471251495697025522e-23
1.280350518848570956e-22
1.558500092694643246e-22
2.941017330709920885e-22
2.042162668455632667e-22
1.909289611032338006e-22
1.680719380258816222e-22
2.603730004910929325e-22
4.861172757226553404e-22
3.678902794319539066e-22
-7.372085905466753848e-23
3.778805126977928362e-22
2.117710821539609284e-22
1.505305871084893080e-22
3.160477225683846573e-22
2.629122505624897058e-22
2.203793396481040736e-22
3.054774662480902217e-22
4.048474381058359704e-22
1.611078557499737935e-22
3.704937610363148732e-22
3.345214819261708685e-22
2.945112764930030302e-22
1.729831977587279843e-22
5.235453077830082700e-22
2.640594099924522939e-22
1.988788581985327853e-22
5.219942113822290193e-22
4.511189080165365901e-22
3.283153441297272614e-22
2.458674777653456859e-22
4.308340429727450715e-22
4.767312050301292444e-22
1.385545535524152737e-22
1.249292522326805451e-22
3.389980376195845897e-22
-5.723045576458797752e-23
1.459844216434035346e-22
3.583819772008051354e-22
1.586418436742503202e-22
4.281155516437317874e-22
1.739552171866553131e-22
1.519265965868179298e-22
2.475070862721134491e-22
-3.715518846406163118e-23
1.707395268888724562e-22
7.139417435026722123e-23
2.774921437806598873e-22
1.987183997904059426e-22
1.412224543316522782e-22
1.891413786867666876e-22
1.366463549684750570e-22
2.037493454035270899e-22
1.145477434825349049e-23
5.913332816695001944e-23
8.063963813975719082e-23
8.516485977392139356e-23
-1.541477863161894629e-24
3.785539423856466719e-23
1.245746746521512741e-22
-2.133463873004806423e-22
-8.505919756760002453e-23
-1.574419858465533635e-22
8.857196131881871903e-24
-1.235345929987131268e-22
1.000591686713727709e-22
-7.040895259239804212e-23
-2.479408598483297413e-22
-1.470182274211979693e-22
3.142866677152034353e-23
-1.217091547274458473e-22
-2.097659161054124901e-22
-1.559573739465990890e-22
-2.635041473927106272e-22
-7.571332650160147713e-23
-2.356551508768166830e-22
-2.990612537842089780e-22
-1.958958893670758967e-22
-2.739150282163120342e-22
-2.212600445397586619e-22
-4.433829034670553048e-22
-1.997330093920617362e-22
-3.137260825435844759e-22
-2.432379001493015303e-22
-1.767432486322310577e-22
-3.716809256257495854e-22
-1.674594950933220145e-22
-3.359970195874775276e-22
-3.073584719796181066e-22
-3.350576085592957961e-22
-3.506225600597265575e-22
-2.678615868178448771e-22
-3.494272673966215377e-22
-2.978639245440027034e-22
-5.127505157839321473e-22
-2.554664839204780680e-22
-5.864411649435401382e-22
-2.517801341783526393e-22
-6.565448171540038748e-23
-1.796028227250415803e-22
-3.972809266343023660e-22
-3.419650375584672282e-22
-3.192274476867114202e-22
-1.949990693525286958e-22
-5.534519208566072049e-22
-1.821328569283198137e-22
-3.015640067846420315e-22
-4.371788537231622581e-22
-1.376905302195512966e-22
-3.635481600378685627e-22
-1.151323206555772964e-22
-3.162227272830513922e-22
-2.248864819482921218e-22
-7.732372679607398126e-23
-1.564726261021046860e-22
-3.157153519541266763e-23
-1.717981695510076291e-22
2.047633557384115220e-23
-1.159583772457878767e-22
1.270336909506445240e-22
-6.554264644078975252e-24
-2.660348725356871571e-22
-1.605326234961039985e-22
-1.664577851762338548e-22
-5.647424326873594496e-23
1.543136668031080071e-23
-3.024569090761093594e-22
-5.554469049265803590e-23
1.237866372818490056e-22
-5.074302234427550845e-22
2.504334129122924857e-22
-8.645373724881921168e-23
-9.963730423186508036e-23
9.408380154618472462e-23
-1.873268511327627761e-23
9.562290741623246669e-23
-9.984796615613048684e-23
1.652393310519413761e-22
2.582385096793363653e-22
1.343377720658793897e-22
1.292826099766079087e-22
1.086465425840830671e-23
1.390754860933832449e-22
5.413543266304835151e-23
3.026298956064277775e-23
3.409963559696571637e-22
1.334927666915642892e-22
3.459688231328447376e-22
1.433669507450939396e-22
2.081928771510677095e-22
1.560688286741855695e-22
2.609397529411504823e-22
2.616677456882961380e-22
2.036520044014004416e-23
2.799090474065493243e-22
2.470556330065066168e-22
4.433411824685311746e-22
3.786779288541132162e-22
2.573702523644709678e-22
1.550377218881975407e-22
2.546844480915054167e-22
1.261930383754410863e-22
3.746470466333872515e-22
5.606864053362324728e-22
2.050125352877774888e-22
4.909821886223738365e-22
4.068476304679788677e-22
3.420144078513914669e-22
2.137637107579706222e-22
5.774528441705233734e-22
4.803881904853391492e-22
2.881501945988924579e-22
3.462868717696044596e-22
2.552903266251895488e-22
2.008261126347131030e-22
3.055121585309215293e-22
1.674459288964290425e-22
2.734122511340342495e-22
6.626437811314259358e-23
4.733875874997488249e-22
2.764455541930566220e-22
3.485554358865560857e-22
4.110680241527711414e-22
2.780862482275344172e-23
9.773206753607174546e-23
2.049988254707402401e-22
1.509868730206116798e-22
2.141714433302463169e-22
8.132202506414841136e-23
1.760575447884849937e-22
1.262768696856871086e-22
3.412938564289103840e-22
-1.146654238557413837e-22
1.963969126053316823e-22
-1.855582176369964824e-22
1.999450766167083732e-22
-7.835395161200370928e-23
1.866694754940026133e-22
-2.918434557551754424e-23
1.625647922196091408e-22
1.615679624545917754e-22
2.538507201958387811e-22
3.340176424124258782e-22
-9.826165915088577527e-23
4.129003229487138661e-23
-9.075424181652325760e-23
-1.027863048871300792e-22
-6.179862149753368199e-23
-3.131024921440033010e-22
-2.103328679789378558e-22
-2.571264551463365500e-22
1.662729514565177426e-22
-3.683630452394963750e-23
-7.543744499378102749e-23
-2.044516356634453658e-22
-3.596651838840855426e-23
-1.858935771556843551e-22
-4.131180059064209822e-22
1.551570437394988330e-23
-8.077724603022721183e-23
-2.531591163044049612e-22
-3.245623309819591933e-22
-1.768794650669072203e-22
-7.983184958989141125e-23
-3.756232209944814596e-22
6.593280654473725638e-23
-3.904809387945797821e-22
-3.194077382520180793e-22
-2.145349831464455794e-22
-3.510899479900973851e-22
-4.888724928186665001e-22
-4.039880104151195376e-22
-1.036587227222493192e-22
-4.726897390283525595e-22
-3.981019893397690248e-22
-6.954602241231100697e-23
-3.538186223046842387e-22
-6.016795333747660113e-22
-4.759874170433266575e-22
-2.965558979068695292e-22
-3.567767970646917058e-22
-3.359354518161432826e-22
-3.604526032566048556e-22
-3.775881866962072420e-22
-3.700587300906418927e-22
-1.882366446151080357e-22
-2.528016199764213011e-22
-4.856534449095878411e-22
-2.131003459945786283e-22
-1.814635836578347703e-22
-3.157069795100691741e-22
-1.678914662659842063e-24
-2.778698923315802745e-22
-3.369874732047772650e-22
-3.472207653839480411e-22
-2.535159026228997543e-23
-1.259072653295259753e-22
-2.687373834843111411e-22
-8.712033507855747211e-24
-2.416496847472280907e-22
-2.852030313663401486e-23
-4.806232275191787733e-23
-1.677344195405610451e-22
-1.291985573039979602e-22
-1.016766257311817813e-22
-2.830425469403648373e-22
5.527171337526139457e-23
-2.081604861407521592e-22
-5.086288814420036666e-24
-4.491104723247982580e-23
1.525160329625637520e-22
-5.192331489784911793e-23
-1.048104806683971775e-22
-1.738311824395781765e-22
-3.660790724259677962e-23
-1.439189247721408360e-22
8.109041428227228933e-23
-1.835334501610099020e-22
1.091680350566884725e-23
-3.864342049024082462e-24
7.455187558424908287e-25
1.331349933412762029e-22
5.560857647679192117e-23
4.297341350146904351e-23
6.345607863485653689e-22
4.724513069573211423e-23
2.183797892671594402e-22
2.350130216397833232e-22
1.814842211360883045e-22
1.891938748754139895e-22
6.003793410758585478e-23
8.211959876438312673e-23
1.863122139035462919e-22
1.543224555441528196e-22
8.174032058335290510e-23
-2.092043338703105239e-23
2.466559526401521434e-22
3.430959687458904695e-22
2.814396875938504511e-22
3.754574068480108800e-22
3.128681957121991228e-22
3.212480851304652622e-22
3.249226768309857621e-22
4.740808226572946293e-22
1.318820929990842368e-22
4.201547792780747009e-22
2.143902511255379585e-22
5.291186924611921747e-22
3.528154608896358254e-22
3.562964247725090933e-22
3.840747265210544924e-22
3.266998840298696841e-22
3.407346079278314931e-22
2.184764678914743685e-22
3.702368005560722173e-22
3.409657565476442704e-22
3.641297167895750969e-22
1.456752917355140427e-22
3.928147831222394557e-22
3.099965341847894290e-22
2.404046176984124436e-22
3.078665783733608175e-22
3.150832028304979146e-22
2.759792785786224704e-22
2.832169104292182971e-22
2.417763444547931256e-22
2.570008812357917228e-22
1.843903863190771424e-22
1.777288390536344750e-22
-6.482247649199502775e-24
1.827194237746636998e-22
2.426887963483300595e-23
3.452283215278647029e-22
2.531764739784478843e-22
-2.503385713466423375e-23
1.802382196779619515e-22
5.936705605438323130e-23
7.118186784641865338e-23
1.383566588260322347e-23
3.212187368493573894e-22
-1.481966552215573582e-22
1.526996510818237168e-22
-9.671378068288800902e-23
2.552082272417439091e-22
9.482196090140509081e-23
-1.100947813069983511e-23
-1.259354304983496974e-22
7.842613793401743608e-23
4.209736565633341916e-23
-2.232756784864624567e-22
9.440573176114049486e-23
1.419871942373577228e-23
1.094809461791582396e-23
2.881842864072306529e-23
-8.885817895738831558e-23
-8.388310960091802681e-23
-6.689204350726974854e-23
-4.690134189629894327e-22
-3.478784766895216962e-23
-3.380653901454133508e-22
-1.129174239157218541e-22
-1.853335038201220211e-22
-2.773701250110890767e-22
-1.510228943809046153e-23
-2.852399315202868189e-22
-3.444292081288792917e-22
-3.357661354571809787e-22
-2.283151368764808478e-22
-4.446800691450410698e-22
-3.302581470233762555e-22
-3.359340758891416322e-22
-2.667239946689945790e-22
-3.653232501280265559e-22
-1.896865542764885682e-22
-3.629500957142176228e-22
-4.173517679207981530e-22
-2.539107419695011038e-22
-4.326836446165424310e-22
-2.708136959381126290e-22
-3.204534847947111667e-22
-2.651760751273893306e-22
-1.367494050060893166e-22
-2.386610379469542492e-22
-3.931288924687905627e-22
-3.321060886124386036e-22
-1.907553074503479744e-22
-1.326845875335873380e-22
-4.245082537068492027e-22
-3.896021335170216896e-22
-2.158646167917089053e-22
-4.180968826443840681e-22
-3.062611297151731976e-22
-1.759303286817831560e-22
-1.208603784278400744e-22
-3.533606202196129475e-22
-1.590916971469242484e-22
-2.006898964811626915e-22
-5.313016788595179106e-22
-4.016174834881257052e-22
-1.281762755173447271e-22
-2.417208502153314040e-22
-1.275782415617375431e-22
-3.204642705170056303e-22
-1.385832506961841744e-22
-9.975137040930449569e-23
-7.490389454462878176e-23
-1.594384892873970045e-22
2.604326579467884273e-23
7.140069227276734101e-23
-1.166795054550207387e-22
-1.064066838526729183e-22
5.645306951550534624e-23
-9.441277304161756611e-23
4.602369357861312847e-23
3.206916535024592528e-23
-1.094519739365590143e-22
-6.707845206069585583e-23
1.337702642134593552e-23
-1.588574943608689709e-22
-9.014514185147202008e-23
1.451408075401973187e-22
5.431304440867019344e-23
1.329985704778703604e-22
2.728407080761145100e-22
8.289575650475298910e-23
-2.162286101429259370e-23
3.373491027421662975e-22
1.739049549390069011e-22
-4.078387248749479759e-23
3.765369796157736735e-22
8.533695099810690593e-23
1.561105341512327340e-22
1.232591618072195752e-22
3.127164834135732625e-22
1.959162339145954938e-22
1.691663301354522140e-22
1.307710699413977267e-22
1.110226668124861334e-22
2.725308447264786404e-22
1.054686231338332715e-22
2.725866145571374981e-22
2.593832415066723385e-22
3.018466088197011063e-22
1.337510315623828550e-22
2.088553253199311586e-22
3.003082576327072048e-22
2.814271465075513555e-22
3.229096545067189727e-22
2.543603503555365128e-22
3.475128070343486722e-22
5.303179359629335330e-22
3.850660075990572566e-22
6.419842711709956541e-23
3.159530349761367107e-22
2.585519520427290627e-22
2.194793686597067080e-22
4.740240812920340836e-22
4.351434462468871844e-22
4.405348059697707189e-22
3.476415831562430554e-22
4.481525724879650405e-22
3.310710790815280188e-22
4.107181482741853147e-22
2.527420143532417711e-22
3.553865156696829372e-22
1.973589276939545330e-22
2.545956968641406182e-22
4.439217894692326587e-22
3.423204037102737830e-22
3.263648395042321593e-23
3.477357593856706053e-22
2.339292903534362247e-22
4.354853309271921792e-22
3.046554465350857505e-22
3.700406557711972152e-22
-9.694432676469343894e-23
1.476013760980032668e-22
-6.329463408923136774e-23
7.382992298223500706e-24
1.067378901938920556e-22
-2.108352973199144420e-23
2.340363874836853606e-22
-3.886115312613579674e-23
1.001569240814379204e-22
-6.569120819181737929e-23
-3.216476849223783617e-23
-6.438698143604807382e-23
-3.577483900416867543e-23
2.320046764491815299e-22
-2.359539670984236312e-22
-1.704578825716073325e-22
-1.890074788927369772e-22
-8.218448645994481336e-23
-1.555309778318226818e-22
-2.224456978595484693e-22
-7.072961240887946402e-23
-2.248960717557282214e-22
-3.401387437228624771e-22
-2.806847549008907652e-22
-2.035801488001584266e-22
-2.240991938911883101e-22
-9.482049153008883871e-23
-9.678324326550393345e-23
-4.104043791125772697e-22
3.580655050260409438e-23
-4.209379563014776420e-22
-2.112449795464969264e-22
-4.162936673891170887e-22
-7.630205957316166803e-23
-3.169275148309188771e-22
-7.481549839478591690e-23
-1.792098897646014354e-22
-1.369828952591792397e-22
-3.090160744026120332e-22
-1.206276767879839318e-22
-1.722908036003992874e-22
-2.423498501748186780e-22
-3.761151828250280517e-22
-1.364888737278617204e-22
-2.156431718178721864e-22
-3.389837016614903126e-22
-2.184526307329084279e-22
-1.591216554007059278e-22
-3.881098006013845707e-22
-2.263650512433396373e-22
-3.190939999070645172e-22
-3.487862291356216151e-22
-4.341066276354989179e-22
-1.327824420948738960e-22
-4.960419003579112015e-22
-1.676563181316265327e-22
-3.277214939750614021e-22
-5.172395315156849609e-22
-2.670294023348923362e-22
-3.576673284459101478e-22
-1.083389750030644339e-22
-2.054516811965721797e-22
-2.791220427608786957e-22
-1.559824494313475730e-22
-1.886781466731964051e-22
-2.922924639986362012e-22
-5.726911808184257185e-22
-4.539605644842586973e-22
-4.835634819669345720e-23
-1.061570962938176786e-22
-2.748876967430503023e-22
-4.873394939821921752e-23
-3.481435990400506409e-22
-2.536169428309938646e-22
1.034972057581964572e-22
-1.699801106146749024e-22
-3.523871100017717532e-25
-2.093403722435723961e-22
-2.631153188796528543e-22
8.449277318982808320e-23
-2.236669804054687769e-22
-5.660412508394505526e-23
8.005002532933520473e-23
-8.988688518247386958e-24
2.431286573965920404e-22
6.053324933441769466e-23
1.940050259350261057e-22
7.416147364842872407e-23
4.467563181981204479e-23
8.753588293847228766e-23
1.449413632026855593e-22
2.220575635365867435e-22
2.114900888174212665e-22
1.449259064053868676e-22
3.940976469089091928e-22
4.262432334820013668e-22
6.930559790750429058e-23
1.937976253911086320e-22
1.743941964846405607e-22
1.652437652124856942e-22
3.185877496051744256e-22
3.144622631073678811e-22
4.027611513134149660e-22
4.135240116056981458e-22
2.895780090423424683e-22
3.935325073777806556e-23
3.971396085422065366e-22
1.807068398022398628e-22
3.505038734970741014e-22
-2.308667970453511149e-24
3.092814741074656171e-22
2.358577501650274701e-22
1.872457972022306182e-22
3.468649849486370320e-22
1.049125101358931133e-22
1.690614211215630804e-22
1.200460709579846164e-22
4.500147830748494006e-22
2.599904227382822993e-22
2.986779348662701187e-22
3.455091492862309502e-22
2.900012761942858194e-22
3.786329170608357623e-22
2.546380365598198699e-22
5.084171500802126755e-22
2.624930870131296659e-22
5.269528212616393483e-22
2.376216198228928224e-22
3.372663205833198214e-22
3.160593386122799861e-22
5.758261019544209777e-22
5.904785737528294063e-23
2.768226873165715196e-22
7.702424683415370537e-23
1.502536848388915056e-22
1.485007518908856586e-22
3.024009452257645410e-22
1.803988630908038420e-22
1.287225690333965853e-22
1.679261095667747258e-22
5.509017531179448598e-22
9.199948850037707925e-23
1.770628939013454331e-22
6.639633942139529262e-23
-3.066457952836668253e-22
4.038707247148875277e-22
7.621845421856389080e-23
9.395022323184916898e-23
6.081989828524289832e-23
1.871622775966287823e-22
1.604322954332327181e-22
-3.143853844229022057e-23
-2.504731599025886430e-23
-1.255697281846140669e-22
1.286952246863157685e-22
2.353093776120612237e-23
-2.299320822396852309e-22
-2.623217358619399268e-22
-5.487992489889812947e-25
-2.997515765256387917e-22
-2.832552072820194998e-22
6.577836199189309850e-24
-3.357499301827769212e-22
-2.342809889203038927e-22
-2.808390422011374753e-22
-1.715261439029551375e-22
-3.745412397792137314e-23
-4.803144261054726604e-22
-1.513106410196235521e-22
-1.881906119691018575e-22
-1.798282876189831509e-23
-2.553632183038809073e-22
-5.146082138437685080e-23
-4.612793149066601956e-22
-3.415060451729746216e-22
-2.031633839389385266e-22
-4.739367560825616808e-22
-2.305726507986041958e-22
-2.150346707622935851e-22
-6.498446502590562871e-22
-2.129899089850990177e-22
-4.019930561182506312e-22
-2.125276522182881217e-22
-2.128670511208999441e-22
-3.184610857880109397e-22
-3.004731650336604074e-22
-2.296344145952532229e-22
-2.208347407785372961e-22
-4.142483692527429274e-22
-1.949335825397261932e-22
-2.816552153785162253e-22
-5.283724209874453103e-22
-2.127970224274516686e-23
-4.295342132453814126e-22
-1.132865138199798106e-22
-3.161681633700362405e-22
1.545772355979652209e-22
-2.642903159658963066e-22
-2.872882604551880389e-22
-1.968466458236369982e-22
-2.145900099629881084e-22
-2.134657707093473105e-23
-2.922044008917749679e-22
-2.669812924912156122e-22
-4.623077746224792982e-22
-3.725503997196619214e-22
-1.581633618918654766e-22
-2.002533544643492441e-22
-2.661712606689599195e-22
-1.139243432125984054e-22
-3.410729653982571031e-22
-5.755221355616463793e-23
-3.044338426696150476e-22
-1.765629189633928216e-22
-1.286798414795887499e-22
-8.349926820578648568e-23
-2.069908717896488135e-22
1.744499430023667155e-22
-2.225129231682281956e-22
-1.759733840759298766e-22
-2.072171837652094648e-23
1.163634700700388708e-22
-1.423275489986108234e-22
2.685373052708749142e-23
-1.841002879004931444e-22
-2.129033878460428982e-23
2.394899780068418228e-22
1.935298346781654957e-22
-5.907757711274774347e-23
2.439181100925067345e-23
1.678728540441722676e-22
1.851697475132123222e-22
1.800479568888892210e-22
1.584005746352615468e-22
1.946027650299270006e-22
3.515821241217573138e-22
3.531407517412318295e-22
4.966155164586191614e-22
-4.093193153354129984e-23
3.828742595199972947e-22
2.264574256109170418e-22
3.930385997340258410e-22
1.683411715948764624e-22
3.200993883885948092e-22
1.926801337302185024e-22
4.524745787097025790e-22
6.341919771419629750e-22
3.179419847572775049e-22
1.669348031175841740e-22
5.977617546843486098e-22
1.679625789562202604e-22
6.319288416573718767e-23
2.686495827513455400e-22
3.624005239534452112e-22
2.391521183929676084e-22
3.508482496641135029e-22
8.274116048588232397e-23
2.642773651372224719e-22
2.742197570286040809e-22
4.091443831839625108e-22
1.345830232439531273e-22
3.610062032176537467e-22
4.850806925379822367e-22
2.182926672993982368e-22
3.148649546084085724e-22
5.378234890441938869e-22
1.783389836004922643e-22
3.490396195934959881e-22
6.737648867523550734e-23
6.786555044722950424e-22
-3.520612410818767541e-23
3.929213577206890602e-22
2.054366774960583820e-22
-2.646525666989878396e-23
2.001429367060674998e-22
3.356545545029127320e-22
3.452978954971380876e-22
2.068859283628370887e-23
1.131082142306550172e-22
1.819068257620389515e-22
7.462386540456816988e-23
2.002902079678821430e-22
9.557334514940743762e-23
-8.962943833761443511e-23
7.636034455993777124e-23
6.687239377639757103e-25
5.761080806953761141e-23
2.401197573970397501e-22
-1.166356292967506955e-22
-7.882278661405336534e-23
3.638815605582643525e-23
1.800332934035460580e-23
-3.409920845077850247e-23
-3.663454651390234257e-23
9.555248198922188068e-23
-5.863794858710785421e-23
1.582584911075075467e-23
-2.839125982435954263e-22
-2.041791055837936904e-22
1.147534932664798688e-22
-4.637680633227193923e-22
-1.358364651883531763e-22
-2.975688917121037829e-22
-1.526021853564201499e-22
-1.009579415650034372e-22
-2.938056584789342987e-22
-2.161106948905444154e-22
-1.593049315293526351e-22
-2.324134900143309501e-22
-3.202310665424262791e-22
-3.049643411608517152e-24
-2.410055840139573961e-22
-2.198139919511401775e-22
-2.678357532041767248e-22
-5.462621123137434916e-23
-4.439836604263909049e-22
-2.583712027794279222e-22
-3.482122801569767790e-22
-3.666586348657951679e-22
-1.087737771950055289e-22
-3.937932567967378573e-22
-4.626705713185233318e-22
-1.405694569443410192e-22
-3.926353930604419167e-22
-5.036567613948533438e-22
-2.710381324731537065e-22
-3.599713033477393095e-22
-3.889875134607470698e-22
-2.222188826479713488e-22
-4.527507255668815071e-22
-1.505081894791442800e-22
-4.470547649605142562e-22
-4.559554358800151445e-22
-6.949679056619115103e-23
-1.980960402640702723e-22
-2.098717366035367386e-22
-3.368155087250333593e-22
-7.627458435191440242e-23
-2.737924840138939508e-22
-1.616804070364951159e-22
-4.960692681505018406e-23
-2.305809261736215980e-22
-2.986180365624758006e-22
-9.556014647164236991e-23
-6.237141468608233785e-23
-3.287025463803675974e-23
-3.725649440399395039e-22
-3.361243209578158638e-22
-3.820322446593841410e-22
-2.844918863208064074e-22
-5.993296938981053887e-22
-1.086133935400605867e-22
-1.295213976738290665e-22
-5.021299028918602816e-24
-2.098144311291058914e-22
-1.556006565182205253e-22
7.965847449110919518e-23
-9.895827701703132162e-23
-1.484597637169957532e-22
7.765178725826846507e-23
-4.425524968329224664e-23
1.843139559969889611e-22
2.149334468445799443e-22
-2.740064553472687328e-22
1.266412415656837933e-22
2.429642588973936685e-22
6.614581501263429783e-23
2.925151797868830376e-22
-3.628247333451119461e-23
5.166350501704445734e-22
1.356661684227307133e-22
4.902067626793307802e-22
4.998385265693485726e-22
2.007012438294449407e-22
1.532183460862269536e-22
3.540075289953660725e-22
2.482848720643590195e-22
4.095867728693230808e-22
2.086436180016376018e-22
2.507392211123766754e-22
1.569102300520079898e-22
3.957561037695228141e-22
8.447117156155304579e-23
3.431601446261749799e-22
7.418611720683808578e-23
4.335232874550085671e-22
1.472894733668150489e-22
4.366881804325990672e-22
4.046581238925104252e-22
2.651428782061261592e-22
2.537834102044141781e-22
3.903036450955255225e-22
2.272293780866130621e-22
2.591446605144054351e-22
3.772888505418837534e-22
1.699759627021683694e-22
2.218051133650431586e-22
2.780033389586211593e-22
1.579899774690418395e-22
1.173232503694723519e-22
3.927541729989443161e-22
3.153469617686286499e-22
4.471217401885682892e-22
3.141027409038776474e-22
4.063537172568837258e-22
1.700506615770470957e-22
3.948942747990436664e-22
1.990899722529867294e-22
1.251054519189347159e-22
2.102898907926732797e-22
2.707977898621390786e-22
2.255939866626212319e-22
2.633419829894393494e-22
1.241093656092027511e-22
-9.955345774034797794e-23
1.580592525328479080e-22
8.644578015778299851e-23
4.522497528111866471e-22
-4.360979546957619887e-23
1.924740380843548240e-22
1.131371196747798646e-22
6.984066939778287905e-23
-3.899534497146906202e-23
3.703779986769790798e-22
7.511555912806369871e-23
-4.772267126912068211e-23
-9.891803467153772271e-23
6.998073491228573836e-23
1.378624276982330541e-23
2.102873285181845444e-24
-1.340428914949907027e-22
-5.306571035739247869e-23
-1.077892064228909642e-22
1.475310223876524913e-22
-2.171938348541506128e-22
-1.231355346032982208e-23
2.183550303117236169e-22
-2.471992007692441984e-22
2.015530462496795008e-23
-1.760643717207606698e-22
-1.603075324507408514e-22
-3.556009055378091042e-22
-4.807217916066707844e-22
-1.139294644639469271e-22
4.546795928634348169e-23
-3.014059092506983011e-22
-5.195484433981376009e-22
-3.317890172276380031e-22
-5.060300224473965267e-22
-1.758444065204345336e-22
-2.590565454213728346e-22
-6.399749393725201460e-22
-3.553369646302524938e-22
-2.494727446144070419e-22
-2.220895268990295793e-22
-2.112996166177708302e-22
-3.221704214899333898e-22
-4.981393204548823774e-22
-3.561196633096647284e-22
-2.051586637359036332e-22
-3.767449737059113513e-22
-4.062311983909506505e-22
-2.555977426263358226e-22
-5.146849516056915141e-22
-3.095245989112987755e-22
-2.527090629881718638e-22
-2.111665787514436156e-22
-3.571937360275130730e-22
-2.963172598976333848e-22
-5.816995604416337596e-22
1.615305351310237368e-22
-2.649418776220644543e-22
-1.081250065010973935e-22
-3.946682369257372106e-22
-5.784940178285920585e-23
-2.175403104411348802e-22
-3.300326917017598262e-22
-7.652802613613207685e-23
-2.436801431115488113e-22
-1.369826299407494635e-22
-1.698066681183802395e-22
4.811881585636703743e-24
-5.735154198857091244e-23
-2.701041546313980633e-22
-3.495555459873282431e-22
-3.189829787387099621e-22
-1.388810378467386535e-22
-1.303532903787438255e-22
9.810883972912362990e-23
-5.818198066286556891e-23
-1.740876115951706956e-22
-2.240349127041140173e-22
-8.849219363616196075e-23
-6.657210511373954596e-23
-3.036762652540809208e-23
-9.968410628360515257e-23
4.626941005462242671e-23
9.916647813088666488e-23
6.243373819056122668e-23
1.700042606305198473e-22
1.022651890124649420e-22
-1.943076097230609959e-22
1.824476127687207389e-22
1.677193489464582378e-22
8.759302926458700543e-23
1.716914256816844698e-22
2.608248059633041695e-22
2.047666502243839335e-23
-1.921021640714501444e-23
1.940904712925865444e-22
4.740998373955252216e-22
3.223747372986529686e-22
3.118629384982793278e-22
2.925793264204897314e-22
1.123392646369072979e-22
2.597698562621489581e-22
3.286419124270601496e-22
2.162707221735454062e-22
2.802668507439472697e-22
2.807739086263248916e-22
5.081291092476984332e-22
2.854819769007874209e-22
4.948467134390086969e-22
4.207223373926167924e-22
2.079389231759596252e-22
3.055674277166927264e-22
4.289783565710310697e-22
3.672042058494299375e-22
3.216717809805916428e-22
2.403491708154543275e-22
1.341116933273361783e-22
4.012259344425691117e-22
3.977038110378333485e-22
2.549545939614799433e-22
4.436582633773748964e-22
6.698575087738772074e-23
4.355436539733864450e-22
4.386972550050830905e-22
3.738220772094823586e-22
1.785645756750970224e-22
6.974807403510576234e-23
3.608152947489544282e-22
-7.155215039181165374e-23
1.986914185171080606e-22
2.663335487523090481e-22
3.894752110603395580e-22
1.581709910765183128e-22
3.567003532740523050e-22
1.840404535731662906e-22
9.332036307314116954e-23
5.793935043685450228e-23
3.847940843984205493e-22
-7.671659056860540625e-23
-4.434887503524112433e-23
2.002411351399242025e-22
3.450552634747253869e-23
1.537901177967639182e-22
3.550197561860281506e-22
-5.134627827343799938e-24
1.997478456508909484e-22
-3.090779951836015682e-23
-4.879871658570256012e-23
1.431957595090385532e-22
-3.860283084250988274e-23
3.573852462888701685e-23
-7.431725479860312702e-23
-1.396116756144608386e-23
5.690288305939307566e-23
-1.502721154921832325e-22
-2.244758717297547402e-22
-4.167498750632398812e-22
-2.145156203326852213e-22
-4.744972759012790214e-24
-3.465842448312000455e-22
-7.230788063503810101e-23
-5.000719928346566724e-22
-2.804927768443200876e-23
-2.443442928494049274e-22
-2.701414364124901866e-22
-3.622466117854572398e-22
-1.755905349525023420e-22
-1.950230713007296075e-22
1.019506171167053756e-22
-2.105892653984548042e-22
-3.618094385325568461e-22
-1.986011927439776962e-23
-1.842937372671669527e-22
-1.954979680147342391e-22
-3.240182008650615999e-22
-2.943400187137644959e-22
-4.390350512124025567e-22
-4.948305369680789089e-22
-5.438928068809517157e-22
-3.006752273209191279e-22
-4.665678924260968905e-22
-3.545113556209645753e-22
-4.638674671164241746e-22
-3.039812904277759532e-22
-3.218899015448382555e-22
-2.651303550234342329e-22
-1.074246297421556971e-22
-3.580918362200478134e-22
-3.509580956675370672e-22
9.197870723432002553e-23
-1.336602685627021579e-22
-4.609030211016420873e-22
-3.465230289995525367e-22
-2.387718353899687438e-22
-2.477576187038570177e-22
-1.878840999965961258e-22
-3.501860208957150603e-22
-2.547129317729067159e-22
-1.046967323283960010e-22
-2.921767169363431288e-22
-4.410274815790647370e-22
-3.137436131817347918e-22
-3.795001245648231163e-22
-7.495715917955476129e-23
-3.222127484155392953e-22
-2.864095349133728634e-22
-3.496022298890177212e-22
-2.060650449271055032e-22
7.232175864242227210e-23
1.132411027445871022e-23
-5.251560073201024867e-23
1.643800067913360903e-22
-1.948664671153115445e-22
1.202612166400495403e-22
-1.562068195356435826e-22
2.241174999374540554e-22
1.185225768417174347e-22
3.298030230448420907e-22
1.539336901166570352e-22
1.759591778885679227e-22
5.424299416082742385e-23
1.763544284385273366e-22
-2.169382327434388806e-22
1.227248423767722487e-22
5.496154034767075612e-23
1.784736383161331192e-22
-8.780290981647836299e-24
2.240448513831397035e-22
2.145334808597828833e-22
4.508446001748220907e-22
-1.150168655382277452e-22
2.548047884413884369e-22
3.014011774405580299e-22
2.238014603143954953e-22
2.825597001368863878e-22
1.892534818877635440e-22
2.623163615225405982e-22
3.095065933500734666e-22
3.404761325038095735e-22
3.905329333070804864e-22
1.742200032705131534e-22
1.492777325661520125e-22
3.528190672300336549e-22
3.040654566847699229e-22
3.271162214727950776e-22
3.849676366580545999e-22
4.084093638148313922e-22
3.240855304003343200e-22
3.426752164237336375e-22
1.843987613130170609e-22
3.614617556065657255e-22
2.725741077911044852e-22
4.907344730307046367e-22
1.738816657761078983e-22
1.046054601184959443e-22
4.926829683911096590e-22
2.236031654829900541e-22
3.364530794262088856e-22
2.428482828847595691e-22
3.430976402527722238e-22
3.332137778163433819e-22
3.608572495336642131e-22
4.104477661899099434e-22
1.922681326351308882e-22
2.585412578366155690e-22
3.237279109947099494e-22
1.801103948275369924e-22
3.708168047325282252e-22
3.556627799768005666e-22
2.781359370401864360e-23
1.755265976220308662e-22
2.310406318567919782e-22
-1.120039771534420957e-22
-1.138187314612926852e-23
1.573117475135928524e-22
-1.531063167926115333e-23
-1.633839625154477520e-22
1.981373419571884508e-22
1.531784568698238430e-22
-1.022222310820959661e-22
1.799562751962706185e-22
1.002592263107809653e-22
1.059685859522752621e-22
-1.266441140809549566e-22
-1.170291161556706867e-23
-1.166793272314395030e-22
2.220682013883990563e-22
-1.975708280455945848e-22
-3.724139916167370683e-22
-1.365209655026309997e-22
-2.034679243568267960e-22
-2.787059688318006620e-22
-5.888877611798157359e-23
-1.746159518358997587e-23
-3.574995751352701321e-22
-4.937185012471245192e-23
-8.139961021674532509e-23
-4.594658414516083210e-22
-2.154142933476275279e-22
-2.614705287233532079e-22
-2.177871113093010066e-22
-2.112362730121563787e-22
-1.844040633753766401e-22
-2.136112802834546759e-22
-1.545457594608295446e-22
-3.808672662715831152e-22
-3.799628859671600486e-22
-3.619910384811601117e-22
-3.554443223613902929e-22
-1.400637920001374465e-22
-4.161845127349871381e-22
-2.516508953754075258e-22
-3.410044017539465510e-22
-4.678293336566491027e-22
-3.253721092702461509e-22
-1.877214534634954228e-22
-4.285413635250250703e-22
-1.015791588414806471e-22
-4.967473482710690814e-22
-2.112289222775247098e-22
-1.192562885881891888e-22
-1.644269889965604312e-22
-5.351866363828611954e-22
-2.451522121688414803e-22
-3.925831741252661175e-22
-3.653445472128588939e-22
-3.387993253175229125e-22
-1.757958286704562400e-22
-2.698445770916462177e-22
-1.573321317203318739e-22
-4.452864504781787620e-22
-2.477601986098543801e-22
-1.832789177119273090e-22
-2.401350306508763779e-22
-2.374388802346208985e-22
-1.520184643855942068e-22
-1.279757794444617160e-22
-2.343195412148484525e-22
-1.866441353969257306e-22
-4.443456751016137954e-22
-1.087880380491791438e-22
-3.142991340695770242e-22
-1.604477709565486104e-22
2.118858008728690928e-22
1.929191063096144531e-23
3.291109896021213128e-22
7.621959629948566332e-23
-1.480071045937085923e-22
3.392247401559808393e-23
-1.051775201698393862e-22
-2.428030581511877248e-23
1.880887062961448194e-23
1.543256206126079189e-22
4.070199493777110778e-23
2.203540257151736806e-22
-3.201673484355038665e-23
1.304854496699388604e-22
7.190833249977153020e-23
1.643401476969242799e-22
2.603290095728162238e-22
9.338565969960280001e-23
2.454421505719415239e-22
1.742152697854094065e-22
4.240821054688131016e-22
9.148491782402257174e-23
2.993837613594227179e-22
2.858976583114973458e-22
2.560751101510302462e-22
9.827711675825444066e-23
3.084461919617811224e-22
2.822062375603883194e-22
2.313415260868994970e-22
1.688408319312883103e-22
3.837425215058001797e-22
7.999012922105396817e-23
6.739697639243079472e-22
4.505927945444726458e-22
4.929784313988861852e-22
3.641049303459674807e-22
3.887945030718292224e-22
3.485742596165324563e-22
4.795830479894820664e-22
3.948498938786742344e-22
1.525113903370512080e-22
1.745524146795048423e-22
3.176591036532637051e-22
4.138263939936280700e-22
4.910825308512179106e-22
3.236104231492985744e-22
4.477872883667330522e-22
2.029819299970562603e-22
1.792322167849173050e-22
2.169831997868306387e-22
7.122538190108312058e-23
2.801858610609483291e-22
3.578850744231350427e-22
3.430686090255901252e-23
2.228225315416415324e-22
1.078506371621954219e-22
1.254162672759905975e-22
-6.327019753743795674e-23
1.158826998489601558e-22
2.576698692439825887e-22
1.431945190691096924e-22
2.377304392436101921e-22
4.531943176948739137e-23
2.672089645607903724e-22
-2.626974533936635756e-23
-1.703556064504357935e-22
-1.011423083170781703e-23
4.355916589349417387e-22
-2.179998117598641251e-23
1.702892549891619220e-22
-1.683068155253282914e-22
2.079517372050423990e-22
-1.807528902340671717e-22
6.882954606747232857e-23
3.136218705601569622e-24
-1.776969109348097100e-22
-1.287103863172743738e-22
-3.664789372576720906e-23
-6.310790898095139985e-23
1.131733525591117660e-22
-1.128893782037984933e-22
1.094043841924878544e-22
-1.613844072777780907e-22
-1.207369483852227954e-22
-1.105743947496509261e-22
-1.025959122709939257e-22
-2.623332320142433840e-22
-1.363069855107419296e-22
-3.985693133118881306e-24
-2.183694528186845969e-22
-2.042034065673129019e-22
-4.111661780304418472e-22
-4.339407128658197547e-22
-3.935094340176345267e-22
-3.830715213606433127e-22
-4.165998028438092666e-22
-4.221095490516540974e-22
-4.544023239502282701e-22
-3.511689567075030170e-22
-3.165953853341378386e-22
-2.928125920127117649e-22
-3.702081746051206794e-22
-6.028319331936779754e-22
-3.369748936052356332e-22
-4.991634933228322135e-22
-4.654464962726046724e-22
-2.515293423111153811e-22
-3.015583579599840833e-22
-1.925715630323870283e-22
-3.241696862152761312e-22
-3.210364759834870817e-22
-1.525107566131229796e-22
-3.328142158294413983e-22
-3.391091833259974858e-22
-3.340302829721214541e-22
-3.549735507630206250e-22
-1.096204208579994241e-22
-2.832956767252099886e-22
-2.654264968742109716e-22
-2.340236004242783507e-22
-2.025407821482987200e-22
-4.870685687835382591e-22
-1.514346260817474983e-23
-3.930840944727531900e-22
-5.246800865335692632e-23
-8.395773934500683627e-23
-2.711750297005569687e-22
-1.043947265446636307e-22
-2.316091202326942228e-22
-4.814224265025425686e-23
-5.672028058346554447e-23
1.490235212242558210e-23
3.000128640696672890e-23
1.691517029840687383e-22
2.605402479940475209e-23
1.386551986433222767e-22
-1.076959879458347434e-22
1.422685269594185477e-22
3.884015084604979254e-23
1.134903868700476636e-22
3.354595141682601633e-23
2.387187234175386968e-22
3.105005329651506310e-22
-2.422343335194789526e-23
2.189349545946873407e-22
1.042914108472593503e-22
1.048378555491927148e-22
1.550536291913487782e-22
-5.730703385513865945e-23
6.312187736754317515e-23
-2.518643164177848212e-24
2.305418568390997981e-22
3.643947898768979587e-22
-3.108991073529914206e-22
2.124151575725437596e-22
3.094982119305885168e-22
3.904164955911155750e-22
2.750756356413646271e-22
3.103451719052590643e-22
3.372269411118149420e-22
2.645192119990170379e-22
1.757988687400914920e-22
3.774492589233480393e-22
2.646750095097699521e-22
6.171913743047036063e-22
4.532931751753712438e-22
2.080102308097064591e-22
5.298481798379650839e-22
-1.143835809977703066e-22
5.428090056335125529e-22
3.772437721712998907e-22
3.935235321675949172e-22
4.652971273170106338e-22
2.059102722885122476e-22
4.282627351983192179e-22
4.945419832910309134e-22
3.071515656790495604e-22
2.617770180706940165e-22
2.354584740282833543e-22
2.752463468188019719e-22
-2.048494352963596939e-22
3.760169804034692172e-22
1.003862689878346728e-22
3.304692679577653934e-22
3.190418088799905392e-22
1.921919395645033527e-22
2.352619853124452201e-22
3.524115983136752850e-22
2.773163720427340817e-22
2.064087746528943678e-22
5.647633092488364377e-23
1.840293506682644042e-22
1.991088606827823449e-22
1.536107276102798126e-22
1.009501868087327043e-22
8.550815537833053263e-23
2.009611568070661559e-22
2.587543759939394055e-22
2.937163036893135349e-23
7.805963762615129244e-23
-4.285750378904919308e-23
-6.349729197352580267e-23
-8.953597959159001654e-23
-4.955310048686379998e-23
-3.462622261647032203e-23
1.743119487904226624e-23
-2.840950773933442203e-22
-2.947230621946980231e-23
-1.035914819696532960e-22
-2.864037830519580086e-22
-1.722825378474351630e-22
-2.206489625588096547e-23
-7.902804283309654566e-23
-2.662190692995731532e-22
-1.012117979841179848e-22
-2.708946439387491941e-22
-5.628753930898486828e-23
-1.580436472340803648e-22
-3.072470366827937306e-22
-2.874101980467533420e-22
-2.769354094041922630e-22
-3.962245712650384480e-22
-1.652396173307669570e-22
-4.939486435758264099e-22
-2.102756318417086671e-22
-4.081341327601677099e-22
-2.941857790171655521e-22
-4.958768971889525073e-22
-3.147108094609430061e-22
-2.844827174025624453e-22
-2.763661089079218061e-22
-3.049957817771565552e-22
-3.387469061969037347e-22
-3.997465703585531309e-22
-5.012234145455243448e-23
-3.229595506816724074e-22
-4.813148644855814017e-22
-4.133574337501284921e-22
-1.575183894468128873e-22
-2.625957632074682510e-22
-2.449432797222365391e-22
-4.995185857016477698e-22
-4.292334766883035412e-22
-3.546053458057723558e-22
-2.709837542704199421e-22
-5.811253341357926720e-22
-3.463287674480138211e-22
-3.466396563481288111e-22
-1.190232296105700929e-22
-6.879957884321847455e-23
-3.214368547205512404e-22
1.090421782208771874e-22
-1.735901790312013031e-22
8.617917137498908284e-23
-2.531133547405570349e-22
-7.440787879554626828e-23
-8.893828593177946697e-24
1.052628268045402918e-22
-1.909389882766875246e-22
-2.187405593168505400e-22
3.287409822508847400e-23
-2.718136132992840088e-22
-1.770437372022891268e-22
9.828538649707933199e-24
-2.989829907157983024e-22
-7.389574918102755373e-23
6.284921747056260398e-23
5.343349904362055451e-23
1.005759932530031230e-22
-6.606328264311520037e-23
-1.598698376157545507e-22
1.543987769490826792e-22
-5.500129902507352434e-23
3.010772680815192267e-23
4.642903186112770457e-23
1.703102280473053966e-22
2.472803467867595625e-22
8.461122766565218370e-23
2.004945941526666137e-22
4.252822224333963739e-22
2.728710392111614871e-22
8.868356688195749815e-23
3.425479362143313590e-22
3.088922985803902903e-22
1.239768447318954492e-22
1.838524047183943728e-22
2.200750773683488389e-22
3.941283976228841876e-22
3.750802008842368756e-22
2.895320395076088557e-22
5.103716901009040472e-22
3.534773787753222743e-22
4.127546999661877302e-22
4.706340802655221613e-22
5.922225418979598203e-22
2.214909228577917018e-22
5.340606953385464231e-22
2.764413602520578408e-22
4.120118005408507048e-22
9.772824713752392989e-23
3.137634183488050145e-22
2.431350132592653669e-22
1.011869623520984992e-22
4.444768019377522048e-22
3.170977224599456520e-22
5.118743184523866972e-22
3.891796394503190354e-22
8.717662926821528269e-23
3.256138395363767834e-22
1.822565619857218280e-22
4.074590635484931714e-22
-8.905030155565402444e-24
3.891557126478384012e-22
1.645146652505383513e-22
1.827835470940250868e-23
2.123115832813640208e-22
9.376925563565175691e-23
4.185096834764547721e-24
2.494578697379655952e-22
-5.245040806935875656e-23
5.178013534949761374e-22
1.506797475276610274e-22
2.135722728177257097e-22
4.484017098197523945e-23
1.778483119266349784e-22
1.392279597720393206e-22
-1.240307248792865593e-22
1.225029165641986639e-22
1.004921725826417141e-22
1.307455851916955863e-22
-3.240683070334130428e-22
1.713498175070779493e-22
-1.644601990094827453e-22
-2.649856203845942164e-23
1.484282807739934404e-22
-2.473084930673163604e-22
-1.222837287358234565e-22
-1.527078061157999932e-22
-1.118878514262859393e-22
-1.879946525705957902e-22
-4.807109069955897625e-24
3.851208857074637928e-24
-9.019109863773439321e-23
-1.925363878018382030e-22
-1.745365984650461176e-22
-2.416451434661457505e-22
-4.068579922856958440e-22
-9.258673722474514734e-23
-2.244116591966663339e-22
-2.542067915600954649e-22
-2.551544279917275794e-22
-2.557897092371019255e-23
1.861582881723325273e-22
-4.553091415029436901e-22
-4.010976793364351989e-23
-3.276142936276765979e-22
-1.696340572687908722e-22
-5.050829614831296240e-22
-6.546427625148227521e-22
-5.171126178196941663e-22
-7.207603125443921042e-22
-4.418936331896923170e-22
-4.802483451945876117e-22
-3.249413908150435713e-22
-4.509686262012728051e-22
-3.521888985341154967e-22
-3.156655251372888959e-22
-3.983765792391301912e-22
-3.829004833487158521e-22
-3.474098676630691415e-22
-3.409870406675005155e-22
-2.279440354625938690e-22
-4.160845052683350834e-22
-1.451727244778668495e-22
-1.174962357505984815e-22
-4.474383083907734313e-22
-1.123317177262118146e-22
-2.683559868229614280e-22
-1.980654287788992520e-22
-1.832471518034093180e-22
-1.832489854178722648e-22
-2.400724985395131350e-22
-3.496426473535892529e-22
-1.098981863532148743e-22
-1.239964658818658068e-22
-1.209538711224975078e-22
-2.218345277258855397e-22
-5.475825114933830078e-23
-9.815050070008123988e-23
-6.171169671101855702e-23
2.091431899102633841e-22
-5.123044118812808011e-23
-1.570350531526409671e-22
-4.168056479036515429e-23
2.993439206126269314e-22
1.347224111266592689e-22
-2.482200815301230494e-22
5.154773734877910180e-23
2.373212225370358156e-22
-3.351730747527477094e-22
1.205701796311548511e-22
3.007905599809916094e-22
2.496656645941928547e-22
3.531187361553156172e-22
1.697418782833067272e-22
2.570075230880734578e-22
1.425203939509215925e-22
2.301613724678160351e-22
5.406849434174778219e-23
1.674983273380912010e-22
9.974158813538668965e-23
2.907343180373455375e-22
2.965043171277618123e-22
2.849723214768831016e-22
3.282853462128256793e-22
2.910745232647154328e-22
3.723895111640266889e-22
1.879429856002482233e-22
3.221056466465966229e-22
3.355018812031598635e-22
1.326151003312827009e-22
3.723049379445550420e-22
5.444418289789068252e-22
1.910668614063645080e-22
2.983383499054492011e-22
4.655292663900185081e-22
5.768895669435287300e-22
2.488956144645182326e-22
4.229643564630417771e-22
2.588772847861334993e-22
4.111213004018764972e-22
3.523756803013474828e-22
3.316832719333251291e-22
1.592970790495290749e-22
2.251450518542910504e-22
2.432281676285882209e-22
3.407674322413691591e-22
3.270661548606458376e-22
1.597858461635874612e-22
2.805990475793135877e-22
3.606316710258132595e-22
-3.574784848303799365e-23
2.379968659704607671e-22
-1.802960414787894139e-22
3.816387086637923578e-22
2.003717149262561221e-22
-7.753839674169086989e-23
4.440808387722132938e-23
6.480460888200928717e-23
1.812308286811483587e-22
3.575451070562808961e-22
2.589761611481222982e-22
2.399117603185875112e-22
-6.597712475206605360e-23
1.743785393153766891e-22
-1.299640164475106606e-22
-1.930246758342642758e-23
1.222061001883334791e-23
-4.145461120027257615e-23
9.709087730546955418e-23
-1.729174744204249209e-22
-3.862772199374641429e-23
1.117870567931107887e-22
1.073457398476763950e-22
-2.516366950388139970e-23
2.956443808226494998e-23
-5.832202325023238354e-23
-7.439607665139673879e-23
3.669935834919858678e-23
-9.416368703718385085e-23
-5.136828405606606900e-22
-3.051682316382815960e-23
-1.705141430580128478e-22
-2.298900952655427843e-22
-1.948074881104810093e-22
-2.365623904390296488e-22
-3.224998445829769994e-22
-2.923928695539721032e-22
-4.089788161249452153e-22
-4.812459350552759587e-22
-2.564438899952106187e-22
-4.116338557452000007e-22
-2.847642530270300941e-22
-4.029679943596503454e-22
-4.206325214486736583e-22
-5.291516318168582772e-22
-2.667675653135201261e-22
-3.545900157164926253e-22
-4.749514140232658855e-22
-3.419961247305475429e-22
-4.528397546098132990e-22
-3.103719459131231062e-22
-3.764565915499536318e-22
-3.527031538340225701e-22
-3.152030033118727946e-22
-2.412171007084167915e-22
-2.432667672735060892e-22
-5.191323890633307025e-22
-2.771380813100731797e-22
-4.460929091229961229e-22
-1.176254948918928272e-22
-2.120623027325395427e-22
-1.344154196999251789e-22
-3.548708063571295636e-22
2.840631478906257548e-23
-3.241256772088739176e-22
-3.167598229412689560e-22
-4.012575651466354107e-23
-3.613547686877666960e-22
-2.991173733411027059e-22
-2.819593436026858099e-22
-2.016480433601699149e-22
-1.884462455514180249e-22
-3.613756936723816007e-22
1.137824270408710232e-22
-1.940199319754204071e-22
1.466035264220548344e-23
-1.846517631365371457e-22
3.840567423287120257e-22
6.824656098090573695e-23
4.201587300690624231e-23
-1.490405486117304890e-22
1.431846111531425528e-22
2.986667543678821668e-23
2.090536806125822947e-22
1.654155323901370598e-22
6.238833932188334040e-24
3.356473490479228833e-22
2.032063582272252823e-22
8.900791169086752668e-23
2.409599210635952982e-22
3.726244843739516843e-22
1.436696871822862165e-22
2.171773559176831030e-22
1.777915232289572002e-22
2.748202039982670615e-22
2.047273812938710084e-22
6.255924452859477728e-23
1.696317379565717957e-22
1.188277712153310435e-22
2.843883278827613485e-22
3.426580106877491329e-22
3.907569867827813946e-22
1.181668618355632094e-23
1.542381950776513692e-22
3.150732209966545959e-22
2.890545279578935782e-22
2.630298956572237424e-22
3.791535389758901418e-22
5.401096618485511233e-22
3.146256683464866247e-22
4.131530552294442791e-22
4.684237345128916545e-22
3.681681849146200820e-22
2.610895747254682490e-22
3.698175139626733021e-22
1.779238025798888874e-22
5.217375527853452735e-22
2.907088986020639624e-22
3.272770081700238295e-22
1.424154122040402444e-22
2.383484984816219717e-22
3.925865346172575514e-22
4.973506423276285544e-22
2.723184231154296425e-22
2.397009681521467695e-22
4.896611566173564422e-24
2.144786558752250953e-22
2.313102539803840500e-22
1.803379095937671793e-22
1.257917280034833639e-22
2.105923815333805917e-22
-5.423098489285442461e-24
2.985293885637749786e-22
3.954177637636148686e-23
1.495429942010329407e-22
2.924165776314411729e-22
1.558486842258103972e-22
2.370644251033442403e-22
8.443797450090713636e-23
5.592875127257796762e-23
9.761867288054773133e-23
-7.920620707744769048e-23
-1.539210726819635309e-22
9.954228590896942384e-23
-2.630009630526525056e-22
-3.090427899432934115e-23
1.185010302082483443e-22
4.305616877515855196e-23
-8.996989448454315618e-23
-1.506818579625030621e-23
-3.037342558878708663e-22
-1.736148740428079916e-22
-1.309013807439589143e-22
-1.900083532864379786e-22
-4.914571050975046082e-23
-2.595344647937444069e-23
-2.676604459178817871e-22
-1.420871033457457780e-22
-5.781023735441695394e-22
-2.008897935646233228e-22
-2.141742463216995813e-22
-3.689688244231269562e-22
-5.151541929515705821e-22
-2.155228802053829903e-24
-5.398985559987545091e-22
-1.461507384519944107e-22
-1.877230892419846717e-22
-2.850220874761104862e-22
-1.066381955305186754e-22
-5.001441479834085344e-22
-3.637946139195949379e-22
-2.717456428595882315e-22
-5.406562583812318977e-22
-3.444967089055453500e-22
-2.640787468007845599e-22
-5.165988836546674119e-22
-2.503847957995628221e-22
-5.071650621596435324e-22
-3.271417641742114088e-22
-2.267883990022461766e-22
-4.735201841032350446e-22
-1.620471922539074263e-22
-3.144485770242545999e-22
-4.206597832462089839e-22
-5.733734102080929007e-22
-2.020322145096886825e-22
-2.094883246867172193e-22
-6.733751978382658829e-23
-3.443391271820053270e-22
-3.771084040753793918e-22
-1.973193263206291530e-23
-5.239781680077321640e-22
-5.225085208791257953e-23
-5.169159330860124408e-22
-6.497120759559860327e-23
-2.819988537612769065e-22
-1.422463167402468326e-22
-1.352869156072353271e-22
-3.250718182536160548e-24
-8.206006360261532657e-23
7.706023997997958260e-23
-1.334466405143600298e-22
-1.159325047019445529e-23
-1.488659561443776933e-22
2.327187529174272089e-22
1.254055008104882014e-22
4.073165756589495404e-23
2.668617428234952516e-22
-1.085741925807797925e-22
-9.329210839857693078e-24
2.032190207830709254e-22
2.680683153650418710e-22
3.655458474809267104e-22
3.890501426220491468e-22
2.380226031046222760e-22
1.710368096066068594e-22
3.533014804792209933e-22
4.564525449556050595e-23
4.928146976235710010e-22
7.757342822881295648e-23
1.440308497032243234e-22
5.636254459040700096e-22
5.933272460941716787e-23
1.621376230515418556e-22
2.644395960241904183e-22
-1.676611458931666236e-23
5.019770044678554422e-22
2.222253051129844588e-23
3.318547427271802475e-22
1.118031232956915182e-22
3.313011783942996148e-22
1.963789429655849460e-22
2.181033224790933460e-22
4.054841190694438701e-22
3.079651195480686061e-22
1.037539419071567528e-22
3.957561147637999783e-22
1.863533953962041700e-22
3.243012896832875688e-22
3.871237129570157586e-22
3.459576146288724170e-22
3.707935464769133792e-22
3.131682661914722496e-22
3.523140690755446039e-22
2.913745644798577082e-22
4.129625637208294570e-22
2.647961158144786144e-22
2.891779088660521566e-22
1.854490009914889624e-22
3.715853762816720938e-22
3.173727288821631819e-22
3.149148438550194152e-22
2.720016782706014462e-22
3.148087553517318043e-22
2.221894843849832808e-22
3.794276478830989349e-22
2.246429974849624710e-22
4.866824583687333965e-22
1.346437872505191334e-22
1.965240824790265313e-22
-5.263707488112381685e-23
2.156060991195817957e-22
2.346353015350001355e-22
4.755677331705910454e-23
7.433073350690364160e-23
3.049333693703050700e-22
-1.478883594417075656e-22
-8.810445692630511689e-23
-6.296454199355323468e-24
-1.802864462177859585e-22
-2.610889307305336689e-22
-2.633443694637622715e-22
-3.080273494166967151e-22
-1.100971740392859197e-22
-4.557690819529444143e-22
-1.347651261321775452e-22
-4.106668352279345671e-22
-2.750487736638821801e-22
5.723999194891400798e-24
-2.779581514126069734e-22
-3.893025993890250260e-22
-3.744847205410801242e-22
-5.845461865511020137e-23
-3.882783633142922742e-22
-3.157140063102240336e-22
-3.479908061226916757e-22
-2.630991554654899397e-22
-5.563589436421585517e-22
-1.665335554426664923e-22
-1.274898851917843695e-22
-5.311311748108588853e-22
-2.813742676450437467e-23
-3.302209090436963972e-22
-1.298867817372485144e-22
-4.449550560982521390e-22
-1.227874024288087567e-22
-2.072489902896610086e-22
-1.995952734262085023e-22
-1.437748798087544716e-22
-4.946203091110638761e-22
-2.149271481653383661e-22
-3.401435583314651634e-22
-3.769576932435246827e-22
-5.958705472001889332e-22
-4.146251323248338050e-23
-3.688350682149878287e-22
-2.039260863716857998e-22
-3.984379079513865766e-22
-2.612473518286228480e-22
-3.237938346985251049e-22
-3.438671242600187250e-22
-2.004127069995519825e-22
-1.073113162675183741e-22
-1.594328340284105195e-22
-3.044412865756850572e-22
-2.295656860134752497e-22
-3.709378124114989285e-23
-1.618215788531229262e-22
-7.762302353015997303e-23
-1.916680981207759565e-22
-1.539979839413138361e-22
-2.208782232112188749e-22
-1.726563364110565366e-22
-1.902538431390644264e-22
-1.386269863908320778e-22
-2.624632577406175984e-22
-1.382123389127772462e-22
3.759613475709012622e-23
4.959951833287556193e-23
-6.743101667654864934e-23
-1.008220315003215689e-23
-1.261472177161271741e-22
3.022628025747025370e-22
6.114574607402317922e-23
1.230273819251897171e-22
6.386951056381674236e-23
2.880952936631410013e-22
-8.669314688142200856e-23
2.526307055480885724e-22
7.132374189003671949e-23
1.062010347670481350e-22
3.959798505005749164e-22
4.013006349762257203e-22
2.897476044832769687e-22
2.709481371143957749e-22
1.131942815076686528e-22
3.656658923330362613e-22
4.548497949234441163e-22
3.813468837731902064e-22
2.211570054785697099e-22
4.336557838591092809e-22
5.017119631476191498e-22
4.742236540954516246e-22
-3.482276360432719453e-23
4.200984752738332720e-22
6.069235829486326543e-22
3.573432016944697654e-22
5.330179603719516473e-22
3.375647248340090741e-22
2.657165833219346607e-22
2.268988271376800253e-22
2.156825660657803614e-22
1.665964561645707484e-22
4.402641708251142905e-22
4.590315636989670192e-22
4.234340028614454739e-22
4.441059509686882684e-22
3.929272199217810359e-22
2.421736846383755865e-22
4.552282559146400360e-22
3.182265248185404036e-22
4.259556036133067116e-22
3.730710558858734250e-23
3.660551976855523589e-22
1.047021214452883085e-22
4.797908732852228093e-23
2.626996769326650420e-23
8.575458231697150809e-24
2.892914483561491460e-22
-1.989856869751922061e-23
9.207049601735913305e-23
1.636637505424416058e-22
-8.454915865155931044e-23
1.493885050486654125e-22
-2.041159930307503828e-22
1.062745205771229483e-22
-1.180538767619952781e-22
-1.024103218442508172e-22
2.369297316862365796e-22
1.708131030753954359e-22
3.010711085634140556e-23
4.932057945387502490e-23
-5.097962939671603916e-23
3.310791113081637382e-24
-2.577174461108176354e-22
-2.779995653409942126e-24
-2.106052981396778472e-22
-3.329788896498410411e-22
1.074271976375871375e-24
-6.901414350326358294e-23
-6.008510984908049939e-23
-3.369267279432236723e-22
-2.563767023146779510e-22
-1.949064824288926319e-22
-3.894367407930337193e-22
-1.623540981458755295e-22
-3.558356819390838779e-22
-1.495649437857208107e-22
-3.113968856904780031e-22
-3.488040281086451195e-22
-2.895364228382146480e-22
-2.512728617672843757e-22
-3.012164268386502012e-22
-2.238082988928502075e-22
-2.877994569436920229e-22
-2.258605959422055794e-22
-4.173120643136971861e-22
-4.683463159146806433e-22
-3.042758825711469875e-22
-2.541348776683152375e-22
-2.341067148235129697e-22
-3.809584403658428050e-22
-2.594630312427858065e-22
-5.918006705742646205e-22
-1.392283664052615238e-22
-2.103047014240342487e-22
-4.917336057577524446e-22
-3.855319017476488417e-22
-3.271269932331675203e-22
-3.692869476024013948e-22
-3.337412018642318079e-22
-4.012986823938842369e-22
-1.827718623988205192e-22
-4.844015406742688201e-22
-2.087685345591246376e-22
-2.037493370546426217e-22
-2.780991619659028969e-22
-2.120665908252331586e-22
-1.741583204278889021e-22
-1.108605870665492589e-22
2.841236397196309955e-23
-4.175897646137657448e-22
-4.996743950775536525e-23
-3.424536145274999247e-22
-7.478213347755164280e-23
8.271744056146811730e-23
-2.349332137756253613e-22
-1.303559839889275967e-22
-4.093683224628970815e-23
8.615453288611839752e-24
2.129481278524822951e-22
-9.706085418590041802e-23
2.250197921709537730e-22
2.475157117967767178e-22
1.300034230908865354e-22
3.205250025108079467e-22
1.616770013187392932e-22
4.973882407076715749e-23
3.188886937869205257e-22
1.494884198691147819e-22
4.322173853183074238e-22
6.081358210585281148e-23
4.171589481105140056e-22
1.920168067100164957e-22
2.825369395028795617e-22
1.168265686991625753e-22
2.919491559917219362e-22
2.922885727885627870e-22
2.704713420442141214e-22
3.414581259041928673e-22
4.743473562831952172e-23
3.506618060932005366e-22
1.468381685579610748e-22
9.348382554759459190e-23
3.738236683433534057e-22
4.359603443703308632e-22
2.995491867522705077e-22
3.742731726516605197e-22
3.052688139748108825e-22
5.506452645274292591e-22
1.584324888713182250e-22
3.622043277917901597e-22
5.172883040018989175e-22
3.341380640152111225e-22
2.787731012077819411e-22
2.761810403400949230e-22
3.034280352481890861e-22
4.517570426062659601e-22
1.202910951531232026e-22
2.261814232140142450e-22
5.762008928268711142e-22
2.842701648358252193e-22
1.092775850962469348e-22
2.073456156813215742e-22
3.474901120276440013e-22
3.902915785912161705e-22
8.731739061465021215e-23
3.602123506212919634e-22
-1.725769574857883818e-23
2.716664936202869260e-22
2.288372835273313920e-22
6.863425065872440377e-23
2.929242537796609179e-22
1.083737455347342251e-22
1.261646787949001582e-23
1.814879527169674719e-22
7.966453838559071976e-23
1.158099974154963732e-22
-8.329656917015201892e-24
1.297588155388453359e-23
1.125301626611733530e-23
5.607488369622440785e-23
-3.288572336243554759e-22
2.779341300554020755e-23
-2.703908015471832904e-22
-1.759538696876709785e-22
-1.870902111913045191e-22
-2.140680332973513718e-22
-2.517999325184856539e-22
-1.735908291872440093e-22
-2.742943582621428910e-22
-2.040807367231039410e-22
-1.201071247030473308e-22
-3.695642418591500535e-22
2.119520165066061507e-23
-3.184984726670406952e-22
-2.483312601459667964e-22
-8.241605921621704329e-24
4.859159256590566143e-23
-4.081899899407385038e-22
-1.549252374521322033e-22
-4.144856731235216845e-22
-2.586961833775496388e-22
-4.286394460032268355e-22
-2.156812429947282531e-22
-3.539312575719702721e-22
-3.873764846407287043e-22
-3.280702313012921312e-22
-6.347406738349202237e-22
-5.799813767151837721e-22
-4.793378902156659975e-22
-4.807716780242722233e-22
-2.571882634802151452e-22
-4.662833867657899565e-22
-2.467232931383800403e-22
-6.542075267835215343e-22
-1.978426881864196593e-22
-8.022656140921531563e-22
-1.597415144180231048e-22
-3.397502779786411766e-22
-2.942977725876834579e-22
-3.347852746721269111e-22
-2.350015282578067112e-22
-1.037048675516244842e-22
-1.559832775949704782e-22
-6.731695817013236583e-23
-1.583013520910530287e-22
-2.221570460062671817e-22
-2.732252085788143492e-22
2.839779702229457416e-23
-2.790040847198404836e-23
3.957847338218955941e-23
-6.243265308891794997e-23
6.716519698340811082e-23
-1.788891070580264527e-22
-4.374647073065726381e-23
4.153508694282576151e-23
1.191065064980496254e-22
-4.772886032716861005e-23
1.675478015776218538e-22
2.246688202062820321e-22
-7.512161390243858925e-23
5.901636992487878423e-23
2.309185455633243289e-22
3.122535008970656466e-23
8.056637139385033464e-23
-1.147697189466853283e-23
-1.022921504853955556e-22
1.532585300656587677e-22
2.007719539549850938e-22
2.480104315099239150e-22
1.487242213940531496e-22
1.411703333958690827e-22
2.674197204195943953e-23
1.986382479688958232e-22
3.549176431614652258e-22
8.447786742670092571e-23
2.805779949186427030e-22
1.624543712218569239e-22
3.261408660601683366e-22
2.145550846162434936e-22
3.128160968615708532e-22
2.601416049982607386e-22
1.804417887330439931e-22
2.573891188137438906e-22
4.158185082294979163e-22
3.693867486760770884e-22
5.724733068373215685e-22
3.854719031916133373e-22
3.644857928945225388e-22
3.672838367540906887e-22
5.006252548022476694e-22
1.979908081145392571e-22
3.403974585650428196e-22
3.831828967802310973e-22
2.065912906094546617e-22
5.056924064160397317e-22
6.364785725557022410e-22
-1.863909263611192438e-23
3.976727351553656775e-22
3.902490174029828791e-22
2.423894710924188794e-22
4.004613875140756048e-22
2.890895068898562017e-22
8.200848328219453316e-23
4.951188383166883758e-22
2.092016998611903503e-22
8.990279548022503661e-23
3.461808060866326889e-22
2.656380477019131356e-22
3.936546915616702078e-22
9.061832824492071395e-23
-2.718932319726760825e-23
-3.070532136023013466e-24
1.050566734972235280e-22
-1.023398575112189530e-22
2.067190755342752854e-22
1.205152615476869824e-22
1.497061538685842471e-22
-1.737531133534734232e-22
-2.072239640485073416e-22
-1.916339894180559219e-22
-1.313947793074417198e-22
-1.545344106307824994e-22
-1.011850457416790133e-22
-2.713333664040307350e-22
-5.115146325048061418e-23
-2.723935953110425148e-22
-3.329816829189618382e-22
-7.209392446240690586e-23
-2.292510640962773289e-22
-2.043852181791096140e-22
-5.597772581813810239e-23
-4.397572617579550715e-22
-4.189962074701409020e-22
-3.483994392240694006e-22
-5.040171009173206040e-22
-2.666515937585449226e-22
-2.789591913628179926e-22
-2.256405121123019272e-22
-2.145596579205038157e-22
-4.096321258745728699e-22
-1.717239546339631278e-22
-5.047657737569880418e-22
-6.400792332666627292e-22
-1.106584067246413849e-22
-5.676043271986043704e-22
-2.857671503249050986e-22
-2.570965831785635454e-22
-3.492633230465074759e-23
-3.014060503811477762e-22
-3.243781451152046870e-22
-3.201978553847852552e-22
-4.208652280727800498e-22
-2.420147074809859385e-22
-3.665295791789057342e-22
-4.130618603746633318e-22
-9.340819371119906228e-23
-2.940215622064966901e-22
-4.082005034383650418e-22
-2.560206800067429775e-22
-2.019355769999338020e-22
-2.209535848678057947e-22
-1.383051806983218149e-22
-4.010898783324226203e-22
-1.119442061388632604e-22
-2.723534967541801716e-22
-1.104011456253358559e-22
-2.845000813611415063e-22
1.757961957614498354e-22
-1.927216663344973825e-22
-2.703620489812966859e-22
8.119343786484978211e-23
-1.164137151741033916e-22
-1.086992465074384106e-22
-6.641618042304250598e-25
-1.011005387829176231e-22
1.590748402447940574e-22
-1.815558638401017046e-22
-3.935670089218824919e-23
1.173523048557728809e-22
-4.671698891798373122e-23
3.331962582359615012e-22
-1.002844341595416299e-23
1.597665561372357487e-22
2.774947298066972002e-22
1.991086878774683932e-22
-2.456458060708233373e-23
2.718239266592186639e-22
2.261491597709415606e-22
1.497299553009690459e-22
3.138316919195684794e-22
2.549496928354045288e-22
-8.709051934168648321e-23
4.400099919421651198e-22
1.952354037707528554e-22
2.640148793013217462e-22
4.235840682024964734e-22
4.337244697225004874e-22
5.431588628947092233e-22
2.916356660931753654e-22
4.146567917717515439e-22
3.837496098415052867e-22
4.561104279236027039e-22
6.665938094888707848e-23
4.075819170333144551e-22
3.769946898274033560e-22
3.390637148074349509e-22
3.089422679133219806e-22
5.761928198406085781e-22
2.379636794310682050e-22
3.449204824565941947e-22
3.268538434542743588e-22
1.093900796012053712e-22
2.689550874985871086e-22
2.255381759853475180e-22
2.346861800390079278e-22
3.625227749348305891e-22
2.662266373733790297e-22
4.497744285773364725e-22
1.903991698499150587e-22
2.683309300867297177e-22
2.945934488056315734e-22
2.645088579408157600e-22
9.866695251967253675e-23
2.194554884097716180e-22
1.136804331127047724e-22
1.068311962675352806e-22
1.784091238973141487e-22
1.690134951132679132e-22
7.581229183082217211e-23
4.437860310875454370e-23
5.893619928648429342e-23
4.770018786099634879e-22
-7.206945066526607741e-23
1.456293081349417699e-22
7.120134380947385277e-23
8.254197900877291032e-23
-1.701280530029000806e-22
5.667302604410068806e-23
-4.145142720371989632e-22
2.628721237700517171e-22
-9.730917418192963501e-23
-2.192722995530372249e-22
-2.990122589895407911e-22
-2.377749329471994520e-22
-6.933294757097890226e-22
-1.817968128910453693e-22
-2.880766220681617052e-22
-2.266448172310784693e-22
-2.074189750812571692e-22
-4.256470002409073458e-22
2.487765555009014520e-23
-4.071934558191074893e-22
-3.445749786783307384e-22
-1.715242056445608516e-22
-4.164105640387974233e-22
-3.286664703082845905e-22
-4.351418079241693883e-22
-2.312419590748393983e-22
-4.131710062123340955e-22
-6.213439895914023501e-22
-8.073958040500364595e-23
-3.926887006808398158e-22
-4.357501756110234840e-22
-5.706752426720143437e-22
-1.701408248506864390e-22
-4.364898220856029370e-22
-1.862780221589640308e-22
-2.109921840433627120e-22
-3.434577595289771868e-22
-2.963066902590498973e-22
-5.545227482915408677e-22
-2.103112703141940593e-22
-2.609746040432474516e-22
-4.155977006820491078e-22
-5.486100801542356848e-22
-1.516682685697835126e-22
-4.080891335718553114e-22
-2.522495011785496871e-22
-1.518077308379853149e-22
-2.558569420536051548e-23
-2.189969297274041642e-22
-2.397133042724492103e-22
2.432097440383947255e-23
-1.443418198918053196e-22
-7.498351014108457617e-23
-2.653717335213682260e-22
-1.867258568925175519e-22
3.044503719009521354e-22
-2.596242148024799691e-22
8.714273552247671584e-24
4.110247108190400156e-24
1.665808560767553684e-22
1.624292795720009683e-22
-6.872079460162287990e-23
5.181906785665634895e-23
2.676067676346628747e-22
-1.041386973864878207e-22
1.874799146217469979e-22
1.776104145023202107e-22
7.089162106493371280e-23
3.186546846327448081e-23
2.258732367531779781e-22
1.587877609411948764e-22
1.714184285229153715e-22
4.304446490601186612e-22
2.202144112152697049e-22
4.113404340862250284e-22
2.736025492054163769e-22
3.329199689983482344e-22
1.173785834981545052e-22
4.218602429299229337e-22
2.977965144259819317e-22
2.489941359562938828e-22
6.183917311483502419e-22
1.510659270471329251e-22
2.015726848100543693e-22
2.709636313272879080e-22
2.691570538026481350e-22
3.361004103014583499e-22
2.843647071315742396e-22
2.654634699780860929e-22
2.929348400341506927e-22
1.513790283945001082e-22
3.699920023136731273e-22
3.771071685808238903e-22
3.804808421736031242e-22
8.642176329021272324e-23
3.125281117103387515e-22
1.329626429079447624e-22
5.516306596029200877e-22
2.644487865547943112e-22
3.744776473544218711e-22
1.980520892271097388e-22
2.795240746173556117e-22
5.454080584530336218e-22
6.664480550939995291e-23
2.645655860293189560e-22
1.656385815853543794e-22
5.154612797499937245e-22
2.994654827262343841e-22
3.366149387069787671e-22
2.552121319108651178e-22
1.081849871312077458e-22
-1.186137105539448367e-22
5.801952839285123776e-23
3.149092062587880897e-23
6.873946607048935865e-24
7.161133998565385133e-23
1.075588414663167054e-22
-6.064226630970467757e-23
1.074279251569041097e-23
3.617185480554201276e-22
1.595320421313773228e-22
1.600204422404354265e-22
-9.077703455841501136e-23
-2.560533545247444798e-22
3.684425900123372461e-23
-5.518402276457595475e-23
-2.812036419813252563e-22
-5.596745959823062754e-22
-2.438969374268651500e-22
-4.571504233692220170e-22
-2.013984752283599841e-22
-3.209114991522351442e-22
-4.406530143877086185e-22
-2.294015812042968465e-22
-2.331131793290755796e-22
-3.437131643387211154e-22
-4.263390369503260783e-22
-4.150769307197237285e-22
-4.266027879254027638e-22
-5.831135782359245652e-22
-4.818184177191674714e-22
-4.151826028484012706e-22
-3.346863272796610331e-22
-3.655439692776954613e-22
-4.024003380113577881e-22
-2.855633890105008007e-22
-1.024569183647185380e-22
-5.278295651247019110e-22
-2.473894996326992458e-22
-3.635055623987730763e-22
-1.998246645404340126e-22
-3.598909943565507613e-22
-2.900336135823228923e-22
-3.703550789346601483e-22
-3.351127440826427790e-22
-4.037528400149713309e-22
-3.020999273239889402e-22
-4.286873497964592934e-22
-1.557696672234155854e-22
-5.199452901283270360e-22
-1.462517081720955255e-22
-3.127104807119222463e-22
-9.341433393541309408e-23
-4.860254809613845237e-23
-2.485779890274897428e-22
-3.618335570578712854e-22
1.064419495117755075e-23
-1.427826946841568057e-22
-3.788239963944466368e-23
3.954702022724755581e-23
3.138442460549755384e-23
-2.653760820608767918e-22
2.952620901998801088e-22
1.663724155060257319e-22
1.041381578980885682e-25
1.404872801592502036e-22
1.545163163955292265e-22
8.316217772552673454e-23
5.404250289013107552e-23
3.746482302488883555e-22
-2.193507589495439476e-23
4.536501673393197928e-22
-6.018236796827213349e-23
2.729700981039975292e-22
-4.713810798374589667e-24
1.087611312178350462e-22
4.879968222272690685e-22
2.629286274854015145e-22
1.374326649905024484e-22
2.213225371486228196e-22
2.142952408746136617e-22
1.415597552133783405e-22
3.309966817056276156e-22
1.611103402177105905e-22
8.436664582928916987e-23
3.731789554991470176e-22
2.223916974642279402e-22
2.230101528091385980e-22
3.477776165675009565e-22
4.607041344116781013e-22
3.466896359020302904e-22
3.649919168721018970e-22
6.580386355593322461e-23
6.332617043804953766e-22
2.260801607580478271e-22
4.684439499829941951e-22
3.463007604629531398e-22
4.526891572513180630e-22
2.991608871668764177e-22
2.427329551838891740e-22
3.049533643623064652e-22
2.165415733099058803e-22
2.242965264848564663e-22
3.309877474621698746e-22
1.901095939544971738e-22
3.696071397861346497e-22
2.960562164351654089e-22
4.133709874342594350e-22
7.275809611527346310e-23
3.518345413257816308e-22
3.253453929058356252e-22
5.317096521131957157e-22
1.077461154515637110e-23
1.068238551215204699e-24
3.303323596978962120e-22
-1.043545849148076304e-24
2.200894469527395107e-22
2.914054943043456323e-22
4.750783057795908679e-23
9.448450726092647146e-23
1.867676326879878322e-22
5.626413675662959375e-23
-7.802949821553443004e-23
-2.002729902214406847e-22
-8.286046151966106256e-23
4.607029203124701456e-23
-3.758605216782744149e-22
-2.120887123412792162e-22
-2.955366547254804949e-22
-3.175028465945682073e-22
-2.795692413508871760e-22
-2.288433371097909692e-22
-3.813820649247158318e-22
-2.587426880060965912e-22
-6.410544784115611611e-23
-3.307104116797490400e-22
-4.787051245865593579e-22
-2.900588361927116408e-22
-1.684157721319495633e-22
-4.099882317761447909e-22
-2.111963006259217188e-22
-2.920681634426061629e-22
-4.293185014511902593e-22
-5.363680869900538958e-23
-4.326489549139082930e-22
-3.238505045877108716e-22
-4.861314507805987474e-22
-1.835136658705674291e-22
-5.719916277783996283e-22
-3.242506613827689388e-22
-2.822609432449444784e-22
-5.146745408557680569e-22
-2.731241306242228103e-22
-3.188191669951283641e-22
-2.958635993269948506e-22
-2.710884656588524983e-22
-3.369093288672563431e-22
-2.613764844701288518e-22
-4.200321135393392873e-22
-2.109452679425039294e-22
-3.342278125516752751e-22
-1.973525426013416301e-22
-2.897902339586158491e-22
-1.276891806934795150e-22
-2.414250829311826846e-22
-3.728478448208326337e-22
-1.161047752457278926e-22
-2.828451803687546307e-22
8.854701076749260630e-23
-1.312696295526759240e-22
-2.947060282566279652e-22
-3.078692620122505052e-22
-6.805553677639137648e-23
-2.167910546963460904e-22
-1.737826447750990369e-22
-3.435720066184722723e-22
-9.179832281348608479e-23
-5.266748590429604118e-23
7.936767710355604322e-23
2.049827359624184643e-22
1.565333824313342505e-22
1.433363396724887107e-22
1.640340228477490927e-22
1.763921193106547774e-22
1.634054075161041612e-22
2.249563290320487074e-22
2.478941040135095356e-22
4.275864466107112317e-22
2.256181557125510593e-22
3.489056831758575237e-22
3.140645428118179081e-22
1.829689487961217756e-22
3.586358862992377863e-22
3.769003291121151016e-22
2.367465186147923778e-22
3.941972294230366590e-22
5.632190622337861558e-22
2.990923665240840354e-22
8.333246269666732553e-23
6.682455311388195865e-22
1.626638807115464797e-22
3.208761677339644545e-22
2.237982154738221590e-22
4.741369562048944261e-22
3.282339548390578840e-23
6.540659889549123011e-22
3.210783159796462125e-22
5.333395789727521867e-22
4.323851171152491476e-22
2.979378592000850427e-22
3.455784675318590006e-22
-8.987486664487027344e-24
2.252781609174139709e-22
4.013220683722211071e-22
3.182512849261887366e-22
1.637135226890874503e-22
3.961936969321199134e-22
3.543819932026407730e-22
3.635908178818339086e-22
2.427833555545572925e-22
9.073284380846448634e-23
1.817200799809077522e-22
5.974105924156944617e-23
2.195031826127028759e-22
1.474308571609453689e-23
4.707361386278743571e-22
-1.030855353311220996e-22
2.136447570873635858e-22
-1.726479188192104052e-22
-3.383623727099655713e-23
1.824418151347012883e-22
1.675768542938431705e-22
1.579634999745594723e-23
-2.163730640887652780e-22
1.375238128476330599e-22
-5.766341155978269635e-23
-2.311716087607019102e-22
2.524413794468521589e-24
-3.447028991606569048e-22
3.046461459500599759e-23
3.318428231601240845e-23
-1.823908955182799009e-22
-6.580618792212546920e-23
-3.159407104550710441e-22
-9.837939482418882468e-23
-4.968195357019778691e-22
-7.047860542077297481e-23
-4.228178054958382765e-22
-3.147992696157608248e-23
-4.095104411613141879e-22
-2.538377933304856492e-22
-2.557883089070812086e-22
-2.292403271813078357e-22
-5.507613349559507367e-22
-6.395560430640116109e-23
-3.736801349556755541e-22
-3.451522530723438499e-22
-5.596613700609424286e-22
-2.649504918026252738e-22
-3.414200742930339252e-22
-2.936059939268330205e-22
-6.398980001985758114e-22
-4.331067268085836587e-22
-3.703486318257615150e-22
-3.152650940605147923e-22
-4.130296076395834034e-22
-4.718741854631012431e-22
-1.589711735309962307e-22
-3.016997556020470912e-22
-4.557389677430458424e-22
-3.004066830104172807e-22
-2.024274724848894066e-22
-2.635281064218529108e-22
-9.222924645726758430e-23
-5.364968067402115546e-22
-1.889504091709758375e-22
-3.535874985360042089e-22
-2.941579899404971715e-22
-3.537018972819215386e-22
-1.464976336482246934e-22
-4.636299951983424983e-23
-1.908234831094599909e-22
-1.675377200342319165e-22
-2.150159978633824161e-22
4.008495694832639473e-23
5.686199923482787173e-24
7.769836732128024814e-24
8.133021540435098653e-23
-4.558003775065153999e-23
-3.283484103458453075e-24
1.484618659691574769e-22
3.004339578765152834e-22
6.380124283787549971e-23
2.975359520625985582e-22
6.808382214178253789e-23
1.534627405599661650e-22
2.249261322683360247e-22
4.043880545335414014e-22
1.482211190451393957e-22
1.803107882789103556e-22
2.437014020706605914e-22
2.532210285894572833e-22
2.397688712701691986e-22
2.898717792552222498e-22
3.561618235651847721e-22
5.705233024901175468e-22
2.619941652886650259e-22
3.545875904295367962e-22
3.695813138085276883e-22
3.369901436911983822e-22
3.259084048029216255e-22
3.619818007359981170e-22
2.644165973220588961e-22
4.766511722124482520e-22
9.714575507091435233e-23
2.807261073681234779e-22
4.385256647038939660e-23
2.598194332205320636e-22
5.066412092310683864e-22
2.161977088268033443e-22
4.062480688059679464e-22
4.584891384396512787e-22
1.827071004068048230e-22
5.364468323596595378e-22
2.299391493563429176e-22
3.366037415847729571e-22
1.411630928934542266e-22
4.072777170878065807e-22
1.745215491728567817e-22
2.320733574124844742e-22
2.520563660829225500e-22
3.309531954313681971e-22
2.316041121416544542e-23
3.335903630751570230e-22
1.435515584142551788e-22
2.278228343771286137e-22
3.349191577659380958e-22
9.182622452434014721e-23
1.031828766194915200e-22
-8.655781772502743308e-23
2.645597367335431145e-22
5.622042425883560733e-23
-5.245701407732870312e-23
2.884640988041310024e-22
-1.417113434143050397e-22
9.828915473106796509e-23
-4.429961906501689037e-22
-3.153011965041857049e-23
-4.561058938889643753e-24
-1.534253853635893120e-22
-4.021533842574465943e-23
-3.954870533644594935e-22
-1.487114237361317334e-22
-1.567721168330044103e-22
-3.738355342726277784e-22
-1.983709104775722363e-22
-1.295636969000312642e-22
-2.750134239909453782e-22
-2.988080961179034093e-22
-2.586251523020253292e-22
-2.868730220732496019e-22
-3.870667997460812771e-22
-4.075020636492213753e-22
-3.890238747450611723e-22
-5.745732912086594697e-22
-4.780923699681300424e-22
-3.179913025738371950e-22
-3.361688898839838532e-22
-2.559386590931169103e-22
-5.368908246860338242e-22
-2.958974823073883156e-22
-5.151578436159194657e-22
-6.601799459154931555e-22
-1.930367570657810271e-22
-3.557068611885405717e-22
-1.321684228702087481e-22
-2.999817041430561533e-22
-3.983865613511421169e-22
-3.249894155233882294e-22
-3.706141962859527888e-22
-3.891181225047778648e-22
-3.507705054498339937e-22
-5.549492365631255273e-22
-1.491375395206767532e-22
-3.191444940241971400e-22
-2.569530281418477532e-22
-8.865214719839766183e-23
-1.371496408272656612e-22
1.341670756052105843e-22
-3.036407677766367531e-22
-1.832869235634016434e-22
-7.263189132503542545e-23
-3.137702841579229781e-22
-8.948484307953360742e-23
1.414572799102579826e-22
-9.898502041494998713e-23
2.650362811693439162e-23
2.061888572958751044e-22
-1.244020085931482602e-22
-8.856541739101220600e-23
2.333605323382738614e-22
8.396572164956859775e-23
1.508205618338757393e-22
2.839895987514324480e-22
2.652083770462917163e-22
4.529986528889777987e-22
1.042999646982512834e-22
2.419626399087243745e-22
3.076613813682163482e-22
4.583536256415134138e-22
1.739980326305717740e-22
3.757156141124494228e-22
5.994667522287230197e-22
2.522735433188375287e-22
3.663879931516669088e-22
1.858386511020562441e-22
3.524546174420487313e-22
2.486094267707876009e-22
4.353659620236553894e-22
3.872747255989686673e-22
4.047802859388507526e-22
1.323130868029094553e-22
2.164029335286135130e-22
2.255296600369555601e-22
3.193453719102108391e-22
3.645749119203617998e-22
3.621238981353213633e-22
3.532027191500396190e-22
3.053148352014899555e-22
7.876444344330892092e-23
2.100911073598247474e-22
3.451999113220138715e-22
1.743171610596890864e-22
2.142519031709919564e-22
2.194587575331707581e-23
6.329982933276537650e-22
1.459824101606464541e-22
3.719167453801367185e-22
9.836770086484420621e-23
3.831686069149058047e-22
3.385179702946976353e-22
2.750463429034946218e-22
-9.272308502541816860e-24
2.251636709354288752e-22
1.432417218469453947e-23
2.330331751052806121e-22
9.057391549620469441e-23
-5.525261164769523416e-23
2.236036995160021679e-22
1.845445034911043157e-22
-2.921259965324891788e-23
3.116139503719687530e-23
1.649693731549504007e-22
1.078474713742736214e-22
-7.479505235574816536e-23
-1.997753411029921084e-25
4.308087328442600153e-23
-2.486320792102179841e-22
-1.287524815251931553e-22
-2.459393405150697513e-22
-8.542146152014662576e-23
-1.368720960392438031e-22
8.079614691110149566e-23
-3.659065558006437123e-22
-1.643070094315475730e-22
-3.732126810479139756e-22
-3.074508969282600186e-22
-4.485181607355097508e-22
-4.285961743889123473e-22
-5.639150927120281895e-22
-4.515670203813030796e-22
-3.624614826728916275e-22
-4.647217844719178480e-22
-1.486395466829668284e-22
-6.658035664672270632e-22
-1.923703245183098113e-22
-5.369494098851636511e-22
-7.107998282632709164e-23
-4.634616399367752763e-22
-4.273269544890797989e-22
-4.233940909293950791e-22
-4.646821498272390846e-22
-3.780730604977435257e-22
-4.664212937545967410e-22
-2.257133100545774243e-22
-3.874658709290644117e-22
-3.446515534855876719e-22
-5.283150410355520976e-22
-2.774305194815700196e-22
-2.602622343223000213e-22
-2.004832187950324659e-22
-2.237259997366663001e-22
-4.471095145400705092e-22
-3.775589903261402725e-22
-4.879266546636217299e-23
-2.108592580436476655e-22
-2.166860725497518766e-22
-7.804943885301972336e-23
4.367301027384429619e-23
4.313185873643952590e-25
-1.204188221524709951e-22
-8.437771255361000708e-23
-1.088252277956505038e-22
-5.169857496082441666e-23
-3.666491706008611572e-24
1.696193834998886824e-22
2.608788002363875610e-22
-5.199285093306852037e-24
9.906417052981573253e-23
-9.646188109441573426e-23
1.988390932441063108e-22
2.203907951679958630e-22
3.741233515059761384e-22
7.810735607649974877e-23
3.663600749966904940e-22
1.702951437181798954e-22
3.313625952440838521e-22
4.683602338733835825e-22
2.786056312002404676e-22
3.908688198521553645e-22
7.485651038528876441e-23
4.876133463333572392e-22
4.805330453976853198e-22
2.798920925870468360e-22
4.002874308167608912e-22
3.229850628058831134e-22
2.730470740378609898e-22
3.959798571362805406e-22
1.986043711210544352e-22
5.041544615640752328e-22
4.369318868024851912e-22
2.504769166438823141e-22
4.199552355168422177e-22
3.580395983975709232e-22
3.383200589232101812e-22
4.303037547461662156e-22
2.288475160359559514e-22
4.590630314216570988e-22
-3.025990947616506658e-23
3.786739960980648638e-22
2.145107042544086038e-22
3.912034431438901367e-22
4.234769336528961933e-22
1.054620995905176939e-22
9.382376529940736849e-23
1.319430998446645935e-22
2.475209736218741082e-22
2.234923547348946264e-22
2.132469708815403449e-22
2.434036243603655212e-22
1.150389968423008409e-22
2.263619424500478421e-22
3.510813529036274254e-22
-1.829859327714463354e-23
-7.077573228286659398e-23
1.762047190763799049e-22
-8.264053685001582178e-23
2.226362255565339772e-22
-2.190075232478248728e-22
-1.063614448158148002e-22
6.123459561444597927e-23
-1.286332047696680176e-22
-1.341602692220150127e-22
-4.224363463515104638e-22
1.591390630620264460e-22
-2.663342021006321942e-22
-7.596696263931019615e-23
-3.576914488051944800e-22
-2.137031349485664363e-22
-2.141933808615962572e-22
-3.478859375395251931e-22
-3.047250284668350299e-22
-2.338074062392511475e-22
-1.121857378403935718e-22
-4.420261458786230739e-22
-1.645432411248922383e-22
-4.296284079328028245e-22
-6.037558253107142611e-22
-2.955962888561722294e-22
-2.969837590589087924e-22
-4.012139942948503202e-22
-4.702509846774394320e-22
-4.704027633898454376e-22
-3.777700058724718731e-22
-2.731589163609894710e-22
-3.279650014906163179e-22
-4.099242208534147841e-22
-4.550323811922659373e-22
-4.413921186383461213e-22
-3.476143121938954940e-22
-3.722850420284842190e-22
-3.119903794216617718e-22
-2.569037321232073474e-22
-4.719374524695828631e-22
-2.384053832136078209e-22
-4.059489428509432320e-22
-1.557269179287055136e-22
4.317804159855759530e-23
-1.417784206158901551e-22
-1.409400502039406612e-22
-3.199198242038500716e-22
-2.420538337206388012e-22
-8.401812790571635553e-23
5.891858608582786174e-23
-1.704529433327539526e-22
-1.850456888023227265e-22
-1.039400299795586719e-22
-3.133250670695931336e-22
1.913643777530149652e-22
2.678714163307228487e-25
-1.390731039586477700e-23
-1.226946576207873038e-22
1.484041203205180766e-22
1.490252141164232186e-22
6.337357755661001505e-23
2.709921630002290915e-22
3.881549316428046514e-23
1.415335238020896036e-22
2.904876776528121486e-22
9.075026272467378015e-23
2.402250435992676901e-22
2.152566054358103074e-22
2.014122594291150993e-22
1.861072517413791155e-22
2.621951392356729392e-22
4.406883290506121830e-22
2.645413260108296464e-22
3.104293697844355213e-22
2.963885213531524421e-22
3.519079478540803235e-22
5.529289436571301265e-22
3.010408927658519654e-22
2.513471427650786598e-22
5.250450569325210464e-22
6.418805015364586162e-22
3.992119782107817547e-22
5.774825754853431936e-22
4.522615336592135900e-22
4.370959883415884916e-22
4.899234131165624160e-22
4.910866543907546801e-22
2.003061121188502988e-22
3.674236818582005715e-22
-4.269831611342974607e-24
4.572950233372248736e-22
2.368772190494215673e-22
3.898198016249214832e-22
4.197501560201209142e-22
6.907499926384807232e-23
8.418716107511340519e-23
1.655264119768401531e-22
1.628960821751417009e-22
8.315444240527377661e-23
3.487883556490216589e-22
-1.681836562826590961e-23
1.662544023032455058e-22
-8.408973187651961822e-23
2.135396228236203455e-22
-7.503719454753705736e-23
2.110470233590068978e-22
4.165892627666056737e-23
-1.413051803957639118e-22
2.218889556264065419e-22
1.197809354843435916e-22
-7.731297875952860906e-23
-1.104539478383283811e-22
-2.112245026897668128e-22
-5.836934275747753314e-23
-1.413655116898854256e-22
-1.119945778932440523e-22
-3.351245519421935548e-22
-5.221540057814530778e-23
-7.851402825559421277e-23
-4.280602353582876892e-22
-5.071787031962678912e-22
-4.050050337447222009e-22
-2.250558354840359159e-22
-3.407037103295787961e-22
-4.984484819351057790e-22
-1.411663762254257935e-22
-3.762889111428779367e-22
-5.027006565364825922e-22
-2.876803436223794282e-22
-2.079303792195860189e-22
-5.814644105810899503e-22
-2.283091177926461927e-22
-4.312416934447777334e-22
-3.398007211185931804e-22
-2.963023591625796578e-22
-3.981113993805313425e-22
-4.042644044811118085e-22
-4.480252582919897149e-22
-3.083545873613981399e-22
-2.379411518477791977e-22
-3.184665247306557403e-22
-3.023435062929629562e-22
-5.242439339226069829e-22
-2.451603561400051577e-22
-2.497844060142879720e-22
-3.152327903117633267e-22
-2.686608502472232645e-22
-3.261525646269109293e-22
-5.839593508507212293e-23
-3.351353546871010571e-22
2.634759516990328611e-23
-1.645410636020494747e-22
-1.321328311464389945e-22
-1.944955016454242814e-22
-9.689979519934333447e-23
-2.790446334381735433e-22
1.344603567481630995e-22
-1.601942486805593058e-22
-4.849642780395613064e-23
-5.476235032188806763e-23
-3.967312105063017241e-23
8.761347696846736731e-23
1.004302738108206934e-22
-5.641772371117023506e-24
-2.891707989136313010e-23
1.401737338096760999e-22
-3.302002302202795526e-23
2.369133915925666074e-22
3.722294051591568620e-22
9.787090902781026103e-23
3.938331714376074493e-22
2.074629304939333811e-22
4.145202059694236358e-22
2.652611937599170796e-22
2.767333678173622592e-22
3.438369854195176219e-22
4.273907664618256129e-22
4.720920869851815207e-22
4.799169196483899416e-22
5.466186986935899450e-22
6.474548674047124418e-22
3.309147510287619596e-22
4.917872416442382128e-22
6.382503960429146568e-22
3.605284245661158787e-22
5.231135327080971424e-22
5.744423871465687136e-22
5.364279847706330922e-23
2.269860836272564324e-22
3.059401678555893781e-22
4.949429298872510680e-22
3.303963101246513897e-22
2.264243203293813654e-22
4.822311389608348375e-22
1.332623895344628812e-22
2.182362732206690660e-22
1.517872751232386696e-22
3.483019725315001853e-22
8.482260021914634532e-23
2.407816178013662068e-22
8.271854445509571533e-23
-6.083019295411133814e-24
1.309284913896776782e-22
-3.269437555992621730e-23
2.013266139447335379e-22
2.563295350295838012e-22
-8.096212653148678176e-23
-2.100633794179357332e-23
-3.304881231717513556e-23
1.937706136716774468e-22
-2.057308550438703088e-22
4.719321360545939773e-23
-2.445154607075606948e-22
2.917763800396676121e-23
-8.136851959667276026e-23
-9.199086548443766753e-23
-2.285357105333236630e-22
-2.701172511072602387e-22
-3.058087387600559296e-22
-1.284108786044099704e-22
1.092900092196840633e-23
-8.538047120119452808e-23
-4.374022178236890289e-22
-2.762541327645888516e-22
-2.902738930753366836e-22
-7.289019999765654390e-23
-1.069810058441760948e-22
-2.482406077379341959e-22
-4.501120062623350531e-22
-9.804298651685141581e-23
-1.457102287276633014e-22
-3.328321844478576344e-22
-4.846741009692146380e-22
-2.525821758143062139e-22
-3.737444461704999783e-22
-5.075725886057150553e-22
-3.930842803495599970e-22
-5.980006235268478667e-22
-3.243170265638802567e-22
-5.609573399597665936e-22
-4.018467990477244605e-22
-4.758425159858275714e-22
-3.931794791430175216e-22
-4.440379657442190175e-23
-5.375573314415449232e-22
-4.528941926774226264e-22
-2.168426460199968480e-22
-5.045372039635423795e-22
-1.678381164183239015e-22
-1.867786477689913532e-23
-5.020520556054559681e-22
-2.975763056912111111e-22
-2.278024994983701158e-22
-1.711927215552869585e-22
-2.403113283074826350e-22
-2.302014355540203445e-22
-2.318170931932573267e-22
-1.370696624746498314e-22
-2.799324587662800944e-24
-2.671763293537891110e-22
8.605587695033708831e-23
-4.291678157949244163e-24
2.129695375159092474e-22
6.780382849977082375e-24
2.681263341432359084e-22
1.879705087926033301e-22
2.956870035840559109e-22
-1.652107315476266165e-22
3.219562420012324976e-22
1.475609641241927195e-22
3.379650238028397930e-22
4.317939746147081641e-22
5.334680537441339828e-22
3.531206863917368955e-22
4.758308307006042091e-22
3.153356951709047345e-22
5.637830551415043219e-22
1.644717797990185005e-22
5.159946855529682521e-22
4.104164589267258149e-22
4.729430324342352621e-22
3.019490958032597895e-22
3.488565536353489370e-22
4.300007089459471309e-22
6.316946668872805595e-22
2.966280143236291835e-22
6.182372357020223084e-22
1.022064326482335231e-22
3.653666593466831547e-22
3.192031167913336188e-22
2.192247429283660679e-22
3.407889415706281641e-22
1.134732653242307637e-22
4.649533226680386060e-22
3.546323244358326933e-22
9.536924097160221861e-23
5.160263086990196964e-22
1.406010162626129269e-22
5.570207914228139351e-22
1.636307133451706583e-22
1.009688573827044556e-22
2.001280078862518663e-22
3.234540673643000713e-22
-4.441501624240579304e-22
4.150147782356709246e-23
1.586268788346561277e-22
3.798798101714422408e-23
2.692049418901781542e-22
9.787903626946771239e-23
1.212843505057264901e-23
-6.480864060221907034e-24
1.622246926039012579e-23
-2.305006496181669018e-22
2.286048003888374233e-22
-2.621908495755096103e-22
-1.261221444118094386e-22
-2.131264338091951480e-22
-1.075950972626496915e-22
9.183924894322134575e-23
-2.536043174179437015e-22
-2.735934360176559999e-22
-4.127414877989524512e-22
-3.622361160361861005e-22
-3.619107199565829798e-22
-5.786618901667643160e-22
-2.590467081588167946e-22
-2.956910343622325500e-22
-5.807574637958808175e-22
-2.923530923058394169e-22
-4.467713702992173174e-22
-4.202791576866625827e-22
-2.921607433175186926e-22
-4.527164092815671960e-22
-1.973608452312715095e-22
-4.697749706381378116e-22
-4.147124901333163663e-22
1.976295944357470024e-23
-3.302860978296708698e-22
-2.475346117854899333e-22
-2.247597925126138039e-22
8.315670299406826658e-23
-4.409650483350090435e-22
-1.758323913939561230e-22
-1.670085123712314767e-22
-3.568676583846187993e-22
-3.066740344392261747e-22
-1.954364575854486478e-22
-4.421055685274794199e-22
-5.207951150358665691e-22
-4.113490333908383523e-22
-2.338530302177179222e-22
-2.969693022045513200e-22
1.932639448209546057e-23
-2.041174666165798728e-22
-9.181494325491615759e-23
-1.883447582497916796e-22
-2.744111782999353869e-22
1.431105542620264550e-23
-1.501427915353769941e-22
1.417711274869070932e-22
-2.473952390652231937e-22
1.094681825432559152e-22
-1.530196151164020494e-22
3.779221247744827867e-23
9.105583682269397864e-23
-1.029546244330218580e-23
8.229871414112776168e-23
2.063677367927767070e-22
1.061413083127361193e-22
2.211931726225100817e-22
5.616057085208597078e-23
2.562584667497703992e-22
3.421676993517418670e-22
4.632590701578041565e-22
7.270525393597026757e-23
5.870924001401452437e-22
4.626820731964948734e-22
6.183403396241677881e-22
1.131764756302926800e-22
4.978851815398201443e-22
3.402148577627770099e-22
4.359224059571705260e-22
5.148649365372597076e-22
2.228934212112165082e-22
3.918439301400843706e-22
6.434410585114582054e-22
3.637627141110461804e-22
4.736215476467912523e-22
3.545689008466063542e-22
6.848865235914307511e-22
3.435435651548955228e-22
5.215443757995868993e-22
3.048517013183397185e-22
4.532105819120123523e-22
4.157036580760241213e-22
1.468213622973680634e-22
4.296218000071381884e-23
2.586270983879112366e-22
3.133177819974834055e-22
2.294859882155135322e-22
5.007430462926811211e-22
2.604183141633664728e-22
1.562947930654544744e-22
8.825270871364061822e-23
2.926774538504535359e-22
-1.545738682643678670e-22
1.480652263146419230e-22
-8.309826548540067183e-23
2.428567314888824032e-22
-2.315979558151468314e-22
-2.110495454100607139e-22
-4.280990888989865636e-23
-2.845678800376922670e-22
4.498432927256905496e-23
-2.313792037543051749e-22
-2.014831888249897195e-22
-4.640966260149754758e-22
-3.228015246294781314e-22
-2.873234607875608973e-22
-1.796930918053873651e-22
-4.021087818707625075e-22
-2.510748828231049833e-22
-4.667628163582254424e-22
-3.894165877561248825e-22
-2.328832570358373584e-22
-3.184397179687075981e-22
-3.621100370838606278e-22
-4.094553402677900861e-22
-4.003746330212025875e-22
-4.933071492172414247e-22
-5.030675825313068428e-22
-2.423865380926973866e-22
-5.070295333039702465e-22
-3.431226963713693916e-22
-4.444234109213485686e-22
-4.855108152383956559e-22
-2.460355503349544193e-22
-3.478100163950866908e-22
-5.296959506051920691e-22
-4.467132702974973180e-22
-5.282230432178353262e-22
-1.612655068440041348e-22
-3.107328409291684745e-22
-8.055306429878927296e-24
-7.682282856895280403e-23
-4.385643685872221197e-22
-2.576169179656191747e-22
-2.249582728367906842e-22
-2.231104920181250835e-22
1.151430230312179071e-23
-2.439397244715746833e-22
2.449509300811663065e-22
-1.898132017269401778e-22
1.282509898555863999e-22
-8.213333520652667754e-23
-1.610197849996064698e-22
5.656449420993094193e-24
1.896020446123082157e-22
5.091563218998436118e-23
1.499125000968173370e-23
3.505179700423928734e-22
7.871774019837743016e-23
2.489174717870210354e-23
8.603690947795239200e-23
2.714085689911265796e-22
2.422282774106858961e-22
1.401220722075623105e-22
9.657012585529200381e-23
1.353458005672692613e-22
2.242108564957416522e-22
1.076103893309649240e-22
4.430803503305343979e-22
4.239753249933617767e-22
5.081971616326328436e-23
6.555086556308030899e-22
3.206481295630636477e-22
2.720616409074696585e-22
3.580190602288767581e-22
4.415529261169171919e-22
3.100604826003588313e-22
2.859519216411616130e-22
2.983117110312644976e-22
2.668932608224655475e-22
4.014180184115689466e-22
5.216941560516595019e-22
5.233960788904160004e-22
3.660614002921705102e-22
3.258987950594573227e-22
4.184973361217245865e-22
3.199578135865710032e-22
1.905937206280692188e-22
1.686469180973042323e-22
3.598866875773338279e-22
3.517192585295990521e-22
3.819955755800485223e-22
1.582376800424435337e-22
1.971169684939235256e-22
3.267119378785013677e-22
3.147215266220853562e-22
5.051957475588958979e-22
6.795631375680871111e-24
1.081411395228880510e-22
8.316368948653661233e-23
-1.296678395736246852e-23
-8.675487582289205654e-23
-3.770356521522697589e-23
-8.022235533487693965e-24
-1.112259414770463197e-22
-9.268744656505977562e-23
1.492534274777198705e-22
1.382751196271900490e-22
-1.811934445198714165e-22
-4.866026915300143439e-22
-1.202493657090842430e-22
-5.342899307378694673e-22
-3.070408921933829287e-22
-4.134500152243062112e-22
-3.234905122755462935e-22
-3.555570477311066504e-22
-3.784377821328896555e-22
-2.856749861188295759e-22
-3.142334935277704320e-22
-2.772220089963991522e-22
-4.497471074891002665e-22
-4.777476420862269324e-22
-3.530223926504343282e-22
-4.712215204881784587e-22
-4.992328108721384118e-22
-3.994849465766115989e-22
-6.059007175268391668e-22
-1.322361873169155079e-22
-4.003897896827492798e-22
-2.043026251741815099e-22
-1.468375037636798814e-22
-5.094787966975949491e-22
-5.124988466813574336e-22
-4.911333205732473201e-22
-1.627852763093256080e-22
-5.176943855719860606e-22
-2.703614886665995559e-22
-2.125473246592069170e-22
-4.244901209464229018e-22
-2.662266040974658096e-23
-2.001304034830320585e-22
-9.517313660165660719e-23
-9.929417640522374219e-23
5.499473932817654519e-23
-3.066423949934812194e-23
-2.110952777158068053e-22
-6.637361370997235330e-23
-9.413410711283677872e-23
-1.131306408045068121e-22
-7.669756944854637058e-23
1.361059493514524821e-23
-1.619918880586302010e-22
2.633632253347064712e-22
-3.713994541518615083e-24
1.142400065581251069e-22
2.632994394715545700e-22
-7.531747009222249507e-23
6.071328691512795828e-23
2.473566178450745121e-22
2.627801912633764584e-22
3.998876126797562129e-22
2.674584304089479267e-22
1.703443787506169085e-22
2.857813947321261351e-22
3.893339217593581453e-22
4.022849433475689963e-22
5.421370895140688360e-22
2.419021989121479678e-22
3.223023235123294559e-22
6.038264630456689634e-22
3.845870740054255618e-22
4.493106588905151911e-22
4.519167027910665407e-22
4.662231902515275550e-22
4.559491249746068165e-22
4.557500342770547908e-22
2.270526928999831683e-22
3.519010492523474355e-22
1.735430356134282887e-22
4.656293046202533095e-22
4.796281198553266444e-22
3.919094277668796442e-22
3.505997291519981736e-22
3.420263590134231125e-22
2.915559115826910489e-22
4.672011642424248974e-22
9.704948454814121288e-23
4.185826717853811955e-22
1.716399028581002508e-22
2.807643389746012788e-22
2.951989130959887547e-22
2.586575087959413544e-22
-7.786217112815497398e-23
5.329074227797168217e-23
8.210967799874659185e-23
6.120166404726122526e-23
-1.023969047048726819e-22
-1.156596292114635138e-22
1.634070696189563710e-22
-1.514662390269551216e-22
-3.027338623191982567e-22
-3.439554839713794311e-22
-3.053645711054788807e-22
-1.358366195525307718e-22
-1.448395912383387666e-22
-1.247718360214339201e-22
-4.733206970331436233e-22
-3.197068864346209208e-22
-2.411576263252274029e-22
-4.588233772586781648e-22
-3.095943901959191914e-22
-2.390791210726945327e-22
-2.592803066918031032e-22
-5.261008881571222190e-22
-5.133521853371635814e-22
-3.759454106308957873e-22
-5.085751019835295110e-22
-3.693844215575967119e-22
-2.449533988492072059e-22
-4.504783942725652253e-22
-4.136033499020963504e-22
-4.912855723203678321e-22
-7.339288425559055254e-22
-4.708738466420324443e-22
-4.004930460113115047e-22
-5.332843913576365930e-22
-2.693039998838493210e-22
-3.571573208993526913e-22
-2.915228991260105827e-22
-2.125395910793732390e-22
-1.973299003052775318e-22
-1.524466462020986062e-22
-3.555295184572270182e-22
-8.853408162019775926e-23
-1.139866427969617101e-22
-4.520531475548693842e-23
-3.394481706798428082e-22
6.881877697686342428e-23
-7.780764134154769083e-23
9.992818948060143300e-23
2.475462183357005518e-23
-1.624363133635920445e-22
-1.029652071621438894e-22
1.247685022521695269e-22
5.317701857574677326e-23
1.706617673067637429e-24
1.871390609716256902e-22
7.689086564665033608e-23
2.283191167377050607e-22
2.351276267422921254e-22
2.574037272838720503e-22
4.212027424708811198e-22
6.559782809144964330e-23
2.130471886032906962e-22
4.716034585365082231e-23
4.472598279112618763e-22
3.032726027669305297e-22
5.737849031321019701e-22
2.418106053512035609e-22
5.046979614003667851e-22
4.362351550547802016e-22
4.368961713355480527e-22
2.316667765563807640e-22
4.834018483151415392e-22
4.559656792475389452e-22
4.029269521180841438e-22
3.209663547142430603e-22
2.993158036149278324e-22
3.856611032585517645e-22
3.423753941631439185e-22
2.161563400227491787e-22
4.174891367683277125e-22
3.059142662304170111e-22
1.840208024848604377e-22
5.965654193780770154e-22
5.026431424141709558e-22
2.884407982541683822e-22
1.850786725906955391e-22
5.066880164674745345e-23
2.703778253671997242e-22
2.652859954593171101e-22
-2.761449899070374317e-23
3.001695177350243108e-22
1.817989018998765003e-22
-7.180837187891568950e-23
-9.191757007755712574e-23
2.923235229904529578e-22
7.772169398444292751e-23
-1.208568260479751699e-22
8.282282113579322639e-23
-1.050070814019868541e-22
7.872165260084115617e-23
7.431465737063052403e-24
-5.272025505287427477e-23
-3.547932134441243281e-22
-3.026772050598607859e-22
-1.238424773337076280e-22
-1.965600518219161080e-22
-4.470234982205598113e-22
-1.506758313442146438e-22
-1.362049038069987358e-22
-4.211376009714802819e-22
-4.776777607615480168e-22
-2.562909431651642995e-22
-2.470774578979167012e-22
-3.965275996734858063e-22
-5.812565324376586888e-22
-1.162256671245855411e-22
-4.337294920367467412e-22
-4.254145628276102153e-22
-3.686841357989008648e-22
-3.465117289671640897e-22
-4.235400868959172899e-22
-4.333153435988532455e-22
-3.616396558155083800e-22
-3.926139743181693105e-22
-3.644289424044562149e-22
-4.773521490863595009e-22
-4.977068705161008532e-22
-4.386664690552799789e-22
-4.301584836174564833e-22
-3.833744242132701371e-22
-2.033152588488249724e-22
-4.139178573333058948e-22
7.710480864399646264e-23
-1.860039230163144244e-22
-5.103002536296693920e-23
-4.381898393606836348e-22
7.387877488467220360e-24
-2.421757444299909506e-22
-1.296642621309712466e-22
-1.154850144751917712e-22
-4.358354876253690316e-23
-3.759308086576868303e-23
-1.948127583972676316e-22
-1.402464510638240738e-22
-1.705698215506257137e-22
2.729689405513190634e-22
9.152833887737897130e-23
2.866570723062697768e-22
1.731729924498415954e-22
2.190497944380502247e-22
2.908749465641025243e-22
4.065102956473078977e-22
2.886217269269580613e-22
3.942770288109009296e-22
3.905415335231544505e-22
5.292347378857262021e-22
3.526100379795069293e-22
3.998492197181162011e-22
2.983795989189485260e-22
5.059255118006100867e-22
6.380791620452455092e-22
2.430069105123702508e-22
5.185046604956396790e-22
5.013050335881818356e-22
5.570469957245449612e-22
4.979178463248457831e-22
3.039650359470678267e-22
4.014681709068371752e-22
6.409867934922144726e-22
5.444843322077232169e-22
4.129173333298197224e-22
3.942375311723355003e-22
3.303355759559437830e-22
2.175749814058035759e-22
2.348616314523309092e-22
3.460443367545495796e-22
1.854525541504195893e-22
7.518715195382348966e-23
-1.155532026664308872e-22
1.637733495813742846e-22
5.577337680935931913e-23
1.874174889734780370e-22
3.453257369056567758e-23
-1.381193388626285157e-22
-5.326082496476966924e-23
2.560172649762925810e-22
-8.245315641586410276e-23
-1.395509459485638297e-22
-1.898564949697106880e-24
6.502055640864090115e-24
5.474387966782861612e-23
-8.402225457582836360e-23
-2.247107631836482500e-22
-3.342143583165339763e-22
-1.098548037911641116e-22
-2.514168069036930587e-22
-2.758568991549173934e-22
-4.937332637422438009e-22
-4.629932691996193128e-22
-3.707360586253340669e-23
-5.746408664297126564e-22
-3.267797520034627398e-22
-4.009062821308905103e-22
-4.729406848535099124e-22
-2.787570697948392320e-22
-7.419466954592751313e-22
-2.686711345957071961e-22
-5.319570183213053624e-22
-3.008463644703851958e-22
-3.945323162943048740e-22
-2.933082843207694380e-22
-3.576105174172764027e-22
-2.689109682226832821e-22
-3.262891016081916632e-22
-5.824887617552183552e-22
-2.499685268554694396e-22
-3.957918801985198904e-22
-2.133861378313508085e-22
-3.687101194151266162e-22
-2.438459722696147028e-22
-6.505097257727307935e-23
-2.794927179711267135e-22
-2.156990066640401584e-22
-7.098464505616479125e-23
-1.449648112324655033e-22
-3.485969582788360090e-22
-7.924172540909084651e-23
-2.620732199838295572e-22
-3.080264189972855161e-22
8.686769625632052084e-23
-2.913183903835067409e-22
1.394792150018696709e-22
-7.935241691510514269e-23
1.333031425301021703e-22
1.076961978840595607e-22
2.275998849785420842e-22
1.755310664705922532e-22
3.660970116608765692e-22
1.256440766140242047e-22
8.540569331425627865e-23
5.343326527616474249e-22
4.657361614752795244e-22
3.230222007283905590e-22
6.165335128353740846e-22
2.222105410708458685e-22
3.390990059276153338e-22
3.415840979148386952e-22
5.467849094293182905e-22
4.648772483337675782e-22
5.716204606496579822e-22
3.184842288247892330e-22
4.558186950551941776e-22
4.127782394720484881e-22
1.853606327751167208e-22
6.695690528294272213e-22
9.012481272383065965e-23
4.438188559833349246e-22
6.354565633268157333e-22
3.140308063290366323e-22
3.688846267336616046e-22
4.017830521536701120e-22
1.759450742318699338e-22
3.181744302050893379e-22
2.080091297241988722e-22
2.609078043861728160e-22
2.046510421797374233e-22
1.030949816954079424e-22
3.263272709351185142e-22
6.005800555566766174e-23
3.682328630860695052e-22
1.856718334169482383e-22
2.010922180063118338e-22
-1.006335631460017325e-22
-2.092139417259071543e-22
2.664769884774892734e-22
-2.015285868166184695e-22
-5.961563273005346035e-23
-1.925728682127495923e-22
-2.515949995190212582e-22
-8.938288958324951522e-24
-2.491137567806221484e-22
-2.776416971253888427e-22
-2.654290001078353866e-22
-4.141564163591156007e-22
-3.529363748194878993e-22
-2.502483660588431147e-22
-3.584189799973308499e-22
-5.927783061990888165e-22
-2.218626390788978647e-22
-3.196580573821806558e-22
-4.602256359578260073e-22
-6.157023283458208345e-22
-3.769501376300921789e-22
-3.921334107736713080e-22
-7.677053344948525157e-23
-3.572789911580328992e-22
-2.642823238241329108e-22
-5.096454483926449713e-22
-4.579413403090809287e-22
-6.200021961625802088e-22
-5.665677120724836673e-22
-2.659364289732046406e-22
-6.128716933871248926e-22
-3.005550460717147408e-22
-1.349883445542927293e-22
-3.392234842870546093e-22
-2.010090472142330788e-22
-4.016529998658904807e-22
-7.528915459047462264e-23
-3.953543310683988303e-22
-1.225215431396571350e-22
-2.800152813149173563e-22
-3.177103381438465999e-23
6.630804353802099833e-23
-1.490276056395146196e-22
-7.771116482091333312e-23
1.105729078977917419e-22
1.928834849999813029e-22
1.235548151823740474e-22
3.511767137042263803e-23
1.542385622661055538e-22
4.071361088489036117e-23
2.329109285262715240e-22
3.404361132873726196e-22
2.723931349099340777e-22
2.985627009709409536e-22
2.200211761794468894e-22
9.730791202405256879e-23
8.577926395446031563e-23
1.630128976364360665e-22
3.621775628342684316e-22
4.817416731062507182e-22
7.819197527820742857e-22
2.274546706241377584e-22
4.268084383614658086e-22
3.330517857475245373e-22
4.815087087059597489e-22
3.593644836591683525e-22
5.590183987690366735e-22
4.235102763838602227e-22
3.519545882930058452e-22
2.588143025372838095e-22
3.007111141377889226e-22
6.025504397053367964e-22
3.909719056579552934e-22
2.645000846296742702e-22
5.361585803019451113e-22
4.643662854592973019e-22
3.528612466909803773e-22
1.483862160893261514e-22
1.901805071723740158e-22
1.941558739936865601e-22
2.925692410823891023e-22
-6.565004184301184546e-24
2.485512977607185373e-22
4.729262723668052943e-23
8.846131343982021662e-23
9.076168334875965567e-23
5.751872179366801726e-23
-6.938623690817744460e-23
1.185633404977444273e-22
4.407517984381100606e-23
-1.928454937589093385e-22
-2.052250798121891110e-22
-2.711070257821502753e-22
-1.722053294267881296e-22
-8.376567661305352064e-23
-4.149846475962591264e-22
-4.103202765738407819e-23
-3.532039600904991700e-22
-3.070154697334490646e-22
-2.266565480513582267e-22
-4.980250864195524670e-22
-3.844391310284180209e-22
-3.084936323892132224e-22
-2.060926376252831949e-22
-3.075233693634327109e-22
-6.192607365182913323e-22
-7.262789996249307554e-22
-4.737008054889193172e-22
-1.949755638014291692e-22
-4.185607279927648272e-22
-4.881321801866791887e-22
-5.843594714044242842e-22
-4.201848889516746983e-22
-6.925067176650768894e-22
-3.153963626929404339e-22
-4.449742508123033833e-22
-4.332265470181162237e-22
-2.463537081278814036e-22
-3.081204660405419053e-22
-2.198213716279968142e-22
-2.531257090254809339e-22
-1.898846536559399814e-22
4.709979221196280777e-23
-2.195152881827776400e-22
-2.955500738157125225e-22
-2.580399531317802876e-22
-1.397614889217655820e-22
3.409654913231587920e-23
-2.846276933378065481e-22
6.744743474722835059e-23
1.557708472036850341e-22
1.249091233460404935e-22
3.277979870520551908e-23
2.859693695045558025e-22
-7.749356065409348695e-24
1.621132814869425107e-22
1.782974481841391629e-22
3.808013691507152510e-22
3.272545297045413286e-22
5.334035712072550205e-22
3.299264778686901231e-22
4.164629928213492065e-22
5.819299826017875284e-22
3.553917859525375544e-22
2.877585452702658811e-22
5.344215536692516694e-22
2.996756477758945446e-22
5.932525348743231734e-22
5.607275040844667748e-22
4.854596804442130269e-22
5.606720212140554421e-22
5.434835464062001551e-22
3.511571047419948277e-22
4.153360078669591215e-22
2.839452006576649441e-22
3.634873496491542049e-22
4.248658997521663027e-22
3.955761839862818543e-22
3.101841366638271752e-22
4.685802654184636601e-22
2.287599834887404195e-22
2.849028717655652924e-22
3.252383010907263844e-22
3.038755485608386984e-22
-1.513943616670549340e-22
3.286821010278130102e-22
-7.409091282884075334e-23
1.452814536217664166e-22
1.061908820962799001e-22
-1.642652916738156942e-23
1.277843120893100878e-22
-1.171686498919811660e-22
5.418810924976901662e-23
-1.248697335907944034e-22
-1.252200639590245082e-23
-3.237298548750426546e-22
-4.174477358911936669e-22
-2.081752320594469995e-22
-2.870579584116726074e-22
-6.361246847349411173e-22
-5.069143383997340611e-22
-3.718534715655012087e-22
-3.994377332540901273e-22
-4.973256690855102802e-22
-4.691134677689797061e-22
-4.742198748232648328e-22
-5.786726772132084499e-22
-4.486663817579746809e-22
-4.546640195584054933e-22
-3.021141235594192244e-22
-3.788352533635081045e-22
-5.395957067730402901e-22
-6.002546567682577789e-22
-4.155272011812546813e-22
-3.825230643893188072e-22
-3.796863123120216195e-22
-3.538945579979499071e-22
-1.918664666093836407e-22
-4.255996458410490425e-22
-1.995260677928515923e-22
-2.530087160061088262e-22
-1.752347045200343425e-22
-1.440008101821760436e-22
-2.324816371524420349e-23
3.275978288052380561e-23
1.098307688610731609e-23
-1.725082644414622179e-22
-8.182244680417856729e-23
-1.865132424964295359e-22
1.236501409598308635e-22
-2.421021379339442735e-22
3.694217343281567392e-23
1.691684160914856541e-22
-1.150239141810190106e-22
1.537966670471256032e-22
7.468712777189768132e-23
3.317506551329330225e-22
1.487478214641780934e-22
-4.305468870099440046e-24
5.721954648647063533e-23
5.233638342047965738e-22
4.502311235049813216e-22
4.662695190208657759e-22
5.347192159117834596e-22
4.725154705463789581e-22
2.480827589950887467e-22
3.815178787224443096e-22
3.380881710074248610e-22
2.481349559175955623e-22
3.854882794621780672e-22
4.029668699544563704e-22
4.918679360606115767e-22
7.484630940473129196e-22
5.065374289384358827e-22
4.090429506248589019e-22
6.171303842006389136e-22
4.136658322746121027e-22
4.953062587359315326e-22
4.301388047161110609e-22
1.452150930940991379e-22
1.961997865915720770e-22
2.926715240609736689e-22
2.199566386698268083e-22
3.381486984097189017e-22
2.213134425436845419e-22
2.908772551757936571e-22
1.625106077299250312e-22
2.443284319308059041e-22
3.655342741483298821e-23
-1.055797396407333456e-22
-1.714410949709609502e-22
-1.169511089939236445e-22
-2.880619163741769838e-22
-4.147787306171072560e-22
-2.885434418592008909e-22
-1.438902089515468693e-22
-2.002244463414575354e-22
-1.389559492072127230e-22
-2.882587337060785474e-22
-1.059023991757127938e-22
-4.231692249144677459e-22
-4.016589294166910627e-22
-5.355221178499888873e-22
-1.909366192282395829e-22
-2.857431398461674733e-22
-5.180091284894655433e-22
-2.417013846168693744e-22
-6.270821354848481266e-22
-4.452684154042912165e-22
-6.450256197982947633e-22
-5.172507873316355120e-22
-1.750016749797150357e-22
-5.443754531492620767e-22
-4.366192477462608828e-22
-3.579482506631081554e-22
-4.372953920845846168e-22
-2.170397487973199388e-22
-2.976825925685526549e-22
-3.307189491024549159e-22
-3.096675685794072597e-22
-2.908236980391925639e-22
-2.054356821943951174e-22
-4.317640197603555721e-23
-1.833784646321146790e-22
-1.038092878625742773e-22
-2.397998705685611333e-22
-3.077410645354410428e-22
7.510588226936057035e-23
3.727461189898826609e-23
-1.181998362468801702e-22
6.111342582439963264e-23
2.687405796829190716e-22
1.682076831803509051e-22
1.979689647603961405e-22
2.293831663550225910e-22
1.116541201003756574e-22
4.676219161239513395e-23
3.525368709932576986e-22
2.897018968033596789e-22
2.263099759471752306e-22
1.308239650825287450e-22
2.190474850399966765e-22
4.214318190043265779e-22
4.578419383168347807e-22
1.692712695883541643e-22
4.712356137605233118e-22
2.779424340751398497e-22
4.376275765631992228e-22
5.290632065184363962e-22
5.661787687116738183e-22
2.042202399319871604e-22
4.546758024916636823e-22
6.621802303045514976e-22
2.876246133863797764e-22
6.286690858407446540e-22
4.529946347847539096e-22
3.519328817888250389e-22
3.138749798534918919e-22
4.040684956033908043e-22
4.227715573202566118e-22
2.933855343228582842e-22
3.082434959940352725e-22
1.746872187093206388e-22
9.807380194892233566e-23
2.448513628893370575e-22
-9.654476147082521377e-23
9.579004356056299570e-23
1.372375308515790654e-22
1.263681550411582640e-22
-2.497669507803258901e-22
-4.733947784310790296e-23
-1.148158504657319183e-22
-1.829701106438719526e-22
-1.492655418765592491e-22
-3.952678340110450751e-23
-4.544832207871868182e-22
-3.157480517460953189e-22
-3.942902109404209414e-22
-4.277610175014284984e-22
-3.249447633588362581e-22
-2.654881105873950205e-22
-4.334427288115378372e-22
-3.741999703447810348e-22
-1.984998877196977595e-22
-6.230676766265318469e-22
-4.131428853935812881e-22
-6.210401663653363438e-22
-3.652005011985386618e-22
-4.551558971788486607e-22
-5.432000276162343400e-22
-4.456962596018330598e-22
-2.852412782537687642e-22
-3.125327064510153827e-22
-4.903037822107903534e-22
-5.588941566390723701e-22
-6.156419047912696662e-22
-2.671805767432994344e-22
-3.797311047331743893e-22
-2.844691975427980371e-22
-2.923943215324189406e-22
-2.047239382186891545e-23
-2.297854318768670059e-22
-3.048145067465880865e-23
-2.797160825501198870e-22
2.796266738026961547e-22
-8.391572906003918351e-23
7.142246795652849699e-24
-9.802419909218365052e-24
1.326959830916991250e-22
1.411354554602016682e-22
5.930900749949281170e-23
1.400407915662252583e-22
3.438197252106097986e-22
3.066059410518309484e-22
1.201149257380291309e-22
3.506862723533288798e-22
6.086301231392741097e-22
4.403726732590316447e-22
4.960858723894804438e-22
3.226542666684250204e-22
6.641740573303032111e-22
4.420215102958325072e-22
2.076494278856810551e-22
5.758009627116273493e-22
3.242002304317961217e-22
4.635551712479632308e-22
2.868712638005844449e-22
3.749449570527701320e-22
5.083069335757573098e-22
3.882049609344218553e-22
3.177225813865838646e-22
3.327076908145853977e-22
2.867470874163276328e-22
4.903962842707113406e-22
3.865132587453427116e-22
2.981195217456345349e-22
3.799873593572955971e-22
1.750941545146416737e-22
2.375511532217407174e-22
-1.200869762845197937e-22
2.546939963193253405e-22
-3.988158179170694183e-23
3.109825122382064165e-22
-5.470773135238981484e-23
-1.504150554072234880e-22
2.081708000839385231e-22
-2.351666132090075469e-22
-2.302628825174953403e-22
-1.987615111250855454e-22
-1.654377333700648479e-22
-2.246764851984295388e-22
-2.034706393911226243e-22
-3.083208537777817927e-22
-3.564730362489109463e-22
-1.785442461703123114e-22
-5.464060511025508588e-22
-4.594754573778637541e-22
-5.768665720302900490e-22
-4.834334045169480668e-22
-5.832077822491190306e-22
-4.188485851646621370e-22
-4.633148693070887963e-22
-3.364424688197439115e-22
-3.212017613453436475e-22
-4.360016290144208111e-22
-4.164999654507035895e-22
-3.047098111263383620e-22
-5.795314685624812066e-22
-5.467419806158040187e-22
-4.448985077759873688e-22
-4.478175084190206432e-22
-2.858824297490638302e-22
-3.363996433523008634e-22
-3.196720984172028617e-22
-1.625317236080810729e-24
-2.953223993154527536e-23
1.152585591407753161e-22
-2.835900858335837188e-22
-1.020396637285663779e-22
-1.621682694603828960e-22
6.946013260302754627e-24
2.682730123556815054e-22
-1.748774933539051682e-22
1.176057197501041037e-22
2.816598936045741094e-22
9.795552604997245244e-23
4.356315148346655792e-22
2.939569039268712872e-22
3.369156707079459060e-22
1.685615139307270550e-22
2.935565006833454523e-22
2.861897399547673670e-22
3.343331641628011059e-22
3.153623355588783677e-22
2.538614779006390258e-22
3.337343948901786323e-22
7.107419918860852227e-22
3.574331839119119820e-22
5.023560749952552292e-22
5.010456732815822714e-22
6.671690684998339267e-22
3.685813095284577607e-22
4.166202303109231974e-22
3.737731006290989496e-22
6.501393384030360147e-22
4.917545632195684103e-22
3.848380474937616951e-22
4.017452535198013273e-22
2.878217535408511781e-22
2.571117635342503982e-22
2.316838272711549093e-22
1.890236270968299524e-22
2.711476909361872667e-22
1.369576225791571506e-22
-1.189553934052483777e-22
-9.500640554090142556e-25
1.962928414227472376e-22
-1.091220432164881362e-22
-1.603490576494199680e-22
1.239149284338520445e-22
-3.026108898829483043e-22
-1.146951240955837031e-22
1.098556788688770311e-24
-2.691793482825781945e-22
2.749665853396236683e-23
-3.905924993939470368e-22
-4.718411207426762140e-22
-5.416697116276987685e-22
-5.536163093470075811e-22
-3.130616824718614046e-22
-7.193091281427851268e-22
-6.729799632634714744e-22
-7.914594003718537796e-22
-5.457167194352480402e-22
-4.351928387285301519e-22
-3.614339452948818211e-22
-4.509949366596164081e-22
-3.634928148028840662e-22
-7.308224190858384366e-22
-4.508980194342115007e-22
-3.983407722345048150e-22
-2.308543155389512643e-22
-5.256695460905927048e-22
-3.487272229534732903e-22
-3.177296144153654354e-22
-1.592681661159614595e-22
-3.182573251356805601e-22
-2.781822305220789844e-22
-3.538786384661936623e-23
-1.543415604507810918e-22
1.817676515161499327e-22
-8.885454250144210575e-23
2.351719461952298910e-22
1.351792461107464875e-23
3.965789254673529269e-22
2.197571517007347080e-22
5.743904033609194562e-23
2.759635606678917193e-22
3.541476845964577533e-22
2.629274226453248282e-22
1.668597919662063463e-22
2.925398324217161704e-22
4.370043484881173266e-22
3.862970633542859051e-22
6.768311770258287901e-22
4.796290302803590411e-22
4.395370879503718908e-22
5.270586074664551494e-22
4.276394112933978179e-22
6.772459519324509506e-22
2.407021491416184306e-22
6.370389786060518866e-22
5.693692019886346329e-22
4.054168621013361649e-22
3.250466371527148528e-22
6.905382522024878922e-22
3.100697665497482571e-22
2.589927589319513035e-22
3.333795910186393605e-22
5.864678130739216071e-22
2.506309302075547936e-22
1.418244264186052552e-22
2.526560527888218896e-22
1.974484702777526508e-22
1.091077352087773893e-22
6.750302093556910210e-23
3.639467404646188103e-23
-3.513504254153668812e-22
-2.448363567958385648e-22
-3.238147907280438040e-22
-1.147586097756045761e-22
-3.982539548549168567e-22
-2.161601977436772837e-22
-3.130604760866455895e-22
-3.276197657932927982e-22
-5.800943118407531109e-22
-3.799749123035849824e-22
-4.683243298526103679e-22
-2.952869492792366286e-22
-5.765684770410851342e-22
-4.513600562913945041e-22
-5.911700447178190814e-22
-5.495174454854526552e-22
-4.955419244746537277e-22
-4.313531876469147689e-22
-2.623784630173669282e-22
-5.905489985389542539e-22
-4.597306091301561457e-22
-2.318854292404223764e-22
-6.819354379055427211e-22
-1.023229898152496770e-22
-4.638254179500863711e-22
-6.090249740195143354e-22
-3.763194529885914253e-22
-4.325445695362939047e-22
-1.997462979699962685e-22
-1.235178430893186730e-22
-1.662410436595726406e-22
-1.904282291636501177e-22
1.091894505450164267e-22
4.378573070386908749e-23
6.100951929498170659e-24
6.222249871681900448e-22
1.222424603510821727e-22
8.854387131607841001e-23
2.075899466788417989e-22
3.433469726754738462e-22
2.982422071975696089e-22
4.731339168474373944e-22
4.395591603173931331e-22
5.110106187407866618e-22
5.246927029277164141e-22
5.377787334358366121e-22
6.585309397249733012e-22
4.303875201140315879e-22
5.289819526643573805e-22
6.204577945331886638e-22
2.824233764109125116e-22
5.990646474672182926e-22
3.443225034933735552e-22
8.604720684390709551e-22
3.882112504794782327e-22
5.455092403180026978e-22
4.002493211794476272e-22
4.385826707649741835e-22
1.323663668358408485e-22
4.120989749084729335e-22
2.981547947734562226e-22
1.241678250048207847e-22
1.902478991039241103e-22
-6.691163983544803853e-23
8.844160669421161432e-23
-1.704288119084549678e-22
-2.742150740479373270e-23
-1.581775315331656626e-22
-9.301240519470746385e-23
-2.263130423698536482e-22
-2.204334376677265745e-22
-3.413192029881095680e-22
-4.861750981493460409e-22
-3.338346372183969890e-22
-4.062992809137839500e-22
-2.401135482027959505e-22
-5.211600614404485180e-22
-6.707370319800917465e-22
-1.524543194966035509e-22
-4.041541582309148824e-22
-6.468817738435618999e-22
-4.692459545646401895e-22
-4.076353521276704805e-22
-5.460946294992544016e-22
-7.353855515916243984e-22
-4.101883757284359881e-22
-5.523723841423820395e-22
-5.174033095308291560e-22
-3.381913095932334001e-22
-5.753139207380080396e-22
-4.251460756725305781e-22
-3.577423912886029711e-22
-2.834695084066136136e-22
-1.694656300675793909e-22
-1.817347232225983266e-22
2.854501802992442975e-22
-8.587871065704604911e-23
-2.430057874041769168e-22
-7.223753057053124990e-23
1.125483539914955329e-22
2.014099526968553511e-22
-3.668674404221949695e-23
1.593524876667821596e-22
3.168742696121541633e-22
4.703365986982228268e-22
2.082098160179216221e-22
3.438668901820428347e-22
7.647485580431524977e-22
5.759333496083171173e-22
5.584383148819497874e-22
4.520913713366238059e-22
6.642700956687451937e-22
4.090376873124826126e-22
7.487408325098569233e-22
5.365070110721106059e-22
3.621718518937137848e-22
4.301879103997050226e-22
5.595556263704497377e-22
4.774570225220481490e-22
4.919892804540125597e-22
2.682086619870941151e-22
5.437968916117004729e-22
4.425551565928514265e-22
4.577563512282261058e-22
1.694824846573914000e-22
1.594076947423746858e-22
9.959883653035632332e-24
3.481490504647451182e-23
1.087370577493113267e-22
1.604294700095293754e-22
-1.629733883773029664e-22
9.378921056430554069e-23
-1.412486326214423151e-22
-1.811681656456971617e-22
-1.558133916678227355e-22
-4.119891744887747568e-22
-3.746591102050715573e-22
-3.281454678228667338e-22
-6.513864987179192669e-22
-7.598164470098275054e-22
-4.748820734638242198e-22
-6.919356365872306472e-22
-4.485624017085200089e-22
-8.326025456029622263e-22
-5.057055485952415093e-22
-7.569950053305755343e-22
-1.888740007380746023e-22
-7.112615123208507952e-22
-3.991143727858790743e-22
-6.541888742341600838e-22
-4.857179693621365958e-22
-5.094023598435216165e-22
-3.024560172425985666e-22
-3.200226975530064013e-22
-3.373786112457950999e-22
-1.665886180953106633e-22
-1.246339778983295299e-22
-3.730971733543670683e-23
9.011298197230904655e-23
-9.992147806359400806e-24
1.043477662555107557e-22
6.901569461288367863e-23
1.006127018761916712e-22
2.154163688385405792e-22
1.296618734693255115e-22
1.391572783866859262e-22
3.232024491894465817e-22
4.737439926506766775e-22
3.636844780401032935e-22
3.438195855536660491e-22
6.593222643092375318e-22
4.589549262137888493e-22
7.768280660853396865e-22
6.443718514373541920e-22
5.205854977792582751e-22
7.396110508000860653e-22
8.001509389004597194e-22
5.983210401718492007e-22
6.228331312966682883e-22
5.821498858150343608e-22
5.302922311067634680e-22
3.492255928698932318e-22
6.847924358777927691e-22
3.895670273114801737e-22
2.986111819890451475e-22
-7.236310179748851346e-23
2.113750172525549925e-22
1.137110235689351727e-23
1.714944500969120587e-22
-1.711283376128325489e-22
-1.095100692038010255e-22
-3.292799647024948900e-22
-2.791780310822309171e-22
-2.857209366507326789e-22
-3.770661564591969049e-22
-4.183021371171055293e-22
-5.700554012651789975e-22
-4.123721222775754514e-22
-5.782130376546461345e-22
-6.939993241268252402e-22
-5.965519588899778239e-22
-6.881813664104233654e-22
-3.676896225354385246e-22
-6.125458413784078075e-22
-4.502279220756010767e-22
-6.552200572693735861e-22
-5.287923498757300219e-22
-5.760946900999298720e-22
-6.501379175678709873e-22
-3.477325234345846066e-22
-4.521054139711026658e-22
-4.722294199793438240e-22
-3.832406889672791236e-22
-1.504765790982757727e-22
-7.557149366121581730e-23
4.555591175818646043e-23
-3.724543870290781659e-24
8.388950338938248022e-24
-7.115892825128457569e-23
3.944836412399437753e-22
3.885824301096051680e-22
2.232758946276867978e-22
5.276693922430949616e-22
2.146822025010498437e-22
6.087762847575936031e-22
4.681688493951360007e-22
5.712487065070474030e-22
6.039913006419797952e-22
2.412947482496995725e-22
5.940388023553462248e-22
7.887837099652280840e-22
3.829274328722528935e-22
5.840619737791276063e-22
5.639605443590956659e-22
4.168259135138521509e-22
6.534612983001944333e-22
2.912838310969552744e-22
4.056079921819132494e-22
5.195528400520004313e-22
1.819007592762268799e-22
2.123664691989222567e-22
1.024815673576854783e-23
1.926813398398111965e-22
1.209628753666895434e-24
3.071432480869689528e-24
-1.156139613206937209e-22
-1.351371884550310118e-22
-6.939122142557079541e-23
-2.871546448397375097e-22
-2.746089106486575557e-22
-3.167639799144479061e-22
-6.558450540741667925e-22
-6.137647976220584476e-22
-3.204037863397407473e-22
-7.192044923176142014e-22
-4.096757601115755113e-22
-2.732906617973410642e-22
-4.671433013400294679e-22
-4.419060504352363205e-22
-5.680848191234721800e-22
-6.817479018100726584e-22
-4.659335840726654904e-22
-6.144104068184004575e-22
-4.147795290149261331e-22
-5.414707546227233274e-22
-2.954195719791114457e-22
-1.369741886044277511e-22
-4.561598550852272256e-22
1.158972017124254071e-22
-1.827951724862233699e-22
-1.311700590881819816e-23
-2.705939496739254004e-23
1.799092645714867703e-22
3.858847108409205528e-22
1.506118375641821585e-22
4.242752324215690782e-22
4.153952644242940625e-22
3.609346120477739742e-22
5.883530147636114374e-22
5.683495180641767494e-22
7.193774778620667134e-22
3.676954566559633923e-22
7.122668938094251914e-22
5.019891353343323616e-22
5.228430423658713244e-22
4.792318462310188119e-22
7.696280247374270034e-22
5.667112716097350760e-22
2.299978950135556891e-22
4.561286819337184946e-22
5.142109735228361970e-22
1.878797822488254652e-22
1.396503373238670878e-22
-1.572429223942228751e-23
-4.543111901931141814e-23
-1.942179526339404174e-22
-1.388672516343871861e-22
-2.572765470996902262e-22
-1.972329044135831830e-22
-1.981652013679511443e-22
-3.710576973086715824e-22
-5.733900154501690288e-22
-6.213850276278037265e-22
-6.672310601720783047e-22
-5.097979473048178046e-22
-6.913125843021295639e-22
-5.332684326267295233e-22
-6.198536931557008754e-22
-1.823996548105298826e-22
-6.490660536335692749e-22
-4.527725201281597384e-22
-6.240762736915488692e-22
-6.233691042764004496e-22
-3.764641338431634716e-22
-3.547523719060393735e-22
1.524634410602883632e-22
-1.625335678840842012e-22
-2.650837031890676277e-22
2.442616187332507267e-22
-2.076070201992683389e-22
7.924512431748091517e-23
4.120376067408648956e-22
4.055995919018414932e-22
5.652243489268712226e-22
6.280064331548120022e-22
2.755935161356906832e-22
5.429926999947575103e-22
8.938497172276118206e-22
6.889345233059701562e-22
6.596688516353179858e-22
7.863242244622771694e-22
5.566622550089363790e-22
6.053886950607298216e-22
4.682075614345449091e-22
3.968992685276822763e-22
5.653905086876439247e-22
6.063529994958094312e-22
2.713028908103735843e-22
2.844953091576494302e-22
-8.265331396863060495e-23
-2.411435137715087327e-22
1.393122132875967377e-22
-9.238940737744895405e-23
-3.783003962033284510e-22
-5.088907283096667625e-22
-5.523547828746433101e-22
-2.775365055289612423e-22
-9.460009479246854790e-22
-6.533802200565542326e-22
-8.786932043744087006e-22
-6.327143810494958123e-22
-8.919990567405112708e-22
-9.118876963224007503e-22
-6.516675889057757286e-22
-3.711925577840213330e-22
-6.842862597232146417e-22
-6.051198617584934633e-22
-4.761870713909184061e-22
-2.556562963056544261e-22
-2.211704212557499970e-22
-9.825372223739660965e-23
-2.134959938177124568e-23
2.285646715279386843e-22
2.664834748777036484e-22
3.110494635999826830e-22
3.458845612300823477e-22
6.322211840811975845e-22
6.759970031942928438e-22
7.670697636138482901e-22
5.574529701767530974e-22
7.629895917875103575e-22
8.173026528717940520e-22
7.659967596390752060e-22
9.029285744563749801e-22
6.985280603516295094e-22
7.836258213726064199e-22
3.998495690088551938e-22
4.799651148357964827e-22
2.291601173621294076e-22
2.521882438437423178e-22
8.005294109755433942e-23
3.457984207836964837e-23
-3.249373343617751811e-22
-1.978802473754731241e-22
-4.985871050842837667e-22
-5.542342907263239727e-22
-9.803844964464075233e-22
-6.723601222387413814e-22
-6.617246535584686816e-22
-8.801954665323674266e-22
-8.146969300862512664e-22
-5.025439415006730343e-22
-6.860352245322057695e-22
-6.913835893653309427e-22
-4.109220011791927755e-22
-5.406970073153951941e-22
-3.236529357049140381e-22
-2.921897903643355513e-23
2.520900835244569383e-22
8.572394234219129726e-23
5.116600035240540632e-22
4.838274990864788521e-22
8.832076437905030366e-22
7.129021220998173707e-22
6.608537010846075284e-22
6.541890470784224892e-22
9.104836883612358774e-22
6.681140665136419387e-22
5.335599328111899378e-22
4.822426660165670652e-22
3.859908171726438329e-22
2.407926602160018409e-23
4.869717729565207139e-23
-3.241728529705020297e-22
-4.630563602086612597e-22
-5.681402744269313110e-22
-5.782851281923366155e-22
-7.146280587967019295e-22
-9.150177356787323045e-22
-8.610009986323509908e-22
-8.914776187805926903e-22
-4.938313716663563558e-22
-4.483742474999773731e-22
-5.141077940805826596e-22
-1.654471218377307916e-22
2.011738643453662905e-22
4.974516179189097308e-22
6.976342883370841686e-22
5.557977877287314012e-22
9.499350191779834017e-22
9.655475580310125019e-22
9.574917707163988154e-22
6.332397441522376479e-22
5.080032324252032845e-22
2.420923657032203094e-22
-8.516197821203957022e-23
-3.919053101612861768e-22
-4.303613103572936721e-22
-8.157179509997418896e-22
-6.658578873983828486e-22
-8.565586045389954379e-22
-5.115781156796356006e-22
-2.652575720538010458e-22
-1.659510265230029952e-22
2.868419726846575012e-22
1.615945759026276065e-22
5.602786158299094477e-22
4.502390683453604652e-22
7.853498990637662566e-22
3.817152958681301456e-22
3.906125140365814652e-22
9.186587477465912071e-23
-1.454717386120743047e-22
-2.405874188099410599e-22
-4.779724126053242405e-22
-2.569672452563295625e-22
-4.435469379046835137e-22
-3.279033946393779088e-22
-1.773492397727402413e-22
-2.072569784329206784e-22
1.317617810717772187e-23
6.815013382099064303e-23
1.771375709671958187e-22
2.149384777060850476e-22
2.396226930785904939e-22
1.237293976315081066e-22
-1.355460117377084895e-22
3.370904481219488660e-22
-1.110398767409372795e-23
1.259740992863682350e-22
-1.836283573075717910e-22
2.191599011416454104e-22
-3.729860681021957146e-22
2.776857656872760125e-23
-1.857330279224097397e-23
-1.205692447868879840e-22
1.304893080999008015e-22
-1.012212751128163792e-23
1.869572545180759008e-22
-1.217834472598262209e-22
9.685546020663615963e-24
-5.932275659799459514e-24
-1.183947752928124685e-22
-3.002424600837837425e-23
-9.770244398779285953e-23
-2.758193701834482867e-22
2.296017182808613901e-23
-1.765815950054272199e-23
2.862405644302956751e-24
-9.912103923938528870e-23
3.015032377085018021e-23
8.495617374253399276e-25
-8.512550848184855109e-23
2.434689024412675298e-22
8.945825373696967083e-23
1.026067039395666472e-22
5.260134964668112682e-23
-1.520666507356538256e-22
-2.479757588308067239e-23
1.056465744316555683e-22
6.479792547491335498e-23
-2.085011592972032607e-22
1.081029860179853403e-22
4.349280362560424967e-23
1.741052375571328314e-23
3.843726630418850159e-22
-1.263707593305533883e-22
4.899557609155199490e-23
-1.508161791334161692e-22
9.034082953245050395e-23
-2.825420986324288630e-22
-5.464508929763734929e-23
1.300005798055795633e-22
-8.060499236796623831e-23
-1.574028781846283837e-22
-1.415913525874473240e-22
2.453140759680719036e-22
2.253058157273599545e-22
1.695054628732998744e-23
1.051789961731392243e-22
2.104707215400224445e-22
-1.742304883497163229e-22
4.065675625361449311e-22
-1.345590164610119648e-22
-3.222416028112674914e-23
-7.354171720911522037e-23
1.088836618018647719e-22
8.902480701384096706e-23
1.384864733062194591e-22
-2.518743054975596829e-22
1.563394987533047958e-22
1.074197235809518640e-22
-2.620371313167903121e-22
3.347240466517537697e-23
-1.063531163736934767e-22
-8.271084266885395889e-23
-1.109878605628262331e-22
1.513114000691938521e-22
-2.401586459083632258e-22
-2.758372886482898359e-22
-1.317176278460275023e-22
-2.044344176871898484e-22
2.759315265123401780e-24
-1.126599826185049175e-22
-1.859639159071880587e-22
-1.693494822302729847e-24
8.616567593082968867e-23
-9.356056819115160992e-23
2.184338276851095315e-22
2.557089456796375175e-22
-8.769360103315768590e-23
1.591085313556078942e-22
-9.157223198667860849e-23
-1.540108082324633270e-22
-1.026537878932242122e-22
2.395326185057962315e-22
-2.124452267848507768e-22
1.301307351998965021e-22
4.266259184030557794e-23
2.765229113237847621e-22
1.983628796591572847e-22
-4.498045905960688291e-24
2.878056355182875161e-22
-3.074257941918152805e-24
-4.792955521439853003e-24
-1.500633550289036029e-22
-1.287198959696559086e-22
1.198152976253504359e-22
5.591173814960861586e-23
1.465516057274598749e-22
-2.071741435540355522e-22
2.622583053445375869e-22
-1.350807115567495527e-22
1.935829207239826305e-22
-1.221178400162397603e-22
1.154820040248798689e-22
5.592066721218916957e-23
-1.118786831190209471e-23
-3.911071065801984644e-23
-3.057229158250353991e-23
-2.897636036210151428e-22
4.503663398999205411e-24
-2.638899733440142867e-23
7.426471616603662149e-23
-4.772395793191282651e-23
1.110004256932235816e-22
-1.452653379885654928e-22
1.522018741154861369e-23
-3.341373860885486293e-22
-1.255367713177420387e-22
-1.335126359766747777e-22
1.579439154182719337e-23
-6.031603987853999732e-23
1.334170018784758987e-22
1.640772027126712556e-24
7.044663507143997036e-23
8.236181673201974577e-23
-8.262009028958127380e-24
-9.145765378391294262e-23
1.124729137132789998e-22
-1.055299456952800368e-22
3.194359722144966353e-22
-2.987456112853024414e-23
-1.044145477203324572e-22
4.363902609343791374e-23
-1.460818208748918372e-22
-1.268842953752541029e-22
-7.115883752296276649e-24
1.073261390291413174e-23
4.716319956863452471e-23
1.119367904366377428e-22
1.188851788592546287e-22
2.782452741744669330e-23
-3.120440203460537810e-23
1.318281915982127260e-22
-3.232299973411431579e-23
-2.063846539609595694e-23
2.650173833567167397e-22
4.783816831923189571e-23
4.692721949873740616e-23
2.118848470935463711e-22
7.042162429372607433e-24
-9.769362930002804536e-23
5.188989372893531897e-23
-2.709931552979757404e-22
1.168972717201105102e-22
-2.134205284357973063e-22
1.514170468197053313e-22
-1.880163767672662734e-22
-1.911367057255056464e-22
-9.018095722378645922e-24
5.341243274692921424e-23
1.104292570697201208e-23
3.417774754204990950e-24
-4.183779259389878456e-23
-1.341321286402321405e-22
3.182452745671066770e-23
6.432931857271296920e-23
-1.096133073191346306e-22
1.266351642898635258e-22
-1.762379425286144272e-22
-1.502225685654042811e-22
1.064120520922345657e-23
-7.211930010619148738e-23
-8.720019915141283160e-23
-1.661804122832556844e-22
6.605631756156939500e-23
1.423149526257316496e-22
6.675769563999665605e-23
1.006017401743133407e-22
3.053973960507374377e-24
-4.332559083504686501e-23
7.118251430154446691e-23
-7.442794832671034040e-23
1.392517610562921299e-22
2.392660433101764248e-22
-4.262401814039187745e-23
1.851869180988125497e-22
-6.197025973112530969e-24
8.182514617154701344e-23
4.962290506490435669e-23
1.965049165829317175e-22
-4.287451854544811402e-23
-4.082745891606016022e-23
1.706882500349956579e-23
9.935809324138181841e-23
-3.305255977887617128e-23
1.482864740523374709e-23
-1.568381950133383570e-22
-8.844134052096911702e-23
1.641635159539444599e-22
-1.721859027871107351e-22
1.476277387724351167e-23
-4.023067471477461234e-23
1.447087385199589352e-22
-1.998503157639529204e-22
3.854079094902703011e-25
-1.355532595066203268e-22
1.655783366821718556e-22
-2.042018888916689918e-22
-4.112436279504765321e-23
7.003158733677993048e-23
-1.907479095271796755e-22
8.467158472520742043e-23
-2.315761771797838716e-22
9.272860094576848195e-23
1.176068949171984272e-22
-6.313181506930030936e-24
-1.641251702396032415e-23
-2.893930267789041486e-22
2.265872283589598471e-22
-1.376264939494509220e-22
-1.123226585390480077e-22
7.477475173487482755e-23
1.829605891624163802e-22
1.545379234665870232e-22
-7.043483822936173045e-23
1.805528334061902903e-23
1.014260758241654802e-22
-3.439750240949493393e-23
-7.576348129361216429e-23
-9.333584183084965748e-23
-6.277016492992138405e-23
1.697861290464203461e-22
-2.802771052189718035e-22
2.266888447999541286e-22
-3.177529043296902212e-22
7.574027954948033754e-24
-2.569443103309497432e-23
-8.182471198412882633e-23
1.671712161321176105e-22
1.158331342185126671e-22
2.623433449939723617e-22
4.482688615560714169e-23
-5.672336382847838925e-23
1.548490719501418231e-22
-2.074693786205593188e-22
1.303085658494181905e-22
6.952441421729150901e-24
1.018266558611760094e-22
4.351367657599107429e-24
5.422548993518448916e-23
3.182733104520452479e-23
-5.111752184886560349e-23
-1.720156875521760567e-23
5.447386990981466829e-23
1.351721422692136301e-22
1.149682278408155447e-22
-1.340892942516575172e-22
-1.947657330418516517e-22
5.023435624528142356e-23
1.043827156605248896e-23
-5.661992900558560704e-23
1.916720695231396234e-22
-2.893209479710391185e-23
-8.372726133972823791e-24
2.185368941195809850e-22
1.454270973118947117e-23
-1.813823069003872419e-23
-8.690495945864011116e-23
-8.450876064654613287e-23
-2.031534831733057109e-22
-2.600659146376285516e-23
2.279380432964307902e-23
-2.064209277682823210e-23
-2.327857768495968209e-22
3.408944386132120625e-23
8.672505426003510798e-23
-2.574835750152686785e-22
-7.646460851416779242e-24
-9.579788451780503792e-23
-1.329550724795966884e-22
7.747680137923468413e-23
-1.516764281374994416e-23
2.317518002929070769e-23
-1.332591501176781727e-22
-7.193352795332546646e-23
-2.276429418959236779e-22
1.351474364581667671e-22
1.345377580742870108e-22
-3.063841134608935490e-23
1.129218530030442136e-22
1.614776798032257237e-23
1.536300371248973556e-23
-1.233541908683215309e-22
9.681060037321142420e-23
7.607751919753027216e-23
-1.993885041630660619e-22
2.014978754246150276e-22
1.104593213962305713e-22
1.995115100404995083e-22
-1.043649105740261593e-22
4.195528488133337008e-23
4.595111375325977928e-23
1.609877435607712296e-22
-1.035837710254215791e-22
2.599625840528199727e-22
6.574936038502185880e-23
2.053890778787206922e-22
2.478255083155803529e-23
4.537649719180017221e-24
1.867609566210994653e-23
-6.841696226617584966e-23
2.205172999278557521e-22
-6.812747033624894964e-23
-1.608923038860075426e-22
2.209939764575825798e-22
-1.710882338943221077e-22
4.835744057893331145e-23
-8.196021254979791633e-23
3.910889534959999076e-23
-1.156169728069245490e-22
1.242962524912288644e-22
-1.739017179709090981e-22
1.619139756584294352e-22
-2.490050680352212411e-22
-1.649915049453629135e-22
-1.242764244780964189e-22
-2.604846879361022420e-22
1.295477975077057341e-23
1.213462332174473080e-22
-2.907145459331081316e-22
1.060372315762037075e-22
4.807213092142225676e-23
2.893446266907084456e-22
-3.027396835887188729e-22
1.497799643956054006e-22
-1.142232423871630852e-22
-5.153734779752956728e-23
-2.514435937916036269e-23
7.163999566882622553e-23
-2.675199592842840988e-22
-1.750962856182708444e-23
3.664458588879833808e-23
-4.762168413473422065e-23
-3.800453225602388829e-23
2.605455677861808600e-22
4.515172296684511012e-23
-1.102252310123005819e-22
2.607324476555375787e-23
-6.223282127313591442e-23
2.358376288175805869e-22
1.008269400653437702e-23
6.385775877489518147e-24
6.920978796273244502e-23
-4.350164462925511173e-23
1.025774245407840624e-22
1.995536069430127562e-23
-1.468445598696560041e-22
-1.112266498002999428e-22
1.061752261086009447e-22
6.109419072538118201e-24
1.401368858436585094e-22
2.386950846892169178e-22
-3.497555800712431084e-23
2.745874296863247813e-22
2.498898221527617895e-22
1.252652682425196148e-22
6.569671565826063296e-23
-3.590520533220137352e-22
5.162291467961346629e-23
-1.039419982449659817e-22
-1.318754848314144896e-22
-3.213663627142206826e-23
-3.337035549663700200e-23
-1.493695456932478250e-23
6.233633216563525962e-23
-2.582668441011157699e-22
9.373421255984298143e-23
-2.268000086887518482e-22
-1.780656340068608452e-22
-1.642345477905204994e-23
-2.239731908310921224e-23
6.617784463935481583e-23
6.739916303967431081e-23
7.441452949527416166e-23
7.042312178064358009e-23
-2.627016546539782488e-22
6.112963730725924759e-23
1.599291369997333165e-22
1.418722097189703247e-22
-3.033626557733142772e-22
1.239881108759758996e-22
-2.888210198854019186e-23
-1.636679834499586464e-22
1.581914945934679907e-22
1.854097216871313155e-23
-1.181512702387948447e-22
-1.892207872631167344e-22
9.769975577211839722e-23
1.443676599645194340e-23
5.638989174902017620e-23
2.008530343563932877e-22
2.232016455708157486e-22
8.689513270419405161e-24
5.951096899963905755e-23
-1.715136101991580115e-24
6.463750918738262096e-23
-1.296564431342596768e-22
-6.034241294934737505e-23
2.628613071513639696e-23
-5.076618326695833891e-23
-7.586512601646045748e-23
3.905015951802847196e-23
3.172852310783880785e-23
3.365199823327268288e-23
-2.401664235016464855e-22
-3.952251643037680785e-23
4.283282596092401707e-24
2.834941685633082615e-23
7.850325791745197363e-23
-2.379342295388909816e-22
-6.906752302131211076e-23
2.988216328499526202e-22
-1.640479183399606495e-22
1.536211381435636106e-22
-9.418610311877150553e-23
-1.468839995485360506e-22
9.708655748840260187e-23
-1.113997442758336372e-22
-1.042674094950529059e-22
1.388139259868382492e-22
2.395942933245725453e-22
1.122704373367199285e-23
1.114174411870334795e-22
-1.663461661503028263e-23
-3.801614824639688454e-23
2.127372460002865959e-22
1.889959049574266381e-22
-5.669929146230441351e-23
-2.328303340641604623e-22
-1.175136932682804724e-22
6.289557783407976889e-23
1.248163720709643887e-23
1.552998933028991425e-22
-4.974579517709567655e-23
-3.573398046320201893e-23
-1.373033961589916220e-22
-3.747926368401102069e-23
1.162119318157342602e-22
-1.779038281228786621e-22
1.216873523642953061e-22
-5.492388716738092665e-23
-9.447640640407178623e-23
2.556617404722751151e-22
-1.405096609664727932e-22
-2.917663732433055098e-22
9.445809541345609061e-24
1.200817292287799033e-22
2.438081001940538489e-23
-1.614761352533074139e-22
1.573372260360447147e-22
1.224510890121055119e-22
3.302464917086990495e-22
7.153453663980680604e-23
-1.190981073112967013e-22
5.339527026484698254e-23
-5.955318362893094077e-23
-9.640124289373040122e-24
1.567906129962501606e-23
-2.208483875102065129e-22
2.812766446876682380e-23
-3.988868085280132191e-23
-1.884791764173756946e-22
4.191534747150334644e-23
8.654883316485663136e-23
-1.753703928114357002e-22
9.250249071127678223e-23
4.647880589122428965e-23
1.386540301513047271e-23
-4.305512092823833219e-22
2.168316374145624138e-22
-2.662422594359526896e-22
1.198942377956348195e-22
-1.205930972627418792e-22
2.144792754453644819e-22
-1.037933673438956627e-22
8.134842619274281576e-23
1.021744701806911394e-22
8.569785125991512748e-23
-6.131392853294465711e-23
-1.445046013575813989e-22
1.151184142684917162e-22
2.010337088431459333e-22
-6.818473570386064105e-24
4.201629196859125704e-23
1.138031447177006485e-22
2.089754889129763320e-23
7.577413407808544916e-23
-1.433859992150462895e-22
1.184665750240282461e-22
-1.885842073216891582e-22
3.471809149077525742e-22
-1.884481520365684316e-22
4.004624216621646292e-23
1.887242519530773963e-23
1.008324578521694280e-22
-2.013023256429060139e-22
-6.506662558937521260e-24
-7.187771245163053186e-23
4.342944145721508506e-23
1.502437533364384702e-22
-3.620561353592586076e-23
-2.761835645379181254e-22
6.879987727664685021e-23
1.731284105591757511e-23
3.063828311728650265e-24
1.070966670211764310e-22
1.095801079653141936e-22
4.042813790610002046e-23
4.491627723292387905e-23
-1.424270628602729757e-22
-4.540372994654238036e-23
2.698823332400786784e-23
-7.291787879554058568e-23
1.873820118610798008e-23
-9.363146076458612137e-23
-2.671309405109346927e-22
3.509657974512238397e-23
7.309654760856500498e-23
-1.573614725065336571e-22
2.347981569401117486e-24
1.286425807363723672e-22
-8.980388143149477050e-23
-2.021184248506948502e-22
1.159982364940268763e-22
-2.837009975389845245e-22
8.554536979165913813e-23
4.772722773440010766e-23
2.381254368806620736e-22
7.124042091237281519e-23
8.143642523465870011e-23
1.433703268998874642e-22
1.193778019928778985e-22
2.234093204934115089e-22
-1.527987928128290801e-22
2.282883031597581664e-22
-1.352134205212028656e-22
-8.302987014137944183e-23
2.827743919493056715e-23
4.256758881764552607e-23
3.522159686185705757e-23
-6.634716765036115145e-23
-5.393631761392242856e-23
-9.747827593926193147e-23
-1.750722292701854382e-22
-5.202398541184306568e-23
3.196710434303111683e-24
-9.033298002563620407e-23
-1.426080562027947926e-22
-1.068183970690297761e-22
1.534060941060142605e-22
-1.138903473432362302e-23
-4.071411131277926076e-23
4.631217163380074716e-23
6.741446772833409673e-23
-4.514481011411889601e-24
-4.595111507889671452e-25
4.955552016886280084e-23
1.088514514671528749e-22
-1.474943406078684330e-22
2.790564728535691464e-23
1.766408451959949151e-22
-5.800375846843560445e-23
1.896987920189002035e-22
2.068354906754952827e-22
7.614580045540962158e-23
1.026644410078474576e-23
4.908857210792046694e-23
-2.104980018388521656e-22
3.107853578606841768e-24
-6.033114564521300945e-23
5.373489982959647082e-23
-1.515871351950734251e-23
-1.362461424719976671e-22
8.708417937910643789e-23
1.571535724705021313e-23
1.561586424524104895e-22
-1.380083749993288667e-22
-3.652103120797462551e-23
6.665816723888299838e-23
-9.950195686668988522e-24
-1.996230139943572869e-22
1.037091376951853746e-24
-8.338076356510854788e-23
-3.024391022103269904e-23
-5.796228156072440580e-23
-2.070886366429213354e-23
-1.126249307271248765e-22
-8.034626362012622022e-23
1.491087117394473392e-22
-1.803602288655768426e-22
2.329508253150716628e-22
-4.896739670486104742e-23
-1.329418110685920551e-22
-9.424256428026754010e-23
8.471793468873328393e-23
-6.788633204587632871e-23
-1.388599595023734561e-23
7.406428860908167028e-23
2.229748047848847680e-22
-6.891643805586275202e-23
6.477814440500083753e-23
-1.604353280628111228e-23
5.261771763577784095e-24
1.333660661044392409e-22
-5.104779954242795504e-23
4.876268565278340988e-23
-2.441846590587309931e-23
-8.536317575186673084e-23
1.336961173013446109e-22
-4.676559583997235997e-23
-3.076822287376901600e-24
7.749398648828454177e-23
3.737335535629929041e-23
4.104872917033172865e-22
3.451759432347234744e-24
-2.977236809567674709e-22
-7.277553557172547135e-23
1.168428346853323435e-22
4.909908850589097783e-23
-8.663264763692204550e-24
2.459415440065184817e-22
-6.788983726321476672e-23
-2.154291052175278071e-22
-5.677822212971789244e-23
4.486821849681429510e-24
1.060534182345973225e-22
-1.794944131155768295e-22
-1.258333470652508591e-22
6.178834981233369014e-23
-2.255894332693409272e-22
1.482774213380669730e-22
1.565151375379415745e-22
-9.115660366806232176e-23
-1.885580779929421009e-22
-8.647586074809602586e-23
-1.984316303967399803e-22
9.749165625448026857e-23
-1.202703194985649911e-22
1.521345450942486917e-22
1.599423742072470357e-22
2.946960800782416237e-23
1.411785984785035803e-23
-4.972418498040169818e-23
3.184763710947307218e-23
-7.446129449967791119e-23
-1.053555392063762470e-22
-1.828628887110517982e-22
-8.025487335715506411e-23
9.017072079133854073e-23
1.266537262866219989e-22
1.403059649491989021e-22
2.486304072846395771e-22
1.004920435351814494e-22
-6.438187403277186527e-23
2.211815224643423472e-22
-6.409748318585654339e-23
-4.346857289696614272e-23
-2.824179862705035196e-23
-2.997791322976976319e-23
1.318152019471792390e-22
-9.174733780384852413e-23
1.229420791098570138e-22
-9.536936084300337610e-23
-1.905044905129307794e-22
1.988002129531569477e-22
-1.758171533303264882e-22
-5.271724203185579744e-23
8.809752802658251737e-23
-2.841626841364471537e-24
-1.919534821999981246e-22
1.429516441945154585e-22
-1.218830617863726043e-22
1.609457267721030295e-22
-2.702843626523983155e-23
1.956496535138768981e-22
-2.025941620921444623e-22
6.228278610525876814e-23
-3.161705254511639375e-23
-9.430650036263958639e-23
8.525680805466970977e-23
1.001827681340176277e-22
-2.521962832441006432e-23
2.780921608794970488e-22
-1.645836287368106928e-22
-1.518089061643394216e-22
-1.370138328069961620e-22
6.153313205479442303e-23
-1.070629840128465429e-22
8.331778594518477702e-23
-1.684888793594709587e-22
-6.004255137096753053e-24
-4.423099566028793516e-23
1.008835359063063275e-23
-5.073877713120819358e-23
1.345515295220080877e-23
-8.384467470465117816e-23
-8.222273642624699352e-23
-2.839710266478212011e-22
1.547741287223722187e-22
-1.250796782253305989e-22
2.317156170550161970e-22
-3.849259556425246022e-23
7.569586927073900286e-23
1.106082297292411411e-22
3.173660108717079086e-22
-1.203882691438727930e-22
2.177921335806909934e-22
8.848726940532767448e-23
7.644666759509912250e-23
-8.513264855713724950e-23
-9.281850234603732322e-23
2.229624148681621669e-22
1.345479001087155707e-22
9.109618971076455669e-23
7.968594424658494630e-23
-1.502115269989207349e-22
7.754295382885724748e-23
-2.240944131901367685e-22
6.925146525130536444e-23
-7.403947161763522819e-23
5.696273759885810821e-23
-1.280185902523316421e-22
-1.879698642258063824e-22
1.542733242022012327e-22
-3.147573872561423751e-23
1.080120487737015375e-22
-6.005462304044322924e-23
-1.396964232424162192e-22
-5.199514337516153438e-23
7.574224297853964943e-23
4.322123702793320881e-23
-1.575201518541050740e-22
-2.318001253568921427e-22
2.176149927857230866e-23
-2.203837263229478947e-22
1.555195873618927822e-22
-1.757928052908275947e-22
3.735490285483494952e-23
4.035305893926653814e-23
-1.443399867443498450e-22
-1.420963830027920030e-22
-4.059027996500677304e-23
-1.031471822849810808e-22
1.259700719629945546e-22
9.348764674777844424e-23
1.638409731084605482e-22
-2.189071319903829581e-24
8.149515834916621595e-23
2.191756016923727342e-22
-5.764381008229868166e-23
-7.856618518632980862e-23
1.879211525470861647e-22
3.244319818564513364e-22
3.395061210676939825e-24
2.325337780313708873e-22
-2.358029188818338186e-22
6.695134527956320532e-23
-9.067522657586171880e-23
7.800877441181825789e-23
9.874761445651359927e-23
-4.237497932327046196e-23
-6.652177834461169717e-23
-1.320558436911929495e-22
-4.229947765680031049e-22
2.342677377034420808e-22
1.669436727155006280e-22
-4.667065439246080197e-24
2.145072629058959197e-22
-1.110063871326574131e-22
2.419206195306566205e-22
-5.028564239690726071e-23
1.289012166990498695e-22
-1.733897441254198270e-22
-3.618420121012409246e-22
4.931605027555003669e-23
-2.019576947118380826e-22
1.218012433736125312e-22
-1.528784061176326591e-23
2.063953434513186779e-22
-2.632609107129383584e-23
3.708618791896346778e-23
-2.714914148963155896e-23
-7.292567177567855481e-23
-1.836768909598324771e-22
-2.656928666683568658e-22
1.936984394554450723e-22
-3.966070692900747464e-23
-1.905247296915248561e-22
-1.504854847271576363e-22
3.023619601214687129e-23
-1.626960248885440183e-22
-3.124369737833264432e-23
1.153986138743136923e-22
2.837037953676337804e-23
2.224661421788740379e-23
9.207993712704053605e-23
7.996737857545892709e-23
1.727948151646251115e-22
7.942342298348014565e-23
6.775674575901314461e-23
6.361032466634892665e-23
-8.283761910675143931e-23
-2.000411774377519916e-23
-5.825329148874588243e-23
-1.489139115428136853e-24
9.115271197463344749e-24
-1.585463883213503716e-23
6.526320229888381214e-23
2.801027029890253646e-22
-6.884761590119439336e-23
1.528214682164317615e-22
-9.505916642430215539e-23
1.916568999165276436e-22
8.376488352076268589e-24
9.466611451959633416e-23
1.661067855957382643e-22
-7.828632713627567224e-23
-3.431507986530528319e-23
-4.970797956169803310e-24
-4.470211782493976281e-23
-9.809732507493222313e-23
-8.432372401149254727e-23
-1.496818333093425430e-22
-6.957978925613112668e-23
1.686904856187247839e-24
-1.300794527774139099e-22
-7.920513908369709911e-23
-9.666934361411445937e-23
-5.475124465267151950e-24
1.131364583573442177e-23
9.326880267870229917e-23
-1.088158121684040869e-22
-2.121262086006578883e-23
1.349028729923168438e-22
6.736323530892546333e-23
-4.795101128594856233e-23
-2.582629345701980745e-22
2.685276561035356883e-22
-5.483684463537402511e-23
-1.193351436225592842e-22
8.482581540342397849e-23
-1.600936250536841481e-22
2.710204946418668844e-22
-2.844924298288942155e-22
-7.521974706474850864e-23
-3.965670483866402639e-23
3.900657020486207026e-22
-6.163439311440383222e-23
3.475179928753180046e-23
6.454857503081733742e-23
2.845470312092072802e-24
-2.077084523792850583e-22
5.534250737052363242e-23
-1.481206555233250350e-23
9.948211392900328798e-23
-1.155299073302262177e-22
1.015729243670501195e-22
1.356553258977798474e-22
-8.958911299188743721e-23
-1.899095365157944013e-22
1.810742566627830497e-22
1.311431622363915551e-22
5.501387518957693598e-23
2.984386100621488714e-23
1.048109680901385765e-22
7.683746962059605167e-23
-1.472652277712532286e-22
9.044473132108722939e-23
1.921268768938489431e-23
9.905859236228029564e-23
-1.007503184474245854e-22
-4.654836370718735819e-23
2.250745405206745932e-22
-2.261004687805133390e-22
-9.264715830783592349e-23
7.650179040651496672e-23
-1.797085261725977597e-22
5.596540636441519469e-23
8.051758413419730303e-23
-1.095497678194920425e-22
1.213211974051859357e-22
8.590680217746248303e-23
-1.376779402632652238e-22
-2.298781775220624991e-23
-6.850249645632771982e-23
-6.404856576977019213e-23
-1.212074985649415889e-22
-1.088710731744145483e-22
-5.027324948750370116e-23
-9.778666843184295899e-23
9.928545661657162728e-23
6.099734266736878445e-23
-1.379349721789317836e-22
1.309999350785994743e-22
4.445858334978704292e-23
-4.479209625014088948e-23
1.858679384480083119e-23
1.240137295848220899e-22
-2.465846045287529510e-22
3.327983540235300210e-23
-2.105460269410791903e-22
2.508101997845479892e-22
-8.348038200123299152e-23
1.987679929211930953e-22
1.035159200603808768e-22
5.830356053604712665e-23
3.020063851504946445e-23
-1.038073409937715870e-23
1.162404025222537753e-23
2.678704299966381972e-23
9.060997413155958146e-23
9.051753447734959290e-23
-2.308237695456149037e-22
-1.060899502116631112e-23
1.473948221425954437e-22
6.660417931532677318e-24
-8.242151655795169587e-23
-1.396232565855076387e-22
5.703289710276611682e-23
7.688221643641911708e-23
6.693844943628996405e-23
-4.270213526093417714e-23
1.308664898527324802e-22
-2.153350946608270756e-22
2.374760139228499564e-22
-1.779729476861093502e-22
-7.522406376161986103e-23
-7.310870628065140576e-23
-4.101012968569791295e-23
8.056548694024980492e-24
9.549378221317036140e-23
7.918356648349304104e-23
1.297629633371283422e-22
-1.606209347863330512e-22
1.134774835825743043e-22
-3.020381317521800910e-23
2.198426247727645074e-22
-3.507757185744562171e-22
1.778165603140691991e-23
3.822470228804847739e-23
2.096135720390190982e-22
-9.364156210624401171e-23
-8.678379077380835265e-23
-7.322952585818807013e-23
2.515980600582694584e-23
1.262373849259050488e-22
2.641838560583102491e-23
8.157682250149897697e-23
-3.222601124787313462e-22
4.608926549979205402e-23
8.295982474156743836e-24
-5.793303640009616741e-23
-1.793137057967035744e-22
-1.061651189290086060e-22
-7.038930029811061658e-23
1.458908544589237888e-22
-1.895145072382144918e-22
2.433470721905973854e-23
4.408812445425034575e-23
1.668552110462623336e-22
3.344161815761718184e-23
9.396529045590828468e-24
-5.923285375680796423e-23
6.835652382914937172e-24
1.158307659461341361e-22
-1.269846172408635648e-22
1.528975336068843848e-22
2.096011460955829330e-23
3.364582581716535047e-23
1.003424891543007380e-22
8.000170039527767056e-23
8.172306203801018833e-23
-1.267440212569287584e-22
5.863167634204254381e-23
8.582544643906221467e-23
8.663964228027316868e-23
5.706251545828517806e-24
4.073087293644805109e-23
-2.171124176186178972e-22
-2.855052346048351149e-23
-1.483340812060564290e-22
-7.109844062209102936e-23
2.120386865488919805e-22
-2.970880293596065061e-23
-5.373285462325247681e-23
-1.001247842306201287e-22
-1.279641056665794229e-22
2.783724394310200410e-23
-2.328328749034616444e-24
1.647012907870458804e-22
-8.111609748117355521e-23
-2.343555848748939513e-23
2.465689220603110882e-22
-1.028219444118290764e-22
3.931805800810590365e-23
-1.011992149387137578e-22
-6.700198553557122731e-23
6.787217386055088289e-23
6.792642496378466631e-23
2.050758595773465175e-23
1.655388269492374902e-22
-1.399365295237600044e-23
1.106292643755409860e-22
7.345047137239090360e-23
6.061403855253553889e-23
-1.778879036367001967e-22
-2.894586231763044704e-23
-1.494070716355236610e-22
-1.017465573757031941e-22
-1.742406759811092756e-22
1.320091648564013645e-22
-1.938388065209320996e-22
3.843319127550355601e-23
1.294389871873903981e-22
-7.535576595053263704e-23
-1.309196147265582466e-22
5.438321326460360611e-23
-1.186270979223693734e-22
-1.736642565866335148e-23
-8.316419859339232034e-23
1.788953357124540635e-22
2.237743285525603572e-23
3.217008400060132493e-23
-1.371538848404391782e-22
8.497426165985277660e-23
5.550761597364088339e-23
2.025945851694822118e-22
-1.730893031335576970e-22
1.893363020370275341e-22
-3.351148081299786293e-23
2.080384044709165548e-22
1.495670264016216830e-23
-4.661132466870010619e-22
2.412390409401140943e-24
2.634849579305626072e-23
1.794781140232649418e-22
3.669469117800396007e-22
-2.644755852263723032e-22
2.359027928090605919e-22
-9.773620131710622035e-23
1.255520554574039930e-22
-1.386489261821424357e-22
-1.193063139741889138e-22
8.836337883765342594e-23
1.255860464272366420e-22
5.371184126590795902e-23
-1.949831067559589416e-22
-1.490953656555485189e-22
1.505676310211997446e-22
-1.515436822167553465e-23
6.405748789594456835e-23
1.097491527432715450e-22
-2.240311668172269187e-22
1.022207668856809759e-23
-3.095082660872430662e-23
-1.416694823304892050e-22
1.186763557237177177e-22
1.344740951003345659e-23
-2.177326022463451422e-22
1.718459555935074041e-22
-3.721008414925321836e-23
-5.266922942963407271e-23
-3.858509470001933093e-23
-8.706217909327705380e-24
-1.225662124922030799e-22
2.138685398057539413e-22
-1.248740453661787709e-22
1.645855355462405883e-22
8.617730341584512965e-23
2.390278984056585951e-23
-1.436604601173486745e-22
-8.752742089371945736e-23
-1.088388435507593087e-22
9.528050616385559355e-23
-1.066545409476267334e-22
1.056795264488035542e-22
1.779500600221887641e-23
-3.770165001206062017e-23
1.566013455052965674e-22
3.994834653644418683e-23
1.662312082609306839e-22
-8.545333530906087764e-24
7.848541519913024915e-24
-1.519589770525091893e-24
-3.368118515353001248e-22
4.732140973346660471e-23
2.031346993957909123e-23
-9.503200597829225871e-23
1.041885375958495842e-23
9.776975424304332230e-23
9.452292363695564508e-23
1.013469683999948403e-23
-6.231701660807238679e-23
-1.081713420339374109e-22
8.532562571653681683e-23
3.277547124295917195e-25
-1.622722759856196001e-22
4.287577954542572290e-22
-3.230945015216332022e-23
1.232699529098721001e-22
-1.258528734795927453e-22
1.424035540651663675e-23
-5.685471417553832010e-23
5.728240405304053525e-23
-6.643071094152001735e-23
-4.297632762540032084e-23
-1.569315749710638267e-22
2.000028317787474518e-22
-1.346560370050875812e-22
-1.366944664160118663e-24
-5.661909440606746632e-23
-1.972997902257225352e-22
-8.734816130562283248e-23
2.740877910818772044e-22
7.656758181406407893e-23
-9.219132941645389506e-23
5.188232202976394630e-23
-4.099271729976792837e-23
4.997482724310385625e-23
-7.346762113687450344e-23
-3.182565251324516321e-23
7.740730055367461965e-24
4.839741214852771895e-23
1.502816170049863076e-22
1.009844794160020055e-22
-1.222957747797113092e-22
2.703226251210794772e-22
-8.190093855761199065e-23
-4.813073765063186737e-22
2.021562270330299364e-22
1.134898069644199181e-22
7.753292202004755641e-23
-3.364775422278213067e-22
-1.181952351660848795e-22
1.211749551928832038e-22
-5.457972540602374778e-23
2.200970946393044647e-23
-8.224464021254177895e-23
4.102326128823979313e-23
8.579354159461564232e-23
1.633941763006925676e-22
6.243115325787471058e-24
4.324649394535487718e-23
-3.009168175712042874e-23
1.400319025042014045e-22
3.824514459563351955e-23
-1.590895911841950821e-22
4.427393414642071437e-23
-6.847026288348574991e-23
-1.858908285427473547e-22
2.581063722389052689e-22
-9.711370114990666687e-23
1.302022555137592022e-22
1.305349694631290232e-22
2.132143455265736228e-23
-3.747056283149058462e-23
-1.151451369250258432e-22
8.026422559831254790e-23
1.390596577567675560e-22
-2.365458389880403221e-22
4.817335051840261565e-23
-5.018462763236495816e-24
-1.337546800056305548e-22
7.933680499120802726e-23
-3.604875278681228224e-23
1.123385616669413943e-22
-5.277405472605308360e-23
1.015546111229214401e-22
-6.216454031149299039e-23
-2.114262125359207732e-22
-2.420917256663530374e-23
-2.146474766846462171e-22
1.297033104253549259e-22
-1.963238695782277158e-22
3.785976352170042674e-23
-5.832684769249248287e-24
1.295744155536051105e-23
9.922919769851370770e-23
-1.486706032164366787e-22
8.459437703349312082e-23
-2.093766028175661419e-23
1.253339003196004298e-22
8.235917560466096961e-23
-1.360282373543930399e-22
1.521269947317716464e-22
-5.974987252065201700e-23
-2.363513332529796337e-23
-2.616624555966782604e-22
1.401705179194083146e-22
1.879787556594680948e-22
1.126848753904075770e-23
5.339552564592877744e-23
1.765007601939757675e-22
4.130867095348096893e-23
-8.197039491293013538e-23
-7.065958183091093612e-23
1.012731289680283939e-23
-1.167256834571841564e-22
2.364946296604584181e-22
7.707758774880797899e-23
3.511752948518419657e-23
6.388430555767542124e-23
5.018744776995030347e-23
-1.351529132722702525e-23
-2.083711564844397118e-24
-8.536619417062578056e-24
1.979414952533143710e-22
-1.840081423536252011e-22
-1.089522842219166737e-22
3.825278681298915527e-23
-1.676715765826564751e-22
9.008367449454958600e-23
-1.068611028180786664e-22
-2.603379132343932574e-22
-2.210167802249554419e-22
-3.367191189845741579e-23
1.354302085858725215e-22
7.308782455643991601e-23
9.234160911092459135e-23
2.060799871763678852e-23
8.179907404951299308e-23
2.013679631307295702e-22
-1.611700171757320273e-22
3.110110874278308710e-22
-1.152770807849006385e-22
-9.050637062224857725e-23
3.948617748470658153e-23
-2.460649320981471121e-22
-3.627095859493895468e-23
7.370608981917047942e-23
-2.729663790839928340e-22
7.419269201708200246e-24
1.471495681454705849e-23
-9.325536291009956529e-23
2.270565886085257035e-23
-1.670299869059780915e-22
1.414481478036801710e-22
4.945473852458713976e-23
-5.437475901494901732e-23
9.348227032157035610e-23
9.220939873876325995e-24
-1.674131346212889240e-22
1.629286669850653965e-22
-7.826421834975190871e-23
-1.661533801192570802e-24
-7.146544455852289242e-23
1.731537517663556445e-22
-7.030513524066411592e-23
2.106438684574403113e-22
1.064485842790476788e-22
8.814672042354673981e-23
7.276417059909380239e-23
-1.166823315623314811e-22
1.410970677005719282e-22
4.567350196685416040e-23
2.216101475245769840e-22
-6.367171707362068451e-23
6.615068269887867160e-23
-1.469750156733955908e-22
-3.368549183378833950e-23
8.671988206110224666e-23
4.427594743278586174e-23
5.183553779482668658e-23
-6.655115956063411576e-23
-4.083184752321741845e-23
-9.694953080142674237e-23
-1.756615153167454172e-22
1.716805190720813272e-22
3.843277901944991044e-25
-1.828467821494669559e-22
1.801125322123925556e-22
-1.396570412618939267e-22
-3.111170270071423072e-23
1.045961679813134653e-22
-3.005055770000742726e-22
8.693074823946407581e-23
-2.151301438590726852e-22
2.411974943473993776e-22
-6.316531024070715508e-23
1.635700136836368504e-22
-1.583458712957343802e-22
6.912139482758656631e-24
-6.979872252892264104e-23
8.024200972046106810e-23
1.051046976234779127e-24
1.088697937258343721e-22
-5.820059485988408108e-23
-1.666300506572900260e-22
-1.700670231092417438e-22
-8.329933796648272889e-23
2.345470036120994965e-22
-4.546020252716207144e-23
2.029717141148845235e-23
-2.994967724097342811e-24
-3.104965684011795292e-23
-1.093575895154760901e-22
-3.557273700004749657e-23
4.560245399550647913e-23
-1.787002248122325843e-22
1.941918510306662647e-22
1.252324652439508602e-22
9.787409771838740193e-23
1.292062478645442022e-22
-1.775790797639608370e-23
2.810561377436727719e-23
-1.957382543892679551e-22
2.545037936778204349e-22
1.136514879584061353e-22
-3.066747142731906944e-23
-7.287131034247862090e-23
-1.780011648458047713e-22
-1.565587588762778767e-22
5.200738904984292674e-23
1.019516436035424944e-22
7.346449584161619495e-24
2.164184049655582407e-23
6.496987868833014917e-23
1.010322735054865854e-22
-4.531521421624432413e-23
-1.776936748521525800e-23
9.319302859605641580e-23
-1.978761183694289454e-22
9.595226443714694585e-23
-6.980590684442264460e-23
7.097326332965598318e-23
1.722137883806764478e-22
9.401243543564771195e-23
-7.473048694819794504e-23
1.061460157486474611e-22
4.156616255992335530e-23
-7.490952536506764741e-23
2.466323313625002822e-24
-6.785542825805811566e-23
-8.422575295240301842e-24
1.692623592789867193e-22
2.798219012225962019e-23
-1.367401931469515192e-22
5.711194777415911870e-23
5.908655853057585586e-24
-1.488796161808386951e-22
4.802214694987362870e-23
-5.097983329060560447e-23
-1.796949732930601740e-23
-1.452405335971570568e-22
-4.489263606729847623e-23
-3.030334091518872236e-22
1.663682734978193076e-22
-2.914421783867224435e-22
-1.177282384218039468e-22
3.465301218958290480e-22
-2.236231961594705890e-22
-1.164628574137862291e-22
3.421659557468882606e-22
5.320858123938680663e-23
-1.514625443106066013e-22
1.868624885009001817e-23
-2.475230538501004402e-22
-1.195503737570555110e-22
1.325127689285024608e-22
-6.493790774456396903e-23
1.280627400162516355e-22
-9.103010709552398329e-23
1.475684861086150117e-22
3.768215201348391008e-23
1.565371049026211577e-22
-1.070684286012213688e-22
6.605165235840076640e-24
2.220695224678929004e-22
-3.770616474736678707e-24
1.379836944519756761e-22
7.522568609041264348e-23
-6.975725271129400479e-23
1.135273438499864151e-22
5.481155307968016341e-23
9.462682358265018790e-23
-9.668610167053822028e-23
1.609915431040375206e-22
-8.789408138646995225e-23
3.662291066381936737e-23
2.193924664665874547e-24
3.660964806355675499e-23
-1.408791994164800845e-22
1.024396305121970031e-22
7.490396349741100292e-23
1.650094419689953668e-22
-1.313041125411209124e-22
-1.223624506728406863e-22
-3.012724902765194001e-23
1.120328254519046746e-23
-1.101490352185391962e-22
-6.813679087342130596e-23
4.163180655883318984e-23
-3.678266890300242422e-22
-2.284961963304612266e-23
-9.994508605502943405e-23
1.008807793412485033e-22
-1.373982176146040097e-22
1.234018916062705511e-22
-9.872519757038296908e-25
8.707938520222264116e-23
-6.487100456249884173e-23
-6.758908873571928929e-23
1.550253995786803796e-22
1.585807165377335086e-22
1.256402807922552556e-23
4.761317805438709381e-23
1.216076582447758285e-22
-6.688927089785750942e-23
-5.691349639313674010e-23
1.593136544492091367e-22
-1.848054921668809426e-24
-1.824485060223737871e-22
-8.083063435380669652e-23
8.590344333536860058e-23
-1.993498541165456327e-22
-8.711452572105621993e-23
-1.774217562322311360e-22
-3.570092769161903179e-24
-3.386765125686818955e-23
5.640618227866385872e-23
-1.448275947395776525e-23
1.689670649471419828e-22
1.532015922036224736e-22
-2.127928572761349408e-22
2.334741587054029918e-23
-4.130708482614608590e-23
1.688295579818458835e-22
2.160451440420283577e-22
-1.749451434395407972e-22
2.806724388108305191e-23
9.036235679541462333e-23
4.662422863002852909e-23
-5.442070809422155219e-23
-9.649806665138596918e-23
-1.207705735966750082e-22
5.479326470947224750e-23
-4.891261676210335235e-23
1.851643128940106353e-22
-1.773490231421994495e-22
6.053821609217200603e-23
2.803924986897952952e-23
-8.923039287707234024e-23
1.227823104424545810e-22
1.465925019618446831e-22
4.865226627193455759e-23
1.285441018567301967e-22
3.240280841351661052e-22
-1.290199516540214604e-22
1.183280233657728005e-22
-2.661986385527525421e-22
1.434362047201661282e-22
-2.741150943663308906e-23
-1.970600643056065596e-23
8.078579883115422606e-23
-2.023819227339411618e-22
6.409339956030176154e-24
-1.083994965045167173e-22
-1.262117206707472931e-22
1.354544453422208286e-22
-3.110151119807187795e-22
-4.515953637525165779e-23
-4.683490741882980303e-23
-9.682761323266973713e-24
-2.265233149144156545e-23
-1.775652087246537880e-22
7.365074849946710681e-23
1.560041530863390052e-22
-6.889815025903915152e-23
4.244618493449093588e-24
4.110357296694758102e-23
1.099765753595222201e-23
2.468275093777378425e-22
-1.204974620361414686e-22
-1.774992455620433694e-23
-1.081768572307822596e-22
5.869225557197220245e-23
9.167707706514335660e-23
-1.772572026612458200e-24
-7.859091808328320092e-23
8.413386089946327521e-23
-9.932095241701404736e-23
-1.171205700316253537e-22
-5.279843514842667534e-24
7.453037876951752326e-23
8.065728397987833676e-23
1.456174101939386304e-23
-1.083374899982583007e-22
1.707235174035836644e-22
-1.868577263913726889e-22
2.556806855906264572e-22
-9.229005227111908899e-23
2.478768711800332760e-23
1.021641318480871071e-22
-5.235091878274817595e-23
2.876350351212127422e-22
-1.250494238572131467e-22
1.326219948978806142e-22
-1.396149598494219398e-22
1.659462136978486300e-22
-2.455059069821932273e-22
5.316480266560355444e-23
-2.786409396721494559e-23
-2.158629977304167403e-22
2.754207492597918235e-22
-9.242010035631234204e-23
-3.046034369593530415e-23
-7.557202668155144386e-23
-8.171077128644417573e-23
-2.571945888967358905e-22
1.836489460127295278e-22
9.183166208863311541e-23
1.955075575806287250e-22
8.327268479776919623e-23
-1.802695808714260826e-23
-1.174781347879856550e-22
4.521843107019077083e-24
2.014060487392606379e-22
-1.873050242529304582e-22
9.109859273496416791e-23
-1.475413609421184222e-23
-1.368121208382142484e-22
-1.626747130110128121e-22
-7.774059261042392685e-23
3.177623708054839095e-23
-6.695195333999149096e-23
4.404100168835093140e-23
8.692219338144881944e-23
-8.477277962640501503e-23
-1.114135065188928200e-22
1.307662531836934263e-22
9.054002499264616169e-23
6.076760799735355215e-23
1.850539292276705010e-22
-1.869062576895764920e-22
1.864734235499011072e-22
-2.249770882814504293e-22
1.521045502548533743e-23
2.248796787718944865e-22
-5.150555129552494862e-23
5.582063254474725392e-23
-8.992245235303401793e-23
1.754129082804601922e-23
-5.119809438325744340e-23
-3.944400457812449509e-23
2.801450638518031092e-23
7.422819107560325287e-23
-6.335517807396871001e-23
-2.047286302785519770e-22
3.007501930941321811e-23
-2.265379683121899462e-23
-3.906388750095881098e-23
-3.751875018377827976e-23
-4.052453724509349079e-23
-6.414073374326129853e-23
2.517588727454855494e-22
-1.504521236579961432e-24
-1.112495139571960175e-22
2.788488003435435566e-22
1.223934823578977420e-22
-1.701087709441067242e-22
1.377326787446476567e-22
2.063350183677550462e-22
1.691289278324629290e-22
-1.722752640968512221e-22
9.644827370417861445e-23
-2.381434578232677795e-22
2.518749345219445924e-23
-2.199337950128492428e-22
-3.474109419272818297e-23
-8.010632029921056935e-23
3.156176951941064285e-23
-6.963547469438005769e-23
7.304973052839440234e-23
-5.198331707696696762e-23
3.446826682430863112e-24
-3.792382189352972154e-24
-2.143790767501455496e-22
1.136443840035943432e-22
-7.067277865829598650e-23
1.433272713997372491e-23
5.077091454805844381e-23
-6.968166543192074227e-23
-4.386807492984812642e-23
-1.965230450622756304e-23
6.186704069282696420e-23
-1.987416950049271280e-22
2.346247242316202626e-22
4.643141081800828276e-23
8.596500215508590593e-23
-1.151893037741571938e-23
3.360346854587916351e-23
2.496228157878327541e-22
1.019610483612239042e-22
9.208758927958777924e-23
-1.391122222076100289e-22
-1.802777484507092658e-22
7.080873622066485592e-23
5.282839889947523020e-23
-1.746737316468754128e-22
2.193236971848195605e-22
-1.309842857493396797e-22
8.165208588169699481e-23
-8.384112208358856260e-24
1.246444023888325485e-22
-1.606687853546575602e-22
3.897858737076407785e-24
-1.170408510307261778e-22
1.763558392574592019e-22
-3.108985229764659388e-24
8.034699401266121087e-23
3.833978409749708318e-23
1.730301258725218977e-22
-3.005398033227247260e-22
-6.902971331886187098e-23
-1.960613471185011222e-23
6.959804574468673670e-23
-7.847127212950558601e-23
4.888668145496271381e-23
-2.444997925667465023e-22
2.310330002424511876e-22
-1.149332508264938906e-22
-1.720885453548408896e-22
-4.964014995776700510e-24
-6.013063272677520847e-23
9.088680833467174841e-24
-1.908691453087019578e-23
-1.021636768144519262e-22
-2.046725439734878705e-22
7.793859768450756453e-23
1.325279946078060368e-22
1.576190037270155718e-23
9.691109247339594261e-23
2.623280967760167908e-23
4.481572260774478476e-23
-1.880848658086175781e-23
-3.514327286607775698e-23
-2.497638594651360072e-22
9.714901187288308169e-23
7.098156281369373283e-23
2.146922458494453192e-23
-5.498266722541900666e-23
5.819074534000763471e-23
2.512446108575751178e-22
7.496102910176227304e-23
9.228044257245852995e-23
5.382237873788517512e-23
1.046258540626587824e-22
5.532319816038639773e-23
2.947877264181706912e-22
-2.004147981985514691e-22
2.441272772627533111e-24
-1.158192596833921066e-22
8.812173909297792117e-23
-2.025901155745818291e-22
1.096078468279484984e-22
-1.217083972523756569e-22
3.093464743850805516e-22
-1.313986412624431065e-23
5.169797596894699929e-23
-2.360774860698689591e-22
1.565027335273697758e-23
-1.135675834254169851e-22
-1.445034696065604432e-23
-2.093161654541206646e-22
-1.467315609498089763e-22
-2.237396471794301357e-22
1.220548225402493036e-22
1.762262915619970440e-23
7.788089901029539842e-23
7.948811597051329017e-23
-6.099453975674300524e-23
-1.473048158238168159e-22
9.275026083888214559e-23
-1.273361417607391658e-22
5.907948456589251017e-23
-1.064810571433978417e-22
-1.397139070726100720e-24
1.507164161138585927e-22
-9.013330669091824473e-23
-2.356970118846909511e-24
-2.822256525166520948e-22
-1.319731933387996077e-22
2.976697585122280182e-22
8.375115762938115218e-23
8.830180764977259192e-23
1.098571292177599359e-22
-4.590121483219058651e-24
-2.431412213819930862e-23
2.213541171233055300e-22
3.796918924401768500e-23
4.739442072772962616e-23
2.200254121665131922e-22
-1.506775071559487866e-22
4.277939184877729633e-23
-1.658367430787993658e-22
3.435317950049906628e-22
-1.603464513816700141e-22
9.584557585672673570e-23
8.535208511944823458e-23
-8.417715567369193499e-23
1.279746415852345114e-22
-1.656527644671461748e-22
-1.654730917668746465e-22
4.450174390032974072e-23
-9.337581225399990001e-23
-8.942037602476830169e-23
-1.900888452097851905e-22
2.517413222184256399e-22
-7.137931538837221722e-23
-1.978442296089544622e-23
1.882275622015878369e-22
-3.094378748494417104e-23
4.040472140306241421e-24
-7.366880449176464344e-23
4.868391416925419194e-23
1.291784841608417560e-22
-7.553427710019592055e-23
5.254550491881512143e-23
-2.267395651500535096e-23
-1.278254944215607857e-22
-2.328831140303669535e-22
-1.439511680555663483e-22
-9.871764833998665867e-23
3.656017796916513116e-23
-2.001293705343042695e-22
8.253969069945670964e-23
-1.747711807715654396e-22
1.418830848534070727e-22
-2.229816610792786473e-23
1.311408422137651478e-22
-1.667934612151385068e-22
7.970296805234788766e-23
2.862684900260086256e-22
6.613146541574914832e-23
-3.373534272639131499e-23
2.550400811784681770e-23
-1.991217297421404733e-23
6.806996860146894508e-23
-3.883360446294842083e-23
5.049929411915947378e-23
-2.404000548281040896e-23
1.726752340718377374e-22
6.390100174026735680e-23
1.564379908367360449e-22
3.025385285322354682e-23
1.556485256761934879e-22
-1.280358566027717785e-22
2.631326379184356346e-23
-2.008538201594927651e-22
1.582973237277636242e-22
1.987624039562511832e-22
-2.529812912782580756e-22
3.412250103441120522e-23
3.356270378906943166e-23
4.264116537187358890e-23
-2.313105600316468243e-22
-8.041710285888193471e-23
9.778178933069167968e-23
-2.258374604833986494e-22
1.523670503815928526e-22
-2.076928825141386607e-22
3.594299578210083297e-22
-6.957420022576821670e-23
9.271865022485566216e-23
-1.687186572400394884e-22
6.089663874484719871e-23
8.339368516572206895e-24
2.136767057755153345e-23
-1.399357979385239765e-22
-1.895615341146288022e-22
-6.991232376997751323e-23
1.778649848245374142e-22
-1.160946424162611894e-22
-1.440677993856695536e-23
-1.217483786113432492e-22
8.721625787151068970e-23
7.257393074109742065e-23
-8.798813529405543712e-23
-3.947357186216818941e-23
-5.577975751206556447e-23
-5.010302210105636744e-23
-1.137503054335551449e-22
4.472696183328020734e-23
7.387022020998631738e-23
-9.370528049166855436e-23
1.776677352294537323e-22
6.274960770796542744e-23
1.403126655693016704e-22
1.282823665598846179e-22
-8.822508468834243990e-23
-1.648034529529202147e-22
3.983351090414946649e-23
-4.509097091313260274e-23
-1.580876997237819039e-22
9.439726280435828943e-23
1.372136657240270438e-22
-9.079000373209167549e-23
5.760943002369802505e-23
3.915527755964629342e-23
-3.037172189539966084e-23
-9.315208065689847111e-24
4.853959747562734322e-23
-6.476191804172802392e-24
1.896429462673305747e-24
-8.881644661873415480e-24
2.025130324257783699e-22
-4.973806439378813829e-23
2.984823541038208234e-23
2.404297047048326600e-22
2.641028019930984356e-23
2.788448200447349654e-23
1.228078687264866792e-22
1.388085747355109799e-22
9.954518027531574949e-23
-1.340647331271549425e-22
-9.809629653988347840e-23
-2.620235618328986039e-23
4.733904820045261378e-23
6.038391996273006263e-23
-1.100605020365318442e-22
3.791818497803301094e-23
-2.669448911926787945e-23
1.995480388375626838e-22
-1.006786137930569112e-22
4.620865434952096479e-23
-2.558987841049741583e-22
-3.913968062653636852e-22
-1.289705787316854185e-23
-3.560314131187249869e-23
1.278712364672010067e-23
-1.000338829112654682e-22
-6.841614616781251448e-23
-1.623473455726147532e-22
-4.815738031325956565e-23
-1.742537621567293793e-22
8.944145825421706650e-23
-2.999480534087569280e-22
1.765851232892005691e-22
1.236893833577777149e-22
-5.833554385873887415e-23
4.518745411331029549e-23
2.855195181940814812e-23
9.919006808277580599e-23
1.265666665511359721e-22
-1.040193126463433549e-22
-3.331813818245807371e-23
-4.567416386174270845e-23
3.500217115794102089e-23
-1.604934935596235059e-22
5.939895630098805782e-23
8.159708819241857210e-23
-1.462461369134686791e-22
2.537097487281656136e-22
7.781954280407235038e-23
-2.767886836075696471e-23
5.903801608501645419e-23
-1.583195842474444454e-23
9.951547143507820398e-23
1.864512849665772928e-22
2.824205454248545952e-23
2.951441372239028918e-22
2.113299839112979053e-22
3.130350145881118467e-24
1.085933938140571374e-22
-1.835978541314728555e-22
1.559005929334630155e-22
-3.036825146887690076e-23
8.578001246247236663e-23
-1.791676694373879539e-23
2.966995833545272269e-23
-5.163127953826102395e-24
-2.146436399301268760e-22
-2.736245282737746315e-23
7.848931618540720313e-23
4.248984924533194742e-23
6.118277831560872052e-23
-1.181017240982543176e-22
-7.339608865480676389e-23
-1.987800788939523583e-22
-1.907404753830441619e-22
-8.383504785641911236e-23
-2.070151062992631775e-22
2.706683562272785534e-23
-5.085483332405205487e-24
3.089985351955452308e-23
9.134204384943018319e-23
6.314668636556128708e-23
-2.282427892384902143e-22
-1.673261636959393303e-23
-1.162723396422524527e-22
2.311116103049827411e-23
1.967021332546374256e-22
-5.133374637082326650e-23
1.138641013240976274e-22
-9.933802363036821354e-23
5.072015908357138503e-23
-2.770381438844965520e-27
3.976511682907057960e-24
-1.382697225561608037e-22
-1.479446933765179986e-22
4.067514834638239638e-23
5.561582804462152111e-24
-1.757908918719399234e-22
-1.825465133500764905e-23
-1.867811439371368550e-22
1.069626548751523873e-22
-2.498805708830915176e-23
1.253957753484928788e-22
2.194001868421164059e-23
3.095374048601666828e-22
3.071441070008990652e-23
1.282472421158914062e-22
2.297826218810502372e-24
1.390178769619384685e-22
-1.981071402237912107e-22
6.322092396411835054e-23
1.081506160909535753e-22
9.135055524098194386e-23
-9.573577668780558825e-23
5.437406672217340390e-24
2.412366777084200969e-22
-1.054446848691524789e-22
8.657105396302316348e-23
-4.872929616125579915e-23
-6.676747918092061319e-23
1.623460744972706802e-22
5.358967138032074921e-23
1.427496394603382015e-22
-4.481605972776864616e-23
-5.437723743796440661e-23
-3.163136943185050982e-23
-1.201291878872620108e-22
1.521758563553319853e-22
-1.332444701748224073e-22
1.712183214819491354e-22
-7.630122123303548018e-23
-1.347157974970855600e-22
-2.285185473445046522e-23
-2.615040290816441816e-22
3.228286450017058001e-23
-1.046328075889785689e-22
7.172892076737766048e-23
2.189633186908912516e-22
-4.616593746463987054e-23
1.210891164352636926e-23
-2.229803904765508825e-23
1.035568457833154292e-22
-2.480107980316264427e-22
-3.134531377158140160e-23
2.072454482138567397e-23
-1.991713484433424105e-22
-5.408527476751377166e-23
1.533723371613155278e-22
-1.897061984888015533e-22
1.024448893783085574e-22
2.047270465635254820e-22
-2.494682882299226107e-22
1.803498397580786061e-22
-1.995244015844264001e-23
4.704294450235155287e-23
-2.112525156536288126e-22
9.815953381009891579e-23
-5.350788726717481598e-23
-1.539281229256029065e-22
1.216444450019935025e-22
-8.448483531822050860e-23
6.618754609986053463e-23
-5.542553301547619658e-23
3.025196964544147773e-22
-2.770784943131482670e-23
2.259595255454705571e-23
-2.058453466984003006e-22
4.859663486219716058e-23
-8.636510952669986060e-24
1.168948717853087703e-22
-8.509335717677937619e-23
-1.433995815550131378e-23
3.315481769688474875e-23
-4.176330352835010386e-23
2.962476886884058775e-22
-1.986590871803628328e-22
6.286827128341146789e-24
7.200249545487885925e-23
-1.740782077351861684e-22
-4.566871238736190104e-23
-5.495265050405079904e-23
1.576253857783950151e-22
-1.822966059772948793e-23
1.689248898608076432e-22
8.015895758899385567e-23
-9.940328427117873078e-23
1.423107527279843648e-22
-2.152919567944500660e-22
3.013200944939483087e-22
-1.845122756919531597e-23
-4.348783536134488886e-23
-4.584391964116813237e-23
8.050913341939300602e-23
-1.078919251383650960e-22
9.784062667743984008e-23
9.599506504422370302e-23
-1.591453550738375471e-22
6.465809072200817271e-23
3.078414603243438790e-22
4.928613347149772072e-23
-1.691721405281142921e-22
1.773317667723279295e-22
-8.768826121244727520e-23
1.263544686187677613e-22
-2.576998485669670036e-22
3.624168309806708601e-23
-7.341229926352205367e-23
2.758239401746671890e-23
-2.705982925303890248e-22
6.756760239233325442e-23
-4.042039607851818728e-23
-2.061148018329730525e-22
5.629977187881506206e-24
1.879903643461058417e-22
-7.948216486924485888e-23
2.793075941531295613e-24
6.591125255308394191e-23
-4.796014986411574815e-23
-3.606272648624694258e-22
1.007374434074133176e-22
-1.223221602131102666e-22
-1.323727595455357161e-22
1.343621785082982577e-23
-2.447015217090599887e-23
-2.160760928906169855e-22
-8.498173158300882007e-23
3.665486908386109314e-23
4.720244760463327221e-23
-6.701958094070939928e-24
1.347763226828771858e-22
4.476232477722649136e-24
1.547472499443401231e-22
1.048855426589245165e-22
8.604965283220584207e-23
1.737897960829523450e-22
4.450759322300364364e-25
2.210372457990158282e-22
3.360751352000820442e-23
-2.550726203184258245e-23
-2.022095253898045084e-22
1.745663321172815823e-22
-2.735353687107304227e-23
-4.092136081366883657e-23
-4.841010044209760926e-23
-9.803924086635928750e-23
1.744530817156024094e-22
1.558023229967436633e-22
2.879890154080821181e-23
-7.849485830484946670e-23
1.537973976000183241e-22
-8.966083301303227159e-24
1.406060948097955775e-23
1.584969773799805459e-22
-1.244247561436173165e-23
-8.866962240720972942e-23
-6.303673325253923895e-23
-2.681234920950298881e-22
9.727288594944608407e-23
-9.820497689493031053e-23
-1.516122730165714383e-23
1.386090792604185887e-24
3.908553483317573855e-23
-8.418238397654657382e-23
2.771895097453159204e-22
-1.893627334334178199e-22
-1.175730300919374068e-22
-4.156498245897681022e-23
-4.680532864797393748e-23
-6.709090680617408007e-23
1.101744483308760491e-23
8.584823985967895231e-23
1.226455559229939943e-22
4.969396437565054665e-23
1.276436180264302104e-22
-1.830947634856161951e-22
6.490704474617101359e-23
-1.841103754679842966e-23
1.683860931452089413e-23
1.086001455381668436e-22
-8.445227088765684500e-23
3.286337655997835776e-23
3.241822208770713779e-23
-1.714146350278944205e-23
-2.477677829557097610e-22
-1.454883170237924491e-23
-7.881101716855202231e-23
-2.437180504226099836e-22
3.853878126940284056e-23
8.869562493788193378e-23
2.850597809926123627e-23
-1.196930720922153871e-22
-1.024667181379420232e-22
-1.200637518260451759e-23
3.057669565012756050e-22
-7.929105432436550727e-23
-1.069126721885384092e-23
3.715880321409949543e-23
1.237742602607270544e-22
5.551039202698613204e-23
-1.625661548740487337e-23
-1.667981948954765604e-22
6.904923959057732480e-23
-6.349389258206229860e-23
-2.071920155667886932e-22
2.152703254161686923e-23
-5.183199155229158522e-23
-6.408583167133266215e-23
1.101710862644309964e-22
4.209377583196851512e-23
2.156409641544000955e-22
1.766446016892376431e-23
1.214151906197022296e-22
-1.863035945725134751e-23
4.907373752463842798e-23
-3.908873958073082233e-23
-1.486662122953364409e-22
3.395414594352633191e-22
3.334600407908332882e-23
2.385111699021360680e-22
4.074525545516525252e-23
1.146410297395366359e-22
-1.236398562879008686e-22
7.839454103177424080e-23
-8.347720522131253457e-23
2.663744291448277473e-23
5.820544400310408043e-24
1.029261314453343923e-22
-6.266246875033892974e-23
-2.343588752738552944e-23
5.348843768783863570e-23
-1.857671462051376762e-22
1.797982002461508503e-22
-3.027605317916935051e-22
2.642344856887124699e-23
4.396492202614705066e-23
-1.224879537399345933e-22
-3.941834515579990348e-23
-1.781266307193277668e-22
9.004820965161187390e-23
-3.571280240551321025e-23
-2.114022634145029436e-22
-5.439277173748468756e-23
-9.297995987368662713e-23
-1.527839307766649582e-22
-1.098253020083529545e-22
2.082685084861330481e-22
-2.225376783975155868e-22
-1.215295904292645412e-22
9.110890323958031561e-23
1.275949249638286512e-22
-1.537896639034316084e-23
6.906351385159053958e-23
1.468972975467144263e-22
2.111674353478805968e-22
-1.350511879957381231e-22
5.649581352963212997e-23
1.385905733916324371e-23
6.032553980809724963e-23
9.357105441291106141e-23
3.274035948535797956e-23
1.500866848961208381e-22
-1.196760046722612836e-22
-9.851641352302365708e-23
-4.983539659009770268e-23
-1.080346838902608436e-23
1.256070379235893273e-22
1.028837078759090448e-22
-4.749991860001153263e-23
-2.423372956628819940e-23
-4.489353749953728297e-23
-1.069858789659776993e-22
-1.854251594377205858e-22
2.269338424320273588e-22
-1.267486611276951882e-22
-4.309442098272681622e-23
8.263432465912961243e-23
-4.571000931230294272e-23
-8.757926411393988919e-23
-8.416890729537976659e-23
2.126386831972026956e-23
2.565054723399978371e-22
-4.782024794235804255e-23
1.268121656017687119e-22
1.399629262030024730e-22
-6.221143018636022142e-23
1.705098501109790468e-22
4.514050396852604944e-23
9.780024472984824871e-23
-1.249807171789953123e-22
1.586911124692396276e-22
-4.974517973449758078e-23
1.522635624277149312e-22
-1.469237594777177572e-22
-3.649071655257553243e-23
1.581668626573169311e-24
3.163879231582862927e-23
1.083227889416034482e-23
1.129012409936037667e-22
-1.540868032259357460e-22
-8.425832119434497862e-23
-1.205940289850440979e-22
-3.534683637313553539e-24
-1.572717497984796908e-22
3.310904414178215089e-23
-6.382003505134364495e-23
-2.971651115747392527e-23
-2.202026664316747308e-22
6.344059538255805935e-23
-5.847764112456354272e-23
-1.607813577002846145e-22
2.821896310766108484e-22
-3.107520475535656373e-23
2.012901354239266456e-24
1.952070910403996707e-23
5.146629881958128223e-23
1.961566119195612129e-23
5.493716217802130327e-23
-2.104743707924374088e-23
-7.876927146197081565e-23
-1.288654224807791651e-22
3.482296789111266923e-23
3.561943075687188612e-24
4.655011528341515163e-23
4.754853695296583026e-23
-7.047538149824118259e-23
-3.572102285435673766e-23
-6.694272728585933129e-23
-1.049371405923664789e-22
1.582639869070966994e-22
3.358983436181555630e-23
1.724714752608676542e-22
-2.075638788986282066e-23
1.020115177669580138e-22
1.193547973088918759e-22
-8.905783418828380611e-23
1.377693146284476789e-22
-1.506783238940785310e-23
-2.910430572351690245e-23
-5.216042600361108757e-23
6.317748892511724344e-23
1.026334813584254888e-23
-1.140709465060824627e-22
-1.693997886054365655e-22
-2.033763798604235320e-24
-2.294400172270762896e-22
-1.826696748472155337e-23
7.029063028503832300e-24
-1.096863163534353595e-22
1.387105394289106622e-22
6.677237301121275675e-23
1.291134718033430321e-22
2.085961194857251293e-22
-1.160729355334822172e-22
8.693846550161979056e-23
1.456225780976009750e-22
1.266718485499109714e-22
2.934855116885145433e-23
-9.432159318073374659e-23
1.373705341370470880e-23
2.223862818273496997e-23
-2.639447179234937994e-23
1.491694179418475815e-24
7.280308102388836225e-23
6.156388554090404392e-23
1.310955107535741707e-23
-1.754864245289158764e-22
-1.077600238721381912e-22
1.095524472695796453e-22
1.520529477032169454e-22
2.441552640373894846e-23
-1.196473109838201291e-22
1.195557647443108989e-24
-2.680432068406194782e-23
1.872274350055457581e-23
-1.024178908402786319e-22
1.569665035693553083e-22
1.120915393817554153e-23
1.394673009136499251e-22
-2.170566581662208342e-22
-4.039538163684665724e-23
-2.292182201162801970e-22
-2.729212915057732411e-22
-1.202370222112838769e-22
-2.788907704800676106e-23
-7.167501336213159904e-23
-1.959322651066568193e-22
-2.314056695117833943e-24
1.721264361159065892e-23
-8.693144764741253203e-23
-5.742882571767678812e-23
1.496221083185840240e-22
-7.250554753742323650e-24
1.765155558614709150e-22
6.366449380208094269e-24
1.192883896335201976e-22
2.125601812674305940e-22
-7.287244518983540363e-23
-3.736078128264088034e-23
2.884166891495487529e-23
4.315362273497703665e-23
1.978016460244821738e-22
-6.831271052165693869e-23
-7.478712450849040020e-23
2.534002384817365873e-23
-7.797413798353543003e-23
1.474235273010934786e-22
3.085120604024783851e-23
3.371887357544279676e-23
8.232875672215729594e-23
2.177589861056842832e-22
-1.734891265611122686e-22
1.987396660825509521e-22
-2.715563987909613493e-24
-2.482892292410345434e-22
2.441941807424707585e-23
-1.149305126288844433e-22
1.010171099725746998e-22
-1.414436392032718153e-22
9.236583190364659887e-23
-3.982924405332330586e-24
3.128548427352683149e-22
3.269977249411024656e-23
6.223059168141824462e-23
2.028190494571656300e-22
-1.103168084339676536e-23
3.000825980013523042e-23
-1.974721884817747393e-23
-7.664213172808930384e-23
-2.374750477239568695e-22
-2.275245879838940450e-23
-9.625684441824377583e-23
1.307678969233058463e-23
-1.795332304152503707e-22
-2.653040825326376915e-23
-2.320006822849569588e-22
1.310014488104526434e-22
-6.054464707889319703e-23
-8.253669513575130955e-23
-4.519440475591243046e-25
-1.201735291261188384e-22
1.997634189476642110e-22
6.027393867515521956e-23
5.829262744566727636e-24
-5.879909300539073375e-23
7.158130772230611695e-23
-8.563720417797665357e-23
-3.225275191444331326e-24
-6.066264895933324173e-23
1.160958360695984085e-22
-6.564550295778656768e-23
-9.875563784656195385e-23
7.677563283680407542e-23
-1.240400946784128620e-22
6.394170570502387948e-25
5.007732352593183338e-23
-3.256698000503727388e-23
-3.686369218786186516e-23
-1.345372896152158388e-22
1.064402085458082594e-22
5.784889013814421404e-23
-1.188817333601862376e-22
7.210358812083575423e-23
2.986739171135448779e-23
7.129578773075618851e-24
-1.577320903997619995e-22
9.406409499724035916e-23
1.155315377975953626e-22
2.186159445918402245e-22
-2.969380911547728882e-23
-5.947661988852273664e-23
1.200524177367354848e-23
2.827657689070301317e-23
-2.573584683003097717e-23
6.081148849514825939e-23
1.187783911228903439e-22
-1.418339310041626709e-22
-3.919155385105577471e-23
-4.223308509079288437e-24
2.084300955701165074e-22
7.625706703203068084e-23
1.961382318388815427e-22
-2.654596640772530213e-23
3.965279315369337711e-22
-1.703806418610402441e-22
-3.061148052068114563e-23
1.346353458403585670e-23
-3.624681015513930084e-23
-1.948088586705973151e-23
-1.682088282353263648e-23
-4.743378759177405196e-23
7.985276454550505187e-23
-6.450766364812094717e-23
-1.700826391006966834e-22
-2.765107279871136521e-22
-2.323004960135384569e-22
1.900166167216091972e-22
-1.649275819096578814e-22
3.128688024173951519e-22
3.529796133961013343e-23
-1.618659578920742706e-22
3.093093748579911413e-23
-8.100472762164485071e-23
3.087818164141452115e-23
-2.315560568201622321e-23
1.037810047540724133e-22
-2.994060582755728128e-22
2.155855128306493116e-22
-1.745314174047351741e-22
1.750045143129873603e-22
-1.748998306309124544e-22
1.300808917396552704e-22
1.288249789462551281e-22
-1.019904439819792873e-22
-9.904532280352305004e-23
-2.190084061493210111e-22
-2.812472291599006013e-22
1.507214533638683831e-22
1.201154140982193332e-22
3.185868258176703113e-22
-3.417920627768924790e-23
1.045449228869676760e-22
-2.491039810985936850e-22
5.474654384704176540e-23
-1.013588488312277971e-22
-2.209551369816675592e-23
7.933737716964452332e-23
7.872668646451285793e-23
8.437607027427630937e-23
-3.244338675119024903e-23
-3.785547540278237236e-23
-4.039118567055609203e-23
-5.692328807061570316e-23
-9.650526696395438759e-23
2.077703412464928646e-22
4.821448249832195116e-23
5.915925672971056340e-23
6.352178532618727773e-23
5.367907447791566028e-24
-6.833492962105152082e-23
-1.122294613839240211e-22
-8.144978262078747373e-23
-1.152976397653532737e-22
3.142923833669015672e-22
3.503993764256588503e-23
4.833943694245382441e-23
-2.103426797084126297e-22
5.591256000898267205e-23
7.217065867398966097e-23
1.120077482045785366e-22
-7.900635096520669113e-23
1.996819833426338674e-23
8.529157708878575874e-23
7.754565396479848324e-23
8.974782412121103200e-23
1.711233325913476839e-22
1.045512011842127647e-22
2.824608988974141957e-22
-3.066828299236726062e-22
-1.976273680017632632e-23
-3.250907112639032840e-23
-1.867971159704582019e-22
3.622183734792210998e-23
3.591883043762462110e-23
-1.379095401165516289e-22
2.505144470086635582e-22
-2.146488412310014618e-22
1.552158165072084883e-22
1.735329428249501424e-23
5.780778916533744646e-23
-1.461517801859708126e-22
-2.044759130332546790e-22
1.042234144734364308e-22
-3.082342185727630810e-22
-8.264457792918883545e-23
-1.160630032501903908e-23
-3.014069023450809980e-22
-1.835804359325135156e-24
-5.490108524231629127e-23
1.472981981144327172e-22
-9.707393256705770554e-23
3.633762961257093534e-23
-5.811091485462916807e-23
-2.160112731662749929e-22
-6.371116944514727368e-23
2.368188266355746265e-22
-7.358602737611755355e-23
1.095775997498695588e-22
-1.947092707123482720e-22
3.374764482506060226e-23
1.981003741647095571e-22
6.097005014315546314e-23
-1.717513095039800356e-23
1.182390359503954898e-22
6.392105891697849020e-24
6.354507176717793024e-23
-6.410047420993128916e-23
-1.210787600742748590e-22
-1.458784290901057613e-22
2.040767342383560538e-22
-5.763487611108537359e-23
1.504646988735590707e-22
-4.447131758554530891e-23
2.508392643481025088e-22
-5.886536428778287577e-24
1.666759772660346014e-22
1.866127549499501958e-22
4.630933970168542866e-23
-3.670553151171381067e-23
1.246947944371368089e-22
2.433589967833312980e-22
8.058110239083635436e-23
1.514889052162664004e-22
-2.898396518107005651e-22
-7.287724977269885790e-23
1.306158632574063729e-22
3.633607100385251407e-23
-1.931755108974291833e-22
-4.752614248638626594e-23
3.034040488432389160e-23
-5.106612349529098635e-23
-2.714250650906328587e-22
-8.893222217592696519e-24
7.059805023748043438e-23
-6.412664782629907858e-23
-4.031733216303014088e-23
-1.402849075830579853e-22
-2.799516645143866910e-24
-4.606392897056785491e-23
9.602449052242499467e-23
8.089138532803810318e-23
-9.462294648595088543e-23
-6.374906033011787138e-23
-1.647685814497430283e-22
9.468029017438457286e-23
1.484335744726703234e-22
-4.480223787927055229e-23
-1.000076754161149716e-22
-5.225424576869830273e-23
1.114642943093935466e-22
-2.050977102303360788e-22
-1.088002388346969329e-23
9.524417004114803994e-23
1.380821401766641707e-22
-1.608120445425586902e-22
-1.141474998053335415e-23
1.946761258424865536e-23
-2.598848065652810865e-22
-9.113694006382528342e-23
-5.365777112588095354e-23
-1.680471854438513080e-22
-9.774069439262163555e-23
-2.466400822513671062e-22
3.954705584294786865e-23
6.888948437104582761e-23
2.433933555957241965e-22
2.367513655688853215e-22
1.964619007201705628e-22
4.136472324161512188e-23
5.622113234796443364e-23
4.105069930289202250e-23
-2.085088689098325908e-22
1.735048936111837364e-22
1.928129646745262039e-22
5.048131666961396934e-23
3.585383509723185655e-22
6.492250243421821736e-23
9.549669966910297121e-24
-4.753788057004858521e-23
9.992953647514843665e-23
4.153681220772698515e-23
1.268191325708982020e-22
-2.851803168758345273e-22
-2.363058444999261897e-22
9.600105034553042988e-23
-2.386186857185074886e-22
2.265020624925541825e-22
-1.042895623499845146e-22
9.232153948268362306e-23
-1.213916997851371309e-23
-1.314942643360483577e-23
2.280678312333112493e-22
-8.727329329242152787e-23
-1.489124508529370585e-22
1.341001316651964586e-23
1.819305849707546897e-22
5.069297141386446337e-23
-1.455048821572974881e-22
3.925532927574077516e-23
5.636343420779818342e-23
-8.165005358235949586e-23
3.152825057718665726e-24
-2.626325668386712917e-22
-4.359902118448227911e-23
-7.216705219417516875e-23
6.953516137291251621e-23
3.370502380107440293e-23
-7.167686876513432557e-23
1.034495102979164749e-22
-1.248452307292173731e-22
-8.408656553441402702e-23
1.615358876593645991e-23
1.302896648386893380e-23
1.105443976826435850e-22
-8.988306989042648106e-24
-3.650331928138555740e-22
3.788462679301863680e-23
-2.686273258614240013e-22
-1.614236508666065611e-22
-1.587538149489890922e-22
2.349408191636325316e-22
4.494702130385964597e-23
1.197450606852921430e-22
1.128858749619844120e-23
-1.320554416896556092e-22
1.218798557867984757e-22
1.107653439888122040e-23
6.493100980500140169e-23
-4.677672756924405653e-23
5.746437473870037398e-23
1.031964514681057512e-22
2.201765026139705106e-23
2.007531412906522888e-22
-4.291214493194245388e-23
2.024473381180356654e-22
-1.385615213195000221e-22
-9.867393950351382525e-23
-2.736200486558121229e-22
-2.469887626612154461e-24
1.918920851384378171e-23
6.044272938812196948e-22
-2.934531399564174542e-22
1.457055651281702348e-22
2.392249783538426320e-22
4.424278296910207634e-23
2.461810132621810321e-22
6.338232138126431840e-23
4.951250061224897491e-23
2.682423449771112353e-23
8.044716791857902148e-23
-1.247929086550709667e-22
3.857603030811995095e-23
-1.969823892610632345e-22
-4.906096777579863107e-23
-1.154726387082843239e-22
1.569694905453080063e-22
-1.422696395312078228e-22
1.311242029292300325e-22
-5.862325662331767178e-23
-9.856528979155160062e-23
2.416786895531939466e-23
1.023239751946709913e-22
1.059445415819278648e-23
-2.735636546406791712e-22
-4.084297822799495401e-24
1.098655999309052742e-23
-1.308776016466644605e-22
6.047740450370552561e-24
-1.236750152632677812e-22
-3.337422638804126345e-23
1.646199033096489026e-23
-1.086088960082536695e-22
-1.068315495820725452e-22
-1.189607798388757242e-22
-1.306483794749085592e-22
-5.951174403464017848e-24
-5.606167833559230658e-23
1.712708018722962297e-23
4.531407016893681128e-23
1.538260617214407375e-22
9.010176699411904627e-23
-1.662615588774717272e-22
-5.511999993084256372e-23
1.072713783583140057e-22
-1.516296244305659690e-22
-1.674191979551542118e-22
8.410890420949404999e-23
-1.929274879815250128e-23
-8.169416169868141875e-23
2.307558235046978087e-22
-2.568727390073933318e-23
2.865848427181387216e-22
5.206015866226632347e-23
2.539033070144462513e-22
-5.511602317120345375e-23
1.159775242872040363e-22
-1.145746352955231639e-23
1.681549154674888752e-22
-2.445065473918925200e-23
1.463093733632396059e-23
-6.574016684579220234e-23
-1.225262857755298159e-22
6.363129621021223251e-23
-1.586151685671405916e-22
9.577477036946339481e-23
7.741216621734150805e-24
1.112080865399969496e-23
1.659578815620099795e-22
-5.344147051654161314e-23
-6.730320681152430959e-23
2.643366487604698648e-22
7.252698293945616850e-23
-1.769135723411503919e-22
8.090359736208804119e-23
8.530776294476687597e-23
-2.519880868398230853e-22
6.718112608149526318e-23
-9.479578298537544927e-23
3.817421810293361554e-23
1.308199230845825876e-22
-1.620018047638492406e-22
2.325111215472057843e-22
-5.547750671281733774e-23
2.029577660216589502e-22
2.542038100367326521e-24
-1.690265200543571404e-22
-7.587015606552912898e-23
-4.380239278507422772e-23
-1.140589609606516364e-22
-6.633281358506764520e-23
-9.754941653702421425e-23
1.413774058206664436e-22
-8.406283581899708887e-23
-1.021288542437300965e-22
-1.058348004525090833e-22
-1.508078704812660421e-22
-1.152503775803114475e-22
-4.504473461027096338e-23
-2.458010329896948887e-22
4.178473633985391156e-23
4.752111540845473313e-23
1.732094701168923009e-22
1.597318914998306708e-22
-1.354293596710257904e-22
-5.401717636587880254e-23
-9.282598716532544037e-23
-7.531024987087326823e-23
5.145134031430354433e-23
-1.623048156316484660e-22
-7.364335507573807610e-24
2.271006400615378274e-22
9.313882109726130566e-23
2.104052148669979587e-22
-5.805521330707305903e-23
8.350604004055442531e-23
-8.150159906822662266e-23
5.176811971205867123e-23
3.146302928548557628e-22
-2.566268334228823081e-22
1.643265346540346251e-22
2.184149101800171103e-24
9.031136905207155681e-23
8.815961787191281307e-23
1.276406237056556264e-22
1.526038017355114820e-22
-9.120152766025395877e-23
1.450881534524358012e-22
6.155173369095952786e-24
4.675327299044520165e-23
-2.183220792090801433e-23
-1.426294209898654348e-22
-1.239580571637723516e-22
-1.301141713177082088e-22
5.400435322261885567e-24
-2.278675847868464644e-22
-6.320161468475901594e-23
1.485009328742334978e-22
2.590860894192508198e-23
1.391664229385102615e-22
9.600497349584477505e-23
-3.098220516546148495e-24
2.048594648104439454e-22
-3.062734922100537666e-22
2.404652646456659017e-22
-1.241154792806124818e-22
6.401340415837260851e-23
6.613446199313661229e-23
-3.337995591941023087e-23
1.509243298011583815e-22
-1.182510019137947806e-22
-2.389687018026828782e-22
-1.182704854561948616e-22
6.119434199538402384e-24
-4.520980550938260251e-23
-3.008739800199708120e-22
-2.459161890354564031e-23
1.319893427398634036e-22
-4.677806271101100432e-23
-4.280751147585050280e-22
1.296447429264818079e-22
-5.999245579354170807e-23
5.636815983946633746e-23
1.581701233283427025e-24
-3.674304381068639240e-23
2.708439358267664387e-22
5.290805022794331787e-23
-1.267439690895734628e-22
6.621614586284973807e-23
-5.855360861168511346e-23
-1.966376560632637519e-22
2.353996442765199925e-22
1.136512537155518809e-22
7.867172244348411758e-23
-1.031177834132932266e-22
3.834596228304993746e-23
8.572056146001060144e-23
1.546517076697429275e-22
-1.653616555806569036e-22
-9.633379512041712659e-23
1.980010882292278350e-22
-1.092796747408151507e-22
-7.281268450029829114e-23
5.990961778284817925e-23
1.413460700752378788e-22
-8.109671899981472508e-23
-9.015930206658753186e-23
3.637160960053696623e-22
-1.442781037044868815e-22
2.613018896617016212e-22
6.332494043205134720e-23
4.800809893850494483e-23
-6.443561324643463113e-23
4.464060930978044820e-23
1.440213150082392793e-23
1.395583875969137024e-22
-2.197155740440458700e-22
-7.938496809937422810e-23
-1.295313214585111937e-22
-3.559332512856956521e-23
-3.527534269341915914e-23
2.816235571005675153e-23
-6.850195658668610926e-23
2.087811179713174970e-22
2.395559991240323815e-25
-1.823412702037330456e-22
-1.625061607564831203e-23
1.024093090942433327e-23
7.602473638636242493e-23
8.658951158567745543e-23
-1.707618350899465474e-22
-1.419798816927941130e-24
-3.342521314535392517e-23
-4.430695310985736676e-23
-1.041578295712402813e-23
1.640883154291572632e-23
-7.227962006236837368e-23
9.512153034738912095e-23
6.995204516077644474e-23
-9.872510664828043419e-23
-6.601884321778348034e-23
-9.181875484536043221e-24
-4.352689049535850573e-23
2.962577973385914430e-23
4.506927669449046199e-23
6.447393497386911137e-23
-8.715724943228217894e-23
8.012763196641840011e-23
1.353418648491306392e-22
-1.616910842704465423e-22
-1.504238801713993458e-22
2.117770743698142340e-25
-1.263471185221333003e-22
-1.105802729924382073e-23
-1.070654490190510721e-22
2.521764996963964505e-22
1.703557956016071528e-23
-1.128926056779555165e-23
-1.208163142029161783e-22
2.591841203266048011e-23
-1.199435757047843369e-22
-3.736276048915911430e-23
1.600659823320909441e-22
7.328387743017853156e-23
-1.749564525624186162e-22
3.263380525710839077e-22
1.019322247299897920e-22
1.313392683451502980e-22
-6.286702997951783963e-23
-8.368593299903964301e-24
3.826742634074856287e-23
-2.610872092593386831e-22
1.717541993011265697e-22
-1.567723040719136271e-22
9.797496409602741244e-23
-1.211865093231206530e-22
1.601293114258849546e-22
9.958000111944961255e-23
-4.637788916714463544e-23
-7.495497047174027427e-23
1.031594132275783474e-22
1.488279533432352981e-22
2.056649422307908959e-23
1.857637837586479060e-22
6.105498114983447445e-23
1.619254405514558388e-22
7.206155533894645587e-24
-1.586771633274757030e-22
-1.449916677499009640e-22
-2.464970756777780306e-24
-5.346669414877763264e-23
1.851982391585195990e-23
-2.051304174201794887e-22
9.259382627199796744e-23
-9.715069964214961391e-23
-1.650711747258984028e-22
2.897616195202494253e-23
-4.608107866483823091e-23
-1.527401056976639035e-22
-2.914594901755548066e-23
-4.558293334284122559e-23
-7.564827947093981867e-24
-7.675100192631527141e-23
-1.542693665924265690e-22
8.709259089175023300e-23
2.952419170734423615e-23
1.564249201536814117e-22
1.316745496066938791e-22
-8.229307008589809347e-24
1.989612868403272423e-23
-2.970978047766566434e-23
-3.744622850760701204e-22
1.531077247492769320e-22
-5.694593588716327811e-23
1.699237920439445988e-22
-2.754569317526495526e-23
1.644255362025628308e-22
1.310445624125125721e-22
-8.338235767138941207e-23
1.185877426049488634e-22
-2.088919963946057840e-22
-6.697877606541996621e-23
5.371913791643531616e-24
-1.102190011921864984e-23
1.382513869170423840e-22
-1.881543611669885113e-22
-6.161308338171491867e-23
-1.322856477056998565e-23
1.577700277710020185e-23
3.215337774886248234e-22
5.680826223611643239e-23
1.310178534009493851e-22
7.843990656931989526e-23
1.381810565989410044e-22
3.511939252599653844e-23
-1.688246255259049797e-22
1.715562053465046492e-22
-3.286760735184623522e-22
1.680923477869058296e-22
-2.264077320128354672e-22
-2.816459512667966180e-23
-1.680877784351085052e-23
1.294411762105657778e-23
-1.869138060130217582e-22
-3.831902757503545048e-23
7.206463505836515113e-23
5.837598682799336239e-23
1.213804184511085712e-22
1.104019518460566132e-22
1.918048977556422544e-22
-1.676473440071192893e-22
1.316711064197009303e-22
-7.612494525092853589e-23
-3.472459283250107304e-24
-1.939286708154964571e-22
7.926821456307218776e-23
4.497724740786439366e-23
3.516587456702979640e-22
-2.323198441027323753e-22
-2.715328004088690744e-22
-1.728154349681304228e-22
-1.089819155066813253e-22
-5.236085625773220788e-23
6.721832313097428263e-23
-1.398317566170286853e-22
4.747113423205220861e-23
2.869779309576630169e-22
-5.623268090306989711e-23
-1.380787325855930371e-22
1.195704003245250835e-22
7.204841919091868409e-23
-9.052563891260555416e-23
-4.821736894392271956e-23
2.198150472389846618e-22
-1.706820612093459489e-22
-1.432111256614655312e-22
-3.062735846504483149e-23
-1.385475878461229852e-22
-5.968470697512501035e-23
1.515734948831406989e-22
9.267283930303543783e-23
1.187941051441585525e-22
-1.388656155334405586e-22
3.512786677212482163e-22
5.015120127691527734e-23
3.412495975566926085e-23
2.492738427477618346e-22
-1.207974878658871060e-22
-7.245433999844137516e-23
7.520456941976433593e-23
1.777868155835031288e-22
-1.770173282427971531e-22
2.313372656383504928e-22
-1.362824793408806581e-22
-1.852278046619896553e-23
-1.163679017548644274e-22
-9.607938010610299834e-23
-1.028310851552111356e-22
-3.011603520822517382e-24
-3.384585592045356078e-23
-1.361029263900286273e-22
5.365555948972569295e-24
-1.660934546063835853e-22
-1.764047993462348124e-22
-4.617030377831921323e-23
-1.122328177168537064e-22
-7.459200417454868140e-23
5.031944391522912074e-23
1.804381606972794751e-22
1.117917359909470079e-22
2.676340235111639421e-22
-1.465470073323668622e-22
2.484663530951734436e-22
-3.391381939556113018e-23
-8.065330780641221542e-23
-1.221015853200476737e-22
2.798160703051534623e-22
-1.019548500219573091e-22
2.871155371741352544e-22
2.202964324074308512e-22
3.340828847534807650e-23
1.063773754548833697e-22
-2.406458055152749867e-23
-1.075542098294882999e-22
-2.018457702152262175e-23
-1.035663599086976480e-22
8.810414183343652605e-23
-3.838239639462408945e-23
5.528838198182349082e-23
9.299838410857369857e-23
-1.662804970790514561e-22
-2.469648865856019610e-22
-2.515421442844148267e-23
-1.591265817069644166e-22
1.054155919941256747e-22
8.865582362047859400e-23
1.186498376897612167e-22
-1.571491342496181356e-22
-2.279529520332468789e-22
-7.855924030257584357e-24
-1.691160165784263871e-22
-1.838255508781959616e-23
-1.342868615732544426e-22
-1.401525693288924062e-22
-1.297818223837602443e-22
3.921338257933549134e-23
1.447693502801361414e-22
-1.679875057787474904e-22
1.711717946792645917e-22
-7.075769337958561914e-23
5.885971653591398590e-23
1.747001368326062844e-22
4.893906010735898428e-23
5.551836975165026879e-23
1.330178013199557171e-22
-4.195463907840017532e-23
8.829077946575712131e-23
4.724493080646926622e-23
2.224137645572586897e-22
-1.295852963498171877e-23
2.788834853072521294e-23
1.240549936555120366e-23
8.173996621203829620e-23
-1.139936954203349500e-23
-3.091986698331351443e-23
-1.782345134293951778e-22
-8.809011359640536336e-24
1.393808994594456788e-22
-3.128716002962841429e-23
-8.074915716256016416e-23
9.014447757426863352e-23
1.579748808523537772e-22
-1.127131590806704232e-22
1.514432248074148551e-22
6.514310043403964454e-23
-1.086257120086862088e-22
1.262808570211211872e-22
-1.375933051697471533e-22
-1.947942326503812387e-22
2.779735056582973530e-22
-1.157771281416810811e-22
-1.411944506385144612e-22
-2.703501913869799828e-23
-1.338578286421743317e-22
-5.770352182626076860e-23
-1.736744619088481003e-22
7.306718107228883713e-23
1.279823302244026288e-22
6.083535295030649790e-23
8.240188980657089417e-23
4.440189068485043100e-23
-1.483465996222113446e-22
-1.215171168753858879e-22
-1.118559262527300493e-22
5.694864261424606579e-23
1.026866145898075099e-22
-1.614029322593222582e-22
-3.237344865574220304e-22
8.252129721272149419e-23
4.361369924384962938e-23
-4.018980876094374891e-23
2.844696758652133911e-22
-3.027751812171734160e-23
8.468347756415256702e-23
-2.877090360533624667e-23
7.632880100525730823e-23
-2.413521171310421184e-22
-3.751079729280171979e-23
3.950011162507290752e-23
1.667712724242955940e-23
1.059548893331274740e-22
1.813821791814898766e-22
2.337776877713969328e-23
2.015091946811950164e-22
4.193581917473593423e-24
2.840322362395174741e-23
-4.318593019274646105e-23
-1.733084576943509064e-22
9.859361985717143868e-23
-9.567735073953743351e-23
-1.287011298813945569e-23
2.962459417708577399e-22
8.099886472452348582e-23
3.757779976694072599e-24
-1.829817508442467381e-23
-1.098600469544521539e-22
7.385277282854302497e-23
-1.998014937809933745e-22
2.258608216165464007e-22
-1.475717503096183921e-23
-1.129872050060699326e-22
5.008847055736674550e-23
-6.868893739180253479e-23
-2.102569699140531696e-23
5.049306373560569832e-23
-2.949788953409402278e-22
1.422167451801522775e-22
-3.252006670291208607e-23
-3.779405962174959370e-23
-1.176672664469927203e-22
-5.190216044071203535e-23
-2.436915004698824623e-22
4.877405399043722901e-23
1.523138451803660536e-22
1.582799979195960508e-23
-1.164745302854449209e-22
4.434491693127730380e-23
2.965757024900014603e-23
4.445516540598115001e-23
-1.967130835734932297e-22
-1.033862824227230627e-22
2.134171151578990546e-22
-8.783603783161794015e-23
-1.885326331421046911e-22
3.045190183603894747e-22
-9.985010600538521235e-23
5.006617239979920711e-23
5.104384569991325137e-23
-2.103160186543441071e-23
9.980844218827381320e-23
1.001796069119389711e-23
2.064244159013833811e-22
-1.450916876848653041e-22
2.205754797625334620e-22
1.736251475158518541e-22
-6.170730281123231453e-23
-2.494017133279554349e-23
7.775040419672800272e-23
2.342649628311071550e-22
-1.657997503553667917e-22
-1.334845391553089930e-22
1.395933184016876380e-22
2.190883557092870170e-22
-2.485304860640406093e-23
-2.790599164972744702e-22
-2.855908147131999015e-23
2.732435687513280769e-22
-1.536510698425761499e-23
-1.300678673024647129e-22
2.335060295768525246e-23
-1.850018603044746169e-22
1.408462911787823675e-22
-9.451962257966407820e-23
-1.381032322415628129e-22
-1.485765599949855619e-22
9.602313191343257687e-24
-6.041818853845675412e-24
-3.589121391514919643e-22
-4.902613539719836260e-22
1.603504678413144880e-22
6.604997647610999670e-23
4.896119033867203274e-23
-3.968476722841709478e-23
4.176005504158519656e-24
1.941347917865976844e-22
7.863474482008603094e-23
-3.866223511021916605e-23
1.600438996083366160e-22
-2.075908318242157112e-23
-1.496609950873795239e-22
3.736977984553711599e-23
8.752531125282549123e-23
-8.835609142111632352e-23
1.871300500974094297e-22
-2.210822360249660579e-23
5.411266036402322920e-23
-1.783525460945691210e-23
1.093057506382297870e-22
2.054479073289592970e-23
-3.607133458445788094e-23
1.405334154036577856e-22
1.763423334671849389e-22
4.629235394840267064e-23
5.294625088291201392e-23
6.057682511083447610e-23
2.889392895757999244e-23
8.323290778774997054e-23
-3.080493523239733874e-23
-2.266221041207326613e-22
4.186677329535635746e-24
7.073735705728172550e-23
1.879098306263565809e-23
5.691084578127322981e-23
-8.145585233007290338e-23
-1.980775758179033635e-23
8.057773658564259272e-23
-1.103685714262126690e-22
1.195765123351265004e-22
-1.212807497434115193e-22
-3.804634169627110368e-23
6.893628108995294577e-23
-7.573165213594427825e-23
-7.126609870931774513e-23
-3.473424242005834694e-23
-2.381747187506085592e-22
-3.103058965777188595e-22
4.426911228441317395e-23
-3.079590877708447781e-22
1.781269730521160745e-22
9.400723580321196164e-23
-2.491264216430420142e-22
9.299923545421767462e-23
2.135764295867861783e-22
-1.329802286454194942e-22
1.352938038287227737e-22
5.197427802485023939e-23
-8.183811999973732261e-23
2.463410372003721865e-24
1.626472189944989863e-22
8.670416493158381170e-23
-4.642127041906510239e-23
6.428863920117200371e-23
6.155022430742001776e-23
-1.007900236813281722e-23
-1.322262891694361277e-22
2.169817576930849525e-22
-8.678916145646424418e-23
1.252441882911905981e-22
3.465559104897108077e-23
1.454173737242928988e-22
6.700706579246895147e-23
-1.509089447798887947e-22
1.183450521345708097e-22
-1.500194559674167563e-22
2.344604823024501590e-22
1.265532408994756219e-23
-6.831243061450441165e-23
-1.878229254420008460e-23
-7.928104372376048840e-23
4.414037452737950960e-25
-8.767425034401507189e-23
-1.878720461984442134e-22
-5.126922813725298306e-23
-1.399373430408290929e-23
-1.400475344790158382e-22
7.104442840507473510e-23
1.798477937274766956e-23
1.005709112275720204e-22
1.312079922008204012e-24
-1.671137062283696481e-25
7.132110976859650364e-23
-3.841940118019704762e-23
-4.634989998099248649e-23
9.730635328219903268e-23
-1.126687128585801143e-22
3.084583155563767087e-22
-3.876709619061685377e-23
3.016015677370667971e-23
1.590865768588240401e-22
4.261426686279083458e-23
-1.110030691228629934e-22
-4.725164496580654047e-23
1.133953638602948936e-22
-6.454856556647374201e-23
-7.945363290428883816e-23
-3.999694979490488706e-22
1.506822262179903090e-22
-3.432698779463097481e-22
-1.770922897679883264e-22
8.501895311341620316e-23
-5.929631684284513608e-23
-1.473348617351336825e-22
1.793386755465121096e-22
8.093863184608405113e-23
7.804223464362863970e-23
1.244342532457167822e-22
1.698919983846494004e-22
-6.008993149332610089e-23
1.208455016169940508e-22
8.843155291694057850e-23
1.339085624079434498e-22
-5.521715821147730929e-23
-1.380315898897614215e-22
1.217280430168142569e-23
-3.601278980916441814e-24
-4.230479046007553408e-24
1.402272311924249086e-22
-1.009769701937944802e-22
-1.012270522818103069e-22
2.829633712579279870e-22
-1.017431245194045795e-22
9.807244659898580734e-23
5.320830739481124668e-23
-2.999922622457493050e-23
1.426147310329178584e-22
-9.925943596280333716e-23
-2.489391209819947838e-22
1.611924013501329586e-23
-8.435947754581358580e-23
4.840086687972826669e-23
1.975576253260444536e-22
1.035164322905199734e-24
-1.903609861569613217e-22
-2.049981923725394566e-23
-2.658920606661158992e-22
1.069032688836774687e-23
-1.255084993363561233e-22
9.838391591364458671e-23
2.127048777064666253e-23
-1.027137830452971943e-22
-1.786302213309971121e-22
1.749026353412868528e-22
-5.752756995666120447e-23
8.045079038370409332e-23
-6.170556805458836197e-23
1.039118507510693864e-22
-3.518130345528526287e-23
6.875018875483919377e-23
8.284960016848924967e-23
4.740185655984459405e-23
-5.776454575340874405e-23
1.459340451966377260e-22
7.263965554885904147e-23
1.672549554343743288e-22
-7.624633402712386894e-23
-1.291457324488368451e-22
1.564143536346704886e-22
-6.012659084416093961e-23
1.379207582354154809e-22
1.355601338399559695e-22
-2.060082796492896710e-22
6.758448582886195010e-23
-1.790010646741454317e-22
-1.643828843022932993e-22
2.201428667645105845e-23
8.939252663106449624e-23
2.214104102227839718e-23
-7.971083601141822660e-23
5.509229480613084333e-23
1.556709188975828596e-22
1.941219815131555204e-23
-1.529845820284395874e-22
2.155900101303868427e-22
-2.364291867074899675e-22
3.848302710992723068e-24
-6.239100608983812790e-23
7.916509793610471236e-23
6.893232947098694622e-23
4.695914860877007607e-23
1.160339177060613188e-22
7.489961269406559190e-23
-1.049033995364668072e-22
2.727961664093540412e-24
-1.536034950474390827e-23
-1.338023563366322883e-22
2.314002389188915523e-23
-1.528958555274636998e-22
-5.282388927362036909e-23
-1.254763213486210138e-22
-1.171305053179809277e-22
-2.787825818158746359e-24
-7.614044981967430876e-23
6.984042036824867551e-23
1.016002577280551257e-22
-5.207549248139875685e-23
-3.649907290409664038e-23
-2.799110974550390895e-22
7.185486064576209936e-23
-2.671536603070520280e-22
1.284735365223485800e-22
1.630360405857878609e-22
2.226754005784950336e-22
-1.397200293013018338e-22
1.141028084236490084e-23
2.522769236637200928e-22
9.901336857367789809e-23
2.800916427064888603e-23
1.001951175522100560e-22
2.496035670432284889e-23
2.213714965010218665e-22
-2.024107635860635000e-23
1.674231060119533494e-22
7.112223375749720550e-23
1.100718673173649664e-22
-1.157709019118355474e-22
3.209302771856771551e-23
-1.503887375962632253e-22
-9.233584421151801181e-23
-1.432294623255852143e-22
2.109844622684896857e-22
-3.411694030334212916e-23
-9.423068341946165732e-23
9.928850938992351053e-23
-1.409025186756811575e-22
-1.415953081666429769e-23
-1.279067278245331073e-22
-2.130520651968966221e-22
-2.075701172863340651e-22
1.453938094094966078e-22
1.184454470600355000e-22
-3.702408383242235104e-22
1.715717501240993724e-22
-1.307065536912246675e-22
4.983177582024227769e-23
3.618788190290235505e-23
6.376117348209539270e-23
1.089189371056564283e-22
1.766277947324831699e-23
-2.602427656562856603e-23
2.525129009098300822e-22
1.922072405392081917e-23
5.620205854556098437e-23
1.123559348250993001e-22
-3.701169183684094106e-23
3.297896908725417432e-23
4.430300101603747612e-23
-2.086577669711754052e-22
-1.039235529612612568e-22
3.769419796734581081e-23
-2.050827320623102987e-22
-2.272744285541724868e-22
4.163803595600706251e-23
-1.014312439367026561e-22
1.108580110548587218e-22
2.204172313088436845e-22
-1.002550975120953771e-22
-3.275647447486493240e-23
1.841247231309557675e-22
-2.384507458703649853e-23
-9.511378716814559527e-23
2.175642070394015818e-22
8.748933719609831393e-23
6.337880868621420515e-23
-7.496672790765670411e-23
-2.481955688505770945e-23
1.446446512273953836e-22
6.983334938406153706e-23
-7.757355486278226236e-23
-3.425791302077013953e-23
-2.889688747443536716e-22
1.359857289804472316e-23
4.973662185198722256e-23
2.462861572208798995e-22
-1.222422191021453006e-22
-2.923162385493653363e-22
-4.917258297076700999e-23
2.031146158952814667e-22
-8.195303504678460425e-23
1.281145422804365193e-22
-4.201334910020578273e-23
1.116221743731857508e-22
-3.607937995393136317e-23
-2.478477025576173102e-22
-6.247380787712309302e-23
5.443382618405852907e-23
1.745251572770196085e-23
-2.883589325364511182e-23
-1.601638583589365967e-23
1.172021573697764206e-22
-1.877379650971506378e-22
2.424645735625829996e-22
1.098864168620692737e-22
2.114825312303236620e-22
-5.009667042305979886e-23
1.137194575087999992e-22
3.954141471065515717e-23
-5.540199271976185199e-23
-1.885361165525716561e-22
7.479622420502711624e-23
-1.359880632611340018e-22
3.203792938742858787e-23
-2.658088185077589213e-23
2.163094061419643117e-24
-6.644958487241965812e-23
2.528617513048784176e-22
5.552232902171678101e-23
-6.436014001969081037e-23
1.600654813158378639e-22
-3.556236491663533425e-23
-1.411917330145861932e-24
-2.196175161332017955e-22
1.184232688302700492e-22
-2.936583904888431776e-23
9.462583071941680590e-24
-2.880311787086781948e-22
-1.913524800738587230e-22
2.257458991293489200e-22
-2.185471824551531583e-22
2.627668433223217540e-23
-4.265872068832884310e-23
-6.489021128481737583e-23
1.908086496358724842e-22
-1.046960907213935238e-22
8.040148453088488393e-23
-1.745968921597907498e-22
-1.668347813678381818e-23
9.181733962384481695e-23
7.753659900189702940e-23
4.739249044941680189e-23
3.189857561759879965e-23
-1.645217907157409704e-22
-5.435716260342244768e-23
6.457947475873908125e-23
1.823750722479273028e-23
1.408257878847178208e-22
1.637194540903431285e-22
-1.161859691388606370e-22
1.364803458912209396e-22
-2.197674980016832552e-22
3.194882218939482390e-23
-1.505189535971396242e-22
1.076479762960531141e-22
1.014742843585435881e-22
1.197325900139898655e-22
-1.710866459823046579e-22
9.826216414313842386e-23
-1.434573860332991082e-23
-5.109325010350021710e-23
1.419821020131231988e-22
3.305330234013161449e-23
-7.401095307246552587e-23
-4.120995416126201537e-23
-3.055867626727749869e-23
-2.814025445689722664e-23
1.563789085756191557e-22
-4.924828209312984723e-23
4.761020589847925336e-23
6.476683179020755206e-23
2.375512249679896133e-22
-1.264703340930906683e-22
-3.410643118545478689e-23
3.876961859238491666e-23
1.344295483934236964e-22
-1.490765379787541097e-22
-1.794427860347332966e-22
9.246963838616152477e-23
3.483634657635857778e-23
1.181139195325385637e-22
-1.301906396728389985e-22
2.101359776515632421e-22
-4.535680633159630866e-24
-5.721767834793950862e-23
6.479398801367189341e-23
-2.056523822748277795e-22
7.718463843690335007e-23
-1.576896278577599534e-22
-6.666115346513683214e-23
2.260896585976348160e-23
-8.220932757993915023e-23
-2.723579308431311003e-23
-1.707522663594749961e-22
-9.300606381831552945e-23
2.764629942971296221e-23
-1.923019747669405203e-22
1.662982415638684284e-22
-2.691477910277906287e-23
8.310694705975366314e-23
1.048594274596395277e-22
-2.169459607273648975e-22
6.210420108660248494e-23
2.431978476676541853e-23
-4.075772075760751961e-23
1.295033970276557338e-23
-7.243388554805873408e-23
-1.473919505481735234e-22
-9.803331808228327258e-23
2.863764796253887716e-23
8.847114746262616910e-23
4.278884301896364696e-23
-6.712715415705237513e-23
2.426826524912808291e-22
-7.761576930989268092e-23
-1.029268860357578909e-22
9.010408819968329320e-23
-1.485196800127719051e-23
-2.821115896728291412e-23
1.802941771913910740e-22
1.955954259577844153e-22
1.420788835285019363e-22
-1.208096137138886297e-23
1.942544734772514650e-22
-5.637062523888107387e-23
1.225698288812626221e-22
1.394622384387523520e-22
-1.337798944965553623e-22
3.272104220756624005e-22
-4.067218627105266827e-24
-6.247480635113339912e-23
-4.637209105534797450e-23
5.529501701270226855e-23
-2.044562041132736732e-23
1.728901609711865022e-23
-4.673295758747450888e-23
-1.821059458324961513e-22
1.804550805400838179e-22
-1.443942152729272585e-23
7.427678017848144441e-23
-1.170539139542751514e-22
-4.144660470515552236e-23
3.922837372453570450e-24
-2.387372522582406217e-22
-2.542527372725875393e-22
-2.995191574828379068e-23
-9.148478740093856189e-23
-1.055072497307951936e-22
-7.556118501354108481e-23
-6.740842295725381943e-23
-1.005122902408255674e-22
1.131953909948768916e-22
1.281392430128613671e-22
-2.021500099543355134e-23
1.172465534062006236e-22
8.533935605585375694e-24
-2.140685907043101287e-22
-1.124116712571015807e-22
-5.800124928776096085e-23
7.160584595645207854e-23
9.982109775251133529e-23
-6.151416777016615916e-23
-1.422100534510600290e-23
-8.440418413358189814e-23
8.933779162352957030e-23
1.039820474884626286e-22
1.849365925555988952e-23
5.574803453495847250e-23
-9.172182856070021606e-23
-1.292371215999450169e-22
1.997274252219841798e-22
5.364996524358681415e-23
-1.120785341410197406e-22
-8.429223518803069109e-24
-1.036907205405095225e-22
-2.710404933251355862e-23
-7.149010857305185558e-23
9.973302043654228442e-23
3.292390130963938377e-22
2.251644240510872705e-23
-1.064095004008671734e-22
3.122800123570909380e-22
-1.240997901195046057e-22
1.557381328387547042e-22
-1.562840059460086853e-22
4.248383867879833916e-23
1.777060535991629612e-22
-4.006388832230709906e-23
2.706185508624101420e-22
1.667321092663534715e-22
-5.292779627284037582e-23
1.411280990249660875e-22
-6.786661131567254724e-24
7.196493043571739930e-24
1.384748853062795969e-22
3.110143871701617596e-23
-1.149374354623419269e-23
4.898433715362422221e-23
-1.970049763238046952e-22
-1.072538599757591993e-22
-1.196234261185548526e-22
1.435660460710548196e-22
-2.419960012116351115e-22
1.992798990456369519e-22
-1.169679167590494139e-22
-1.877671731469110218e-22
-4.110775357522674033e-22
-6.782749819568341673e-23
3.832627663312817593e-23
-8.381207453283776938e-23
-6.577089367840835524e-23
-8.292893804102558527e-23
-4.364444751581640162e-23
2.114743953624577280e-22
-2.546857439948355075e-22
-5.933069662154437770e-23
2.075615343555812689e-23
-1.532290670964853065e-22
-9.128471577269313485e-23
6.357380637345941236e-23
-1.280236041284431728e-22
9.452471655235363204e-23
3.236589190884179181e-23
-1.659342421248496845e-22
8.272753524507996046e-23
7.762788563454601783e-23
1.737719277282593829e-23
1.411910796207577917e-23
-1.957478847723817806e-24
6.485497013551291534e-23
1.131491786538242927e-22
6.433841241890596624e-23
1.147580272038834206e-22
1.167369825223135973e-22
4.126446677845645804e-23
6.359333914727709387e-23
2.039550605583259049e-22
1.299017028111393037e-22
1.442229109246526340e-22
9.329508849624821449e-23
1.974002234995404184e-22
1.707082769349637522e-22
-1.091244021537944189e-22
1.153981644634129520e-22
-3.676563603932152170e-22
1.100841003001030909e-22
-1.546407082261141906e-22
1.291938214979562724e-22
9.121483770703071789e-24
6.078509311518252975e-23
-7.465132269276688168e-23
-2.381725937385813565e-22
1.460020473468577530e-23
-1.729161762817236151e-22
-2.141839774830310686e-24
1.027571554048399651e-22
-4.237127076754836895e-23
-1.201460805996918134e-22
-4.547365171385313297e-23
8.212638541627863492e-23
-6.191005540437539071e-23
1.364599669545775984e-22
-3.734782339141273078e-22
6.520348805722697924e-23
-1.649323570494172258e-22
-1.540867018670536385e-23
-9.334122588856139214e-23
2.922986529051744507e-22
-4.789447798101072637e-23
7.113447345736543784e-23
1.510909030074276842e-22
-1.231747300228018439e-22
-1.730622322967987759e-22
-2.064890493645487117e-23
-1.138344823534066021e-23
-7.183202176914954284e-23
-7.665047686748712571e-24
-7.148917245380159184e-24
-1.113711371729306127e-22
2.662545721644181686e-22
-3.935333471245626169e-23
-7.515886874026891804e-23
1.064795044549143425e-22
-2.969572746671345284e-22
1.229426256093474537e-22
1.524182437079331253e-22
-1.091872402023620312e-22
-1.118527229109358351e-22
2.264643506287219741e-22
-1.408985310053047279e-22
-8.488848701054847846e-23
1.042338766021775158e-22
-9.086013388140097719e-23
1.880850517476754392e-22
-2.238653299903741911e-23
3.110501326565838230e-22
-6.717058714835815701e-23
2.672098332452370769e-22
-1.639640394896823346e-22
-5.982348892177783915e-23
-1.243742327895558395e-22
-1.182503800538524899e-22
1.423387709334812107e-22
9.659534206548737263e-23
8.293542616331941239e-23
1.295565420756338964e-22
-6.297974294926947904e-23
-2.276232930101203490e-23
6.699504186785498336e-23
-5.451087471507833232e-23
1.403842113238909245e-22
-1.372600739593263978e-22
9.352385721409995909e-23
-1.142349403613053565e-22
6.002771670612508558e-23
-2.083532900671470739e-22
4.508674414432324455e-23
1.406087775891063142e-22
1.613802343755449230e-22
-9.302532708898085600e-24
7.590459495123519553e-23
-1.152328071435661161e-22
5.384795245745890166e-23
2.367831446661800117e-23
-9.155873839341033660e-23
-1.278554816458015846e-22
7.458036925522782257e-23
-1.463958578479740546e-22
1.334506239651008757e-22
-4.415131390671025959e-22
1.083724842615321032e-22
-9.269305810707343411e-23
-8.242825430327767891e-24
9.477008826802890082e-23
4.596276550900764383e-23
-8.181562358187030277e-23
-3.787929399426533079e-23
7.807449602218522719e-23
-1.861235734446836021e-22
-1.681138837762964484e-22
-1.424101735778510296e-23
6.333745225791408785e-23
-1.678202904612217712e-22
1.256694174976882339e-22
8.454175523593693901e-23
1.024916379981911357e-24
1.234706664848836573e-22
3.290326477106510391e-23
-2.115226233527802151e-22
1.331964419574689845e-22
-7.974602427497124825e-23
2.256791296485113575e-22
-3.053840263167771792e-24
-1.262818959304139045e-23
-2.287520119136165688e-22
1.698271454064615551e-22
1.318925706598643981e-23
-1.009108537404472890e-23
7.327031690838398287e-24
8.153949646550806401e-23
-8.932633333247260845e-23
1.059910381496135718e-22
2.171379029428283959e-22
-8.394205390015139915e-23
9.724461819153204884e-23
2.581027492543388237e-23
7.866083090572108944e-24
-1.327481273925993789e-22
1.863257218275731280e-22
1.565920492481428402e-22
-1.616830764574398545e-22
1.725389764391184589e-22
-1.661866596959043625e-22
1.395013982184217347e-22
-6.973135173506251005e-23
-1.166177892844402766e-22
6.025122920430617188e-23
6.759275471592962984e-23
1.348775799634590784e-23
1.207880911406572298e-22
-1.148386145014693556e-24
6.523042178972809771e-23
-1.555734989534881420e-22
9.545089749337484366e-23
-3.167067779507853150e-22
3.121712540581654618e-23
-2.742490953606437411e-22
-2.763783328120029436e-22
1.780631883576540105e-22
1.177387943781118520e-22
-1.509092809484020065e-22
6.510349210400872203e-23
-3.458317304203243302e-23
-9.662876106322259808e-23
2.398215847242067614e-22
6.025893232534929375e-23
-2.042215949447251173e-22
-2.380328240626617624e-23
-6.680429863830683445e-23
1.311791346459188582e-22
3.592239956520708023e-23
-5.768489194199159956e-23
1.429028019896842997e-22
-9.182877677601257602e-23
2.397608450348637101e-23
7.025357456003381907e-23
-2.063753026197194300e-23
4.937636579714098247e-23
-1.939643850944716225e-23
-7.007910893681735214e-24
6.705707887984791081e-23
5.044627765607308187e-23
-1.754807039674390595e-22
-7.491829858926358003e-23
1.009479485037749133e-22
-1.674865422453726595e-23
8.359068900013527975e-23
-3.085111004913971979e-23
-7.164897246562280394e-23
-1.056103846020945049e-22
6.203303135282561019e-23
1.368897580847689490e-23
-1.504344849842352646e-22
1.140436851514367448e-23
-1.364713587158687753e-22
5.887378022018540716e-23
3.371799584664460901e-24
-4.462723548304999245e-23
-1.340747420209656503e-23
2.748709645380501330e-23
1.675928912428815434e-22
3.949642188513168478e-23
1.444547184535170816e-23
3.887558056129818779e-22
-1.876853869795730176e-22
1.916403901254528881e-22
-1.740716762966395088e-22
2.236976767904825408e-22
1.465477178397560393e-22
1.580526220745409449e-23
3.208703021304645007e-22
-6.443616958536358887e-23
1.187432124674113744e-22
-4.376240541183477490e-23
-1.929588594415461261e-23
-9.362190457807290270e-23
-2.900932429282266557e-23
-7.436759157014003038e-23
-1.944490176665655030e-22
-6.218496615954283336e-23
-6.246165130573358838e-23
-2.223287463152437878e-22
-9.164677071459893339e-23
-1.860902828126675858e-22
1.045822967474361464e-22
-1.008565163011050501e-23
3.369163497381965851e-23
2.670483931053026215e-23
-9.615285914294012415e-23
-9.114884345652272842e-23
-1.055577520625424651e-22
7.707024867764375308e-23
-2.411551115690919526e-22
1.937878653315951525e-22
-6.389185000205057300e-23
2.249415168652352473e-22
5.206779042108044204e-24
-1.180749679541719316e-22
2.286067827469317313e-22
-5.510122745111666543e-23
1.673814059649893265e-22
-3.599421971344956090e-22
1.486738861062937707e-22
-6.239749058741675404e-23
1.153380443607886947e-22
-8.147792157248612789e-23
-2.958450517924841764e-22
-6.819191074438983564e-23
2.897035857976075106e-22
-3.538903794101664902e-23
-9.104042061031178715e-23
-4.050411630268327618e-23
1.833047378586384237e-22
6.135931824399541097e-24
3.243960226687076736e-22
3.979280507844625494e-23
1.286954759026300474e-22
5.712559314917327224e-23
-1.278938976104692256e-22
8.175278133337787823e-23
-1.657215186596841966e-22
1.317903644623804698e-22
1.352368756578268517e-22
-6.265290298406730778e-23
-2.384155799336514022e-23
-1.803560578448640304e-22
2.432253254425459899e-22
4.651450521935598930e-23
-2.959626076871411281e-23
1.224906686529023424e-23
-6.637676577130122376e-23
1.890666230913711545e-22
-5.696885399120948612e-23
-8.459409512276827186e-23
-8.348274805934553269e-24
1.745894857245558569e-22
3.632725183307307942e-23
-2.136960971252177689e-22
-8.740797059368262964e-23
-6.494025139116296337e-23
3.270134704905582940e-23
-1.155074690376841007e-22
-2.142362915307765048e-22
2.669755950346966429e-23
-9.135718090343409153e-23
-2.116085212236501189e-22
2.108708352946098798e-23
1.972983731232493529e-22
2.340319264413331993e-22
-2.813411455108941312e-22
-3.391899722076855084e-23
-8.862693835506307597e-23
6.403905100671743526e-23
1.614076144282001365e-22
-1.613903140932308908e-23
-3.851149132841684294e-23
-9.908936112964764097e-23
-1.325306421593874601e-22
2.440024844179845362e-22
1.936747635663672235e-22
-2.052743389976503386e-23
-2.497761110770571404e-23
-5.490743979296926237e-23
-1.785504918005392276e-22
9.163637404352074621e-23
-1.439214635062356318e-22
-5.731673880364580113e-23
8.423189501385712133e-23
1.647922754785133210e-22
2.843003524719208936e-23
-2.005485484803166789e-22
-4.886304823855458744e-23
9.104848906789154151e-23
1.563396841195705908e-22
1.310003208445172202e-22
-2.049102857442606247e-22
1.500700235265647328e-22
1.312932073156113279e-22
1.036261287567723689e-22
-1.716699994239671136e-22
1.241827730486895104e-22
1.768112569221444309e-22
-1.767855402076503613e-24
-1.973891871909238143e-22
8.579947796099525357e-23
2.155392153820204664e-22
1.202443284897524337e-22
-1.133028749442283837e-22
2.295467840203140983e-22
-1.030249520783149572e-22
8.289464455858992532e-23
-2.392441054509178684e-22
5.012977567608759784e-23
-1.202338555599821879e-22
-2.501248691256841307e-22
-1.181744731310442290e-22
-1.675748523067275047e-22
2.076384980747527794e-24
2.799832419273009974e-23
-1.067922143730772995e-22
3.974141680882802686e-24
-2.662256213360687675e-22
1.142459068097612737e-22
9.590701196115156837e-23
-3.197717268111418658e-22
2.287177089588651812e-22
5.980742258060874111e-23
4.392194026952299320e-23
6.172515739436667838e-24
2.409267805565625487e-22
-1.814734132711591456e-23
2.580158782688236437e-23
-1.889407996300623768e-22
2.349448732384443496e-22
6.370998867064941275e-23
1.391198339428125226e-22
-1.593724057323070968e-24
-6.005497027957908329e-23
1.272418142427901395e-22
1.004209084458532150e-22
-2.088110528479195946e-22
-2.769557709237153296e-23
1.974172436632184665e-23
-2.427026879633170984e-22
-2.426968563850336282e-23
3.556689400982363947e-23
-8.453917894742540505e-23
1.396378248466554865e-23
-2.185809860674597359e-22
1.752994644296870693e-22
1.494891056880904746e-22
-1.397475454690180161e-22
2.362664061136556544e-22
1.070067411901729877e-22
-4.538183636355106732e-23
2.651042695518694299e-22
-1.662620704356482120e-22
2.000799866515681760e-22
-1.269219917526431914e-22
-8.776299868474748657e-23
-1.675018948214462290e-22
3.083685298542929490e-23
-8.270480432839185261e-23
-1.107983568026445294e-22
1.134059912379687952e-23
1.578122549860811076e-22
-2.370092183563764413e-22
-5.088267381973952349e-23
-1.747049087699386037e-22
1.838571925512315016e-22
5.003267009026767988e-23
-8.265237209377584803e-23
-1.186419643546763738e-22
4.167461236772139559e-23
7.887506842225463920e-23
-1.370088846952539358e-23
6.238372700789906434e-23
3.744212951788008543e-23
3.117744574076403308e-22
-1.266793685144557182e-22
1.830930763662842981e-22
-6.794885507315804256e-23
1.024371194409962361e-22
-2.298660697362336047e-22
2.368074504700916251e-23
1.544310172158035374e-22
2.304113457152043468e-22
1.255786800239379415e-22
1.626619589267300483e-22
-9.353088572679705011e-24
3.758306101923076887e-23
-1.569648019407841912e-22
-1.990297075800414968e-22
-1.915316605643566696e-22
1.774683841759567493e-22
-3.613682668201727962e-22
-1.334283546963033167e-22
-1.377517657104088390e-23
-1.740001693800408787e-22
1.032598025566217560e-22
-7.788964172563004052e-23
-1.387686635519242869e-23
3.420011062762279803e-23
2.114559706645586427e-22
2.542374081101820951e-23
8.853765078014397000e-23
-4.192708390289455603e-23
-1.434931155474287923e-22
3.741843519071025793e-23
-1.106835892494689701e-22
-8.592829068972215858e-23
5.963391380114173490e-23
-9.256585643320160295e-23
2.610438130089588714e-22
5.303045632008102659e-23
-1.810427664512666896e-23
-2.934594672830662319e-23
-5.955678500333674631e-24
-1.741602281537800613e-22
1.847608759420355353e-22
-2.730372037395596606e-22
2.018834803190959294e-23
-1.089879141668986450e-22
1.327743203666245503e-22
1.975990606067587315e-22
1.605560982121728448e-22
5.853740925682776128e-23
2.341859082124392350e-22
-3.585878746070585208e-22
2.068654866291203130e-22
-5.870020429377484713e-24
-1.149668064667195064e-22
7.584908233498533585e-23
-3.673981458831819573e-23
1.679729828893028069e-22
2.293697110874238682e-22
5.967230373517759156e-23
-1.303731757091893498e-22
-1.871580278010697899e-22
-1.723234422137359122e-23
-1.260285676806996356e-22
3.747567306277483457e-23
-3.757458687457289426e-23
-2.048987173511719913e-22
3.863659789559130696e-24
1.744161354050580460e-22
-6.803063072960551669e-23
1.112612634111242986e-22
-3.177539350503918951e-22
1.124397414135267336e-22
-1.285801347024148772e-22
8.683880130220107779e-23
-1.014170507700001859e-22
-3.005570786549887390e-23
9.919722207400865058e-23
-9.645647549339592187e-23
1.490220962712649636e-24
8.518093749776366109e-23
1.255626817095276951e-22
6.993689161459216637e-23
4.123353427867710400e-23
-8.399958570425089442e-23
1.574689022065635901e-22
3.412542450084349065e-23
-1.264315256434059972e-23
-1.340481723407880211e-22
-6.718152003033837542e-23
-2.018115033370459879e-23
-9.417050221422065223e-24
1.404371022025201473e-22
3.774692520113155292e-23
-6.425654742697362679e-23
-1.964704493364372289e-22
1.510015326117856386e-22
-9.926299889472668801e-23
-4.765279407424407366e-23
5.235758807726882705e-23
-1.285806027555764005e-23
-4.095457334393516634e-23
5.630492481831008855e-23
1.010448980492479791e-23
1.101024081248060954e-22
-8.312430700712867510e-23
-2.018033649001986286e-22
2.964321035979284157e-23
1.221316648826329725e-22
-8.729796726634886558e-25
2.213352025113469991e-23
1.181066711865254155e-22
5.111651534635870875e-23
3.460029525747516770e-23
-2.678705480616094842e-23
-4.379281856831179714e-23
-1.808217848903486208e-22
5.484060877883576258e-24
2.307918955712755868e-22
-1.359815549054053414e-22
1.510200874316825831e-23
6.631075040046019727e-23
1.879639277685284144e-22
1.812427736615008916e-22
-4.550197264482814613e-23
2.291385440228786388e-24
-4.253929739426189608e-23
1.251499872937387152e-22
-3.294538826673614921e-22
-8.123838807494388855e-23
-2.438056558226521146e-22
8.532377481050812351e-23
-1.627632431139624466e-23
1.292421524831865389e-22
-1.796181027007956930e-22
1.868458607471383460e-22
5.704552622462367836e-23
-2.092693653319060096e-22
-6.562080333984530424e-23
-7.842376109355027219e-23
-8.294977505154280495e-23
1.360819932188402683e-22
-2.934221194967514365e-22
3.141464176481075509e-22
3.551445247553794988e-23
4.445796141657053520e-24
8.156033366704199898e-23
1.130858450402619795e-22
8.334755750594952798e-23
-2.726023776857946531e-22
1.581847665043451949e-22
1.670365037283561703e-22
-1.373505242241964994e-22
-8.406173492457136319e-23
2.855253100729105653e-22
-1.687434130066136325e-23
-4.178594599554430952e-23
-2.012354673854640527e-22
3.266594599750409013e-23
-1.255349562478701417e-22
3.215083735033888077e-23
1.985162129864072000e-22
-1.879789427733287163e-22
2.945713091636597330e-22
-3.871868591472592760e-23
-3.203630750482046487e-23
7.526205899040707574e-23
-3.733688688714882381e-23
-7.205265967752297311e-24
2.631382328436580818e-23
-9.447681646767774563e-23
-2.553422627811589239e-23
-2.179398549206354257e-22
1.934005370176013135e-22
4.019385066192752677e-23
-8.349498696151243700e-23
-3.183589586661607665e-24
-1.518086842405045920e-22
-5.253743117347750210e-23
-5.766593084557649471e-23
5.031788655828099793e-23
3.810287175122580356e-24
6.310927899027787287e-23
-1.733270800328333947e-22
3.255636143300028226e-23
1.528746586730153121e-22
-2.643471610373658378e-23
1.734876667786444588e-22
6.493751449165229203e-23
-6.544854611859348745e-23
-1.875670510289121718e-23
7.120034063241448045e-23
2.925656130327546678e-22
-3.003618865363284377e-23
-6.548219705369818094e-24
-2.158152707650225993e-22
-9.825921287940519219e-23
-3.595510234318275339e-23
-8.841025282549244297e-23
-3.178327917602556493e-23
4.336552814739078528e-23
-9.302713699417566468e-23
1.934471705508899042e-22
1.881079826255019148e-22
-1.868523952478452505e-22
-1.536917219265965189e-23
-1.243490139780611791e-22
-1.772024526206908223e-22
2.262678254289597849e-22
-7.085161503887887776e-23
-8.756526345716875855e-23
1.802070194840885301e-23
5.322987261447606987e-23
-1.480844382131058328e-23
1.414934583383274580e-22
-4.301915049153128801e-24
2.036927801313700165e-22
1.273713982407324751e-22
-9.889383429576736926e-24
4.985778350607843565e-23
-1.673174770312044315e-22
7.028175213437678748e-23
5.542737135329609702e-23
-2.894009043128196536e-23
-1.724270884690112390e-22
7.854287645731522873e-24
-8.966031354352860181e-23
-2.649028032824531359e-24
5.402917014076779714e-24
-1.461614199503465263e-22
5.227723900825337459e-23
-7.012121455362939499e-23
2.058313043731819909e-22
1.783257358844922067e-23
-1.052272796487167918e-22
7.485429228532066537e-23
-1.912631955026622996e-23
-6.620743245438187909e-23
2.242186775395210801e-22
-1.605213106155451818e-22
-4.482101781849513389e-23
3.776863434633848737e-23
-1.926038503553701340e-22
-7.200385244670276791e-23
-8.649205709402601790e-24
2.841705088824975673e-23
2.397015075070441881e-22
-1.973839917522611851e-22
1.157059329713961607e-23
2.957651088666353257e-22
-2.172563019887800682e-22
2.046392229595701719e-22
7.721216525347640016e-23
9.893266444037662541e-23
-8.080411738879592806e-23
-1.916157798635721785e-22
1.227688152257232511e-22
-1.574264548005848608e-22
9.489877034310757160e-23
-2.419778062025138351e-22
-1.844135108208091650e-23
-6.605325595574555266e-23
1.481961035573719389e-22
1.556396609565763563e-22
1.500535372616746586e-22
2.484630872901438159e-23
1.251798083538054970e-24
1.285428370885733089e-23
-2.794100818675975837e-22
7.191756986103271574e-23
4.983226815361974865e-23
-8.659707638232628703e-23
-4.094671512032132483e-24
-4.777864022880758529e-23
1.118259616240200079e-22
-7.380858622631836882e-23
-1.003313001189253123e-23
3.507155752822403292e-23
3.784342905074040363e-23
7.565584868008929668e-23
-1.943969449194568497e-23
-2.152161742062531539e-22
1.297884295441806912e-22
-1.023923837263497441e-22
-1.456741332848868152e-23
1.639640049179643039e-22
-4.835253032929599124e-23
-2.447452088928923322e-23
3.389488646728505272e-23
-1.613440719829016302e-22
1.736567914175220039e-23
-1.077384937140196714e-22
1.088586533290837383e-22
-1.304874006132289728e-22
1.483883413457831104e-22
1.624203841866760176e-23
-1.072008149220670407e-22
-4.127830530536237349e-24
1.747202596853735069e-22
-4.343706758069171802e-23
3.911753827305265418e-22
-2.385268919140491420e-23
4.162136032266934566e-23
-1.948348290548694019e-22
-1.389813854994058211e-22
-3.204738288889011793e-23
4.930749747856899830e-23
1.185046332949138043e-22
1.084983258176990063e-22
1.133530873539728412e-22
-4.016914426203891507e-23
2.421746075966101899e-24
2.164551757603474023e-23
-2.537420850938442636e-22
2.089373756726811941e-22
2.522158880710887251e-23
-1.813012964602756718e-22
-5.027375705661151252e-23
2.275528900572201590e-23
2.072304138164586557e-23
-6.466467222747113531e-23
1.039719226676539192e-23
-1.379492032833077007e-22
-6.298741860019962215e-23
-1.442585566358738746e-22
1.010286176024100530e-23
9.967591388165270082e-23
-1.713403267283560347e-22
-3.413189914215810187e-23
-7.388025433720229890e-23
9.661854649750679189e-23
1.090396514709580658e-22
7.588306679447594138e-23
-8.276247381115194943e-23
1.691498121779852438e-23
-8.662306223795522264e-23
1.251551095631297383e-22
-1.742876938356160338e-23
-1.774700007185402320e-22
1.602460192319207198e-22
-2.236796042957300612e-23
1.425531926129093443e-22
-3.504142039270815504e-23
-1.253959061325314250e-22
1.177629738089693071e-22
2.454743731025727029e-22
-1.556118468801630727e-22
8.627712580964043351e-23
8.509885472053359207e-23
1.646222647828025517e-22
-9.130143019374026912e-23
3.629917358763743065e-22
-9.896099856904577311e-23
-1.287743776019933356e-22
-1.605017483765899243e-22
2.081816857122839396e-22
-1.171197840559180255e-22
2.002723915456278785e-23
1.153261917610450204e-22
-2.486368152679334356e-23
-2.806578409371240566e-22
1.576275865407850275e-22
-1.218840790292479380e-22
-1.326280642919280579e-22
1.594853448067738062e-22
7.803501597158898412e-23
-5.056930211762545641e-23
-7.812258393225279147e-23
1.306282626067681701e-22
-2.626415526312773201e-22
1.614189944107167731e-23
1.269494795514094356e-22
-8.463221836414896345e-23
-2.736534642581163877e-23
4.210816799249271844e-23
-5.466880013814585738e-23
-1.646247569203082164e-22
-2.205849784768946648e-22
8.877679345487348658e-23
-1.340956141640076146e-22
-7.224009487872856163e-23
-5.553288966311483188e-23
2.277557815472690010e-22
-3.102261321150535393e-23
1.804029428962355074e-22
2.887609345291573194e-24
3.092792017908264077e-23
1.018553948504140857e-22
-6.733423387222632077e-24
1.647575708359650934e-22
1.638433649538606747e-22
7.578436302068957980e-23
-2.182801904935064921e-23
-7.559159508324418014e-23
-7.514724448538485867e-24
-9.748510695162139373e-23
-2.517813641873991123e-23
-2.070332868221117369e-23
-1.469597358622909501e-22
-8.280531089193760990e-23
5.476279080971987710e-23
-4.601468822315840995e-23
1.253889662967080640e-24
-1.491643924721037986e-22
1.730210523328228002e-22
-1.520435378530522674e-22
4.018674010842554596e-23
-1.516351074572481524e-22
1.916691808114646503e-22
-2.553850550224326342e-23
3.524938566559742014e-23
1.075399568885318416e-22
-4.419981521256715987e-23
-1.458055569998250346e-23
-3.528724325519325447e-23
9.895970705215139900e-23
2.320590669457615546e-22
-9.029476158360600152e-23
1.763866784291546962e-23
3.609637423785045791e-24
2.051442173930510864e-22
-6.806935899339730440e-23
2.788368448957457893e-22
-9.175670871705279509e-23
-1.399951281088117914e-22
-2.515967593308238225e-23
-2.075107286560069598e-23
9.421913587125063596e-23
-3.010389894237744769e-23
-3.418291915256261901e-23
-1.309009498849433542e-22
2.268052546885227583e-24
-1.588035670700898528e-22
1.263168236054536266e-22
1.636705531133198136e-23
1.422831694808111817e-22
-3.052761504289894090e-23
-2.288945705779397863e-22
-6.126772706885608516e-25
-1.647719066360640430e-22
2.006806148503762752e-22
-1.226462612826673381e-22
8.538556689725622520e-24
4.334061036016024671e-23
1.570082529400780668e-22
-3.200737956349417485e-23
-7.822693519693621296e-23
-1.098873569881182333e-22
-5.376427361876513009e-23
-8.540333168977146156e-23
-5.107751250950640831e-23
4.724352689353306934e-23
1.583785597291793738e-22
-2.456124248071495039e-22
-9.016118032246696301e-24
9.391044601887918618e-23
-5.091542351835219724e-23
-1.001933089280380401e-22
-2.069243515935508265e-23
-1.067975554400362885e-22
5.591237645386093836e-23
-1.673703069847882234e-22
-4.638515384152519879e-23
6.733054727420601410e-23
6.926908451639328187e-23
6.720740226583612688e-24
2.479367359411862658e-22
1.213580055795766061e-22
2.215091524908854709e-22
2.855852086414556456e-22
8.818108141898074839e-23
1.375888390545733832e-22
-1.932429876223164497e-22
6.750842940395950683e-23
-7.249803950410867572e-23
-5.853378648935450452e-25
8.070066695990666695e-23
-7.498873631549335237e-23
-4.827941052882315345e-23
-4.835233831781368255e-23
-6.981104189316729491e-23
-1.225211947636068780e-22
7.455062172383844592e-24
6.731155878563276617e-23
1.268251366032580530e-23
-8.998600591712820634e-24
5.252509206482070370e-23
1.488078032262072209e-22
-2.529082079659309750e-22
-9.402544608979103593e-23
1.217726830353574901e-22
-8.247656160010564311e-23
1.282329784003001023e-22
2.170793252762594807e-23
-1.391191441439487968e-22
-1.939870949175075469e-23
1.369291021827200621e-22
-1.135541902340273328e-22
4.937236204491484804e-23
1.264140186739239843e-22
-6.322121373444956171e-23
-1.574486291175621996e-22
-7.279028782701818928e-23
2.221018083733706197e-22
-2.570484473089093953e-22
-1.130062057913982838e-22
-2.624101083195734158e-22
1.310037101593875142e-22
-8.649125710678336643e-23
-8.488559540638124691e-23
-2.738420464615725239e-23
2.413296562480853010e-22
-1.969551522199699550e-22
-1.001796382169605048e-22
4.402729723579331329e-23
1.096076967940828533e-22
1.999985791144030539e-23
1.475756315159457092e-22
1.489387135068252406e-22
-1.818041687621215264e-22
4.438853193664372724e-23
-5.959735173786631795e-23
5.016403085587576555e-23
1.975531106756453604e-22
6.252587473387562198e-23
3.044993998465901538e-22
3.872985291246700914e-23
6.964835639074618895e-23
-1.628840600773504084e-22
1.253381829610812286e-23
-1.345739381813399409e-22
2.801018136540533109e-23
-2.016294861803613732e-23
-1.711177840367769245e-22
-1.120735130482581607e-22
3.521860953399632777e-22
1.161373803060288920e-22
1.751327386034691578e-22
-1.257288764051026310e-22
-1.246527985626601504e-22
-6.324282858093661727e-23
-1.387649491841718678e-22
-1.219934628896957409e-22
1.625109607019541340e-22
-6.415710555675785382e-23
-1.792714448439409730e-22
2.727945268173450623e-24
-1.258370559018174427e-22
7.152983323234200532e-23
1.572278795327437632e-22
7.543747937368457012e-23
-5.875156705004515607e-23
9.001852807549632199e-23
-1.305011192437253118e-22
1.119166470620883570e-22
2.058829634891243819e-23
-9.102561441994181538e-23
5.809004291975153697e-23
-1.803116657635892998e-22
5.795376416549633805e-24
1.908889793098592617e-22
-8.146597264752128920e-23
1.914560441193947174e-22
1.728308772450652276e-22
-7.033398678738726731e-23
-1.759183411376665731e-23
4.472080769250858000e-23
5.708365736502100229e-23
-1.089972856287914939e-23
-1.343763639411655139e-22
-1.297254681838890783e-22
1.326653955454421828e-22
-4.040056491182351138e-22
-6.909344738601897087e-23
-8.906915127358100209e-23
1.555284143858214182e-22
2.453699131597140981e-23
1.023810693268889089e-23
-1.120727805198441864e-22
6.488835370436551873e-23
7.412000141091339358e-23
-2.042810271295088643e-22
-4.572537995910684023e-23
-1.132418883597261380e-22
1.362543961019022826e-22
-2.167828175957380203e-23
3.748157783211246187e-23
7.800890695172711094e-23
1.396891324813117144e-22
2.598606852009133963e-22
4.427662283709199024e-23
-6.657196754195125851e-23
1.495363237842445933e-22
-1.895249987737370994e-23
1.555218238216697087e-23
-6.274066600491648002e-23
-1.008237674110882800e-23
-1.125935266008678058e-22
-2.401565541689438647e-23
-3.268511760030666420e-23
2.046940301164955296e-22
-1.697242721040417053e-22
-3.527481779937798921e-23
5.164673835835924020e-23
-6.422990686914974683e-24
-6.522944033462896354e-23
1.359373950157543465e-22
-2.145409471484598699e-22
1.184908867824012273e-22
-5.785983971233040069e-23
2.552051133302807794e-22
-3.523116853083523989e-22
2.024635990731517018e-22
-1.963572093147196389e-22
-8.751463700766812190e-23
-2.203380440799929969e-23
-3.058230523213820257e-23
7.035595151783180594e-23
5.418263793265454336e-23
2.182836036286077824e-22
-1.416366308912336491e-22
6.697331003137597429e-23
-4.334671174320445947e-23
-2.668578407537738531e-23
4.465314849202719496e-23
1.896311610123441129e-22
2.302355092017347026e-22
2.184903810368513313e-23
-2.215889304867618995e-22
-7.836931480426089326e-24
8.187592853259054918e-23
-1.144354686223106118e-22
7.004200571611440740e-23
5.221048777448242385e-24
1.975077922935871594e-22
-2.541159861463362641e-22
-5.793785057309967369e-23
-1.059086239386057831e-23
-1.934035051638090736e-22
-9.696563154475700418e-23
2.995621381749363549e-22
-4.933579380131956607e-23
-3.634525920496300074e-23
-6.602697902186863069e-23
2.538327033333444620e-23
-6.588702518408690113e-23
-9.889591517909910099e-23
2.130855947272150324e-22
-2.125847344487987406e-22
1.032253014230535164e-22
9.061766481304262180e-23
-7.614233785246806581e-23
-2.459419197398561944e-22
3.338670268745915363e-23
4.273017416357948758e-23
6.171376681490007747e-23
-2.427655919859990768e-22
7.078863747637804708e-24
3.381620025069770586e-23
-5.785587126922801169e-23
-5.183591973742214936e-23
8.315365144307609525e-23
2.633099158264077978e-23
-4.143457636780036056e-23
9.381805419955710935e-23
1.412332153403678276e-22
-6.822622811828712367e-23
2.289783811758610185e-22
-2.684361705852790665e-23
1.287266824939218179e-23
8.558312577496586365e-23
4.619186782898994601e-23
-1.025184932904526246e-22
2.428560861578169148e-23
3.200204988954217906e-23
1.568940664127598418e-22
-7.146825106889034231e-23
1.652591619487195211e-22
5.953976742299078194e-23
-4.096244695370568524e-23
1.446712252872636018e-22
-8.496334992069444784e-23
-1.096764626388916522e-22
-1.565431370934473045e-22
1.375343920899279990e-22
8.832938654953159246e-23
-1.661512881452228647e-23
-1.574440426468883941e-22
8.260641320768995931e-23
1.261434386052844580e-22
-6.725745995025844559e-23
-4.939759428933722477e-23
-1.257288485116640909e-22
-6.208149760588047923e-23
-2.239089245684356710e-23
-5.265530927830141036e-23
-7.834100721404000462e-23
1.685079737938619057e-24
-1.204724463937204737e-23
6.941137911729253454e-23
8.172374019215700492e-23
-8.319961231441517858e-23
-1.089107011769147338e-22
1.813849518317535301e-22
-2.864674032612435221e-22
2.260494717512972119e-22
1.137423595787187342e-22
-3.327187049059959432e-23
-4.702448026454437959e-23
-1.148226386885022645e-22
-2.304589733538084403e-22
1.056217068890509347e-22
-9.662417279814915466e-23
1.435870980833282631e-22
-1.808398447912343222e-23
-9.819761871926812658e-23
-2.817786302718335431e-23
7.023616841976537502e-23
-1.523232788457293659e-22
1.506920149762858275e-22
-1.195831139097029519e-22
6.648392880023186616e-23
1.166148599514616107e-22
-2.292356061262447468e-22
-7.664738873314984413e-24
7.199181715959430740e-23
1.021600375091227150e-22
8.769847794765378606e-23
-2.473982903668061324e-24
-6.757355280654647884e-23
1.160971894735042036e-22
4.387861909648472337e-23
5.307387394645520972e-23
-5.538861442730591140e-23
-9.988923813464073103e-23
3.481214891584742616e-23
1.704670668353282268e-23
2.170386860682689092e-22
1.275259016541777662e-22
1.433512131720667829e-22
-7.278095419460715715e-23
-7.091796001316190118e-24
3.402382129180240359e-23
3.263765760990586550e-22
-7.974219768751755708e-23
-2.370477851322299346e-22
-6.862059694693646536e-23
-5.733866031000078998e-23
1.029624403612332129e-22
-1.212147731480848028e-22
-7.467679277372757308e-23
1.615125365135740381e-22
-1.164186913021829797e-22
1.138237824538037351e-22
1.358090533713547621e-22
-1.412737126112776475e-22
-1.315936000127173214e-22
-3.690103942993979725e-23
-1.748587601590442042e-22
1.281646704453070170e-23
-3.711950831400587196e-23
6.628031883082537700e-23
2.332558359587948111e-22
6.120093274806780623e-23
-3.847285713980130860e-23
6.156830801375439190e-23
-1.178199714547586298e-22
4.040890273340037611e-23
-4.201033320090561111e-22
-2.474677228628252383e-23
-1.017216780790920270e-22
3.303054619993859316e-23
-4.659679975353420116e-23
8.787126831180171463e-23
-1.272592126495802496e-23
1.045547646227372938e-22
-1.986227193940587859e-22
9.426291648824568984e-24
9.081612301143120421e-23
1.664432079298664799e-22
-2.708489739469239558e-22
-3.412468088162939605e-23
-1.878924675751497496e-23
1.757810569802386277e-22
-1.650680633624261780e-22
4.338776389873761893e-23
-1.958521637261398943e-23
-9.453134040574857358e-23
-4.070549344279449795e-23
7.826364207695864475e-23
-1.624714838856458206e-22
-1.022261063368591680e-22
2.556640910056286633e-22
2.122893714990860749e-22
1.082977935085666956e-22
1.700064129722879476e-22
1.916125638766024445e-22
1.332957362194109039e-22
-2.531415533561210951e-23
1.717830168884979140e-22
3.125795111749191413e-23
2.487442539126991994e-22
-4.859267867356063689e-23
3.701282287046629909e-23
-4.968690372221608813e-23
-3.478120571991513262e-22
5.094629164277763502e-23
-1.176077920897741397e-22
-4.655521443724773076e-23
-1.234504439443470010e-22
2.606201014072963283e-23
9.580555477912690777e-23
-7.060883070274968038e-23
-7.872630183800007007e-23
-1.251468733673793215e-22
1.464367172463554889e-22
-5.810158241632554643e-23
-1.691370799303258562e-23
2.025204971549960498e-22
-2.634753687751099001e-23
-3.202514969480039365e-22
1.844791762561416153e-23
5.654023547566923411e-23
7.167132642607203092e-23
-2.074102298509684796e-22
1.240192646524320481e-22
-8.219016527756769940e-23
1.429155792858544131e-22
-1.320439881560966825e-22
-6.479096065295827951e-23
3.371727471585607357e-22
-5.181848955906042409e-23
-2.365532828217094717e-22
-9.525435251350098747e-24
-2.220985197092633667e-23
-8.281411005182574972e-23
-1.675001657153564483e-23
1.419459138273937716e-23
-1.395168974197284230e-22
1.872401871013998468e-22
-1.121964856479649989e-22
-1.562666708270979292e-22
-1.653105692769089373e-22
-5.386388015574055628e-23
1.123295388260407685e-22
2.105362034169820376e-23
-9.508177998521189205e-23
-4.188063866906886669e-23
4.811010335103247561e-23
3.092758914775199598e-22
2.775874040757066871e-22
3.391490095405969179e-23
7.391766257095294033e-23
4.559046013851288342e-23
-3.379070247558945909e-23
1.864596510591161208e-22
2.857777331542025117e-23
1.909594810061034693e-23
-8.729331085499525541e-23
-1.807128051535429458e-23
2.986207346642619720e-23
-1.913179454624194345e-22
4.073595957762104540e-23
8.344101110225401291e-23
6.069768351093052119e-23
1.526662926292252330e-22
-6.805234956898351222e-23
5.602358819411966464e-23
7.631555828380249071e-23
1.153833210571295181e-22
-1.564796517400131571e-22
-2.401901032361137849e-23
3.442253419437853636e-23
-9.970850956315386149e-23
1.755562896695459451e-22
-1.922203855975636112e-22
-1.849357282356348451e-22
1.705445908361589051e-22
-2.242867697014278516e-22
-5.401981558636307953e-23
-1.989842279295771761e-22
7.528406976982766266e-23
1.979039877751701232e-23
-1.039039582208464848e-22
-1.198782792034116565e-22
-8.123372943290771064e-23
-2.132365690262940330e-22
2.743660921996249216e-23
-4.953873828609256373e-23
1.762008132259595192e-22
1.021246477469195798e-23
2.222977560564161532e-22
1.909366156918296452e-22
6.552975060857038993e-23
1.591470790930679420e-22
9.992028767440065290e-23
1.762767209832164721e-23
-1.988456702507649485e-22
4.793492624228230116e-23
-1.182545530338581037e-22
-1.816741821437239503e-22
1.912926343061631801e-22
8.596839858151972266e-23
-1.596523728698986096e-22
-8.458746372603101957e-24
1.302708645094624216e-22
-1.087657771665483844e-22
-5.707245602519964858e-23
-2.417762290350334144e-22
-9.771334335510304907e-23
5.449366836096447264e-23
-1.219064554272084268e-22
-4.901272419402692495e-23
1.367682466859154172e-22
-1.612620789049555945e-23
5.249596768994644929e-23
4.248052171439556643e-23
8.369598855696688350e-23
4.091745887605901475e-23
-5.154792195416152702e-23
-1.503364125882691059e-23
2.286332158916527031e-22
2.692192691072813452e-22
-1.304914391019197468e-22
1.360893394822169445e-22
-4.724183410156931227e-23
3.590364132740156310e-22
-1.261116562903427709e-22
-2.267972589858283541e-22
1.737220459370112818e-23
1.054049635261923354e-22
-1.048720770277387060e-22
-3.480629953257392124e-23
3.099114268164951656e-22
-1.062833166652171381e-22
-3.541878916267902854e-23
2.616978854801448496e-22
8.570547476241856083e-23
-5.705045185912298648e-23
3.377171446157250821e-23
-8.120783399174166475e-23
-2.207354595729963422e-22
-1.623624514050288150e-22
-2.988516905292772042e-22
-1.262170562331831505e-22
1.797292763721724104e-22
-5.549248249559090710e-23
-7.275590273898139854e-24
-1.219167431315122509e-22
-3.208350064293408791e-22
-2.152244643277982395e-22
1.286538311399154502e-22
-7.788106593887950926e-24
1.166649665474515508e-23
2.670275226251728237e-22
-3.446556218858903466e-22
1.220551134979117646e-22
1.069370030164216054e-22
1.752262123678530707e-22
-2.119935955386419403e-23
-6.540728178764411909e-23
-1.300154495608098706e-22
-4.689017845902288424e-23
6.759493805039086161e-23
-1.216293771140413086e-23
2.091904964051204748e-22
-5.821359216227116477e-23
2.997365881938622909e-22
-7.585773289040002746e-23
3.340159861994052989e-22
1.301867168391938506e-22
-1.539745740838680672e-22
1.848614702123112711e-22
1.013085767291508106e-22
-2.051834386047130027e-23
1.448161338601623459e-22
4.576810403903605922e-23
-1.635371131956224327e-22
-2.056370259560530071e-22
-1.375655452518133665e-23
1.809760449541608607e-23
7.823433940587217404e-24
-6.230316869720252136e-23
1.918444463024847029e-22
-7.467653630805648447e-24
-1.182766838995254326e-22
1.097014411328890882e-22
-2.277148298364984993e-22
-3.207309900320569384e-22
2.712442787352620874e-23
-4.257102596726456509e-23
-1.488371811033867889e-22
7.251262275060730189e-23
1.014596662155902575e-22
-5.764437465864251742e-24
5.171589284558072312e-23
-5.235764995229197478e-23
1.462359274825470258e-22
-2.005195122742230271e-22
2.281657159709082548e-22
-1.020901328777761875e-24
9.739438833298967264e-24
-1.872415394975953127e-22
2.793646271736132971e-22
-1.694450689167943031e-22
-9.440982126895101072e-23
2.842689693888106800e-23
-2.852008515877670780e-22
4.997903969674127626e-23
1.684167949649264623e-22
1.276668594381981423e-22
-1.618128072144153187e-22
1.480120742028967667e-22
-1.746824116828405272e-22
5.367778529818904247e-24
5.363223404177180545e-24
-1.109563151346652316e-22
-2.213539548902827039e-23
2.411482384630861883e-23
1.675464581998123471e-22
5.740215175053261081e-23
-1.114214941702526083e-22
-3.732252998903481992e-23
1.776436255109321312e-22
2.760718812840538021e-23
1.715530506788824347e-22
3.861423282791516664e-23
1.212560113935962323e-22
-8.056723274002287992e-23
-9.081430747055131037e-23
2.365621604200253135e-22
-3.450639268279380584e-23
3.201842412554029580e-22
-1.605587513147675900e-22
9.739162045312348247e-24
-1.914889602993156899e-22
-1.935637089722179000e-22
-3.575599389300340625e-23
-1.589349582394792558e-22
-5.339826588045765224e-24
4.543463629168458252e-25
-2.208917194237568553e-23
-6.940684424332333315e-23
1.424891969378085784e-23
-1.384687330691278011e-22
7.251703036271526772e-23
1.965688628593883630e-22
-1.144433609092610196e-22
1.777134138349322566e-22
-3.652843661023479105e-22
3.040690494358846818e-22
-9.241105058616046259e-23
4.983180032164975125e-23
-4.264267868562476439e-23
2.705814090992719290e-22
-2.268785631451503093e-22
7.633177594018316997e-23
-2.416118181800669136e-24
7.031180479598764318e-23
-4.416867109227717639e-23
2.620714540145060524e-22
5.467306803729948125e-24
5.029366624093715244e-23
8.659100869829005920e-23
-7.239405099667364459e-23
-1.275190613448101615e-22
4.033727148370431625e-23
3.907048827252139349e-23
-1.191560587205237734e-22
-1.608568041806225067e-22
7.553421105291687003e-23
-6.222237281258506234e-23
-8.963702560088409452e-23
-2.676246782396305662e-22
1.503104659602232060e-22
-9.569859924687125002e-23
1.101896629421762899e-22
-3.436068312141334789e-23
-4.090195691212332363e-23
-5.468709106391365101e-23
-7.809610229328325392e-23
-1.114355673529120220e-22
2.658530303500461459e-22
-9.775305956698584705e-23
1.384889004399154225e-22
-6.435234298880396326e-23
-4.831158799067830740e-23
-2.060846793330721465e-23
-1.140961659128793417e-22
5.681308097175184360e-23
-7.054533748110323559e-23
7.211549400834410490e-23
1.687607006892558976e-22
3.797968589532994616e-23
8.667164103238118452e-23
-1.828965036151356459e-22
1.757187246037762996e-22
2.804421408672840770e-22
-9.747712044011984588e-23
8.365312550306923379e-24
-7.217112174421112975e-23
3.200365176815593117e-22
-6.593190561330154896e-24
1.359981697859396878e-22
6.554149031096828750e-23
1.557081258234774994e-22
1.924844548734114006e-25
-1.670656720093785075e-22
1.027156018257081223e-22
-4.926336982152380441e-23
-1.998760986417046508e-22
-2.165922382460414564e-22
-3.037708220910177457e-23
-1.015160902554689884e-22
-4.390304809619286103e-23
-2.647482545976239897e-22
1.303680721821402756e-22
-1.992822632765666107e-24
2.516044468730058709e-22
-2.311734295424546361e-22
1.003971551752417114e-22
-1.205727403925029184e-22
-8.847625142244534929e-23
-5.836115449578970558e-24
2.081937838424700756e-22
1.287969926629516132e-22
-1.189587982296174206e-23
-6.560935742386710449e-23
-1.279736267271822861e-23
-2.690015817038674307e-22
9.969459922569519507e-24
-5.477655923933965976e-23
-8.314664342186331796e-23
-1.322235272965374525e-22
1.226416427536038996e-22
-1.416403402289097834e-22
1.166878568464950676e-22
1.323497647988184817e-22
1.834780201971682365e-22
-9.805960745434384273e-23
9.512854446074487572e-23
-1.125605498174287298e-22
2.743433388242475635e-22
-8.725295131990459088e-23
-1.023975952235166015e-22
1.893699566840619507e-22
-4.537512174104260549e-23
-1.177271930570493674e-22
9.906147965123611825e-23
-1.933057066333511845e-22
2.988425552149924113e-23
-1.873307555679801927e-22
1.608359149356814911e-22
1.515383945148618362e-22
-1.299550880673641516e-22
-1.939879711311702116e-23
2.715729427490490629e-22
4.440196543411737703e-23
-2.147580843364390966e-22
1.681569223685926948e-22
-4.798149713717476548e-23
-5.263352944985126929e-23
3.428990927384535595e-22
5.137007927968641819e-23
-1.588687161649890040e-22
2.601541703326201573e-22
-3.876545974640451120e-23
-3.761109791308888830e-23
-3.593409984481334335e-23
8.003761750465275511e-23
-6.949454932996344724e-23
1.052675790597312865e-23
-3.123966222999790905e-22
-4.402766008060037521e-23
6.100018264725978049e-23
1.394577750792504508e-23
-1.719680471405377818e-22
5.671624397295480607e-23
-1.090119591961632646e-22
-1.243626348107716231e-22
1.713164513660325099e-22
1.294769929383594831e-22
1.263276023624146659e-23
1.718799961146200696e-22
-8.750161315856304710e-23
1.481804628780327459e-22
-3.033887835919499861e-22
-2.181235253770925752e-22
1.076102725109484192e-22
-2.527383973263209787e-22
1.805509197301620543e-22
-1.868654101841361955e-22
-7.828958033000840892e-23
1.141517398514832006e-22
1.203860554698270878e-22
-2.014955555368732586e-23
-1.260599823463937051e-22
-1.306168657436399286e-22
1.943909501428835871e-22
1.905731142679155845e-22
-1.634864403783487764e-22
5.842562984014420021e-23
2.338409962170593355e-22
5.990750523036787097e-24
-3.639509147889638329e-23
2.552620220039458691e-22
-1.663473572706615552e-22
8.440047030180360438e-23
-2.157390856457835078e-22
6.288651284072745483e-23
-1.326168044398331117e-22
8.305811537898471896e-23
1.120039404956335385e-23
8.300087289957827449e-23
-1.341544901820992803e-22
-9.616081875796524621e-23
1.707902867307090482e-22
-1.230374403424933067e-22
7.631382538392692059e-23
1.818902438493279969e-23
6.163971363661513049e-23
1.469889295148228078e-22
1.648250626813293641e-22
-9.082142872445631514e-23
-6.129361429373677575e-23
