-6.632632811503258120e-22
-9.536423517174749100e-22
-6.037300463989513542e-22
-4.482913655698441647e-22
-6.727081913985336750e-22
-9.550217343608598025e-22
-7.222575605967274834e-22
-5.296895557847251667e-22
-7.771068046598589049e-22
-7.985525146452748544e-22
-4.801866635492503420e-22
-5.213054566039435902e-22
-8.448734774044052518e-22
-6.703017845777999805e-22
-6.660361866482968373e-22
-5.673175609985284664e-22
-8.148238540761432340e-22
-3.016055508214762779e-22
-6.637404471386342849e-22
-4.955447885340441763e-22
-4.621369568545549758e-22
-3.938862199075309058e-22
-5.324019109478097204e-22
-7.385476655442331317e-22
-5.733251369894126964e-22
-5.559030899577338618e-22
-6.126321712469551053e-22
-5.952019534431252060e-22
-4.502586580457211800e-22
-6.662198186584886737e-22
-6.846147708381735329e-22
-7.633513478348662906e-22
-3.522669932486102924e-22
-7.424328385274368830e-22
-5.871290793058592753e-22
-2.845106057894890970e-22
-4.598468678267294877e-22
-6.443681764506396364e-22
-4.168985370261219057e-22
-5.084489829450477927e-22
-5.112556692880579227e-22
-4.616458787508726613e-22
-3.924582797157627231e-22
-4.549369718881327049e-22
-5.204740030559669476e-22
-3.766953893014285876e-22
-3.984243112388296930e-22
-2.839209638413381662e-22
-4.930591151757345430e-22
-4.160742351424523985e-22
-1.036983623385602695e-22
-3.452070987930622325e-22
-1.045328923193132340e-22
-2.694890937111902652e-22
-1.393137640653421229e-22
-2.251685472873162991e-22
-1.853495814935880668e-22
-3.008544639140681192e-22
-1.313424462921553370e-22
-4.859241785697746489e-23
-1.133570622315813605e-22
-2.178329189747962382e-22
-1.048402988140227058e-22
7.032424049451713879e-24
-1.583158457307307670e-22
-1.617151013203263053e-22
2.771252704463624167e-23
-3.805704033996797749e-24
-9.598282461908581233e-23
8.938330671066840666e-23
-1.058917533264864257e-23
5.877851671559272963e-23
9.913146353361125476e-23
-1.308762408699405711e-23
2.185726540848837632e-22
2.996826385767610282e-22
1.700912507535497766e-22
-4.781941369023460543e-23
1.726334150099224361e-22
3.186007535426111372e-22
2.650092193984184084e-22
3.175628479512815858e-22
1.094778870276596200e-22
3.237425452204706895e-22
1.823220822622459305e-22
3.800578371406287196e-22
2.011770566076250645e-22
4.296427835314317613e-22
4.889853209825103480e-22
2.652135880788947309e-22
2.212432036754475839e-22
2.064961059060077698e-22
1.886280894686345784e-22
3.433420772983385771e-22
4.410829723918739567e-22
1.662847893774319577e-22
3.620714955148843454e-22
4.551659649529951476e-22
5.033363617150901567e-22
4.589296990488499076e-22
5.975291794045933125e-22
7.300904139093099641e-22
2.784773653515141100e-22
6.427141336400561213e-22
2.859245391481812086e-22
8.405861371508181133e-22
1.767260492487531598e-22
5.319287930731992460e-22
4.950920622428877461e-22
5.645154569138708837e-22
7.613579454595449697e-22
4.996423068452647754e-22
5.940827614583848241e-22
4.515357229395984425e-22
8.534018402130370416e-22
3.234452271566245354e-22
7.811828892383528987e-22
3.950986034091747066e-22
5.419766568510372777e-22
5.475329900913770930e-22
5.814294270453760182e-22
7.164218950455245888e-22
7.504817183453882281e-22
4.940989238821572795e-22
6.441560611286317047e-22
8.120383301226725219e-22
5.790101658747341950e-22
6.611433141085653206e-22
6.532522402736008412e-22
6.156880931675938844e-22
6.057279182985325006e-22
7.405098523252198453e-22
8.447984549873955470e-22
1.020392038409918227e-21
6.228833629747903680e-22
6.769325433781520128e-22
6.463820501345542071e-22
7.577718112511253213e-22
6.165908829070570049e-22
5.852398023749136729e-22
8.263828067820416639e-22
7.178213157348282116e-22
9.604255768555325755e-22
4.795866544899339842e-22
7.432412201977139323e-22
6.727719328577518645e-22
3.938732022688075300e-22
6.412028377858116920e-22
7.211783251941728103e-22
5.090119127306855249e-22
7.851306888106249674e-22
6.516254745519387529e-22
6.469324767155298518e-22
5.550180460536457110e-22
6.440024967309215964e-22
4.568872344437256097e-22
6.239842450729049771e-22
6.541605703544414214e-22
3.816121063285234039e-22
3.678338154480171305e-22
5.416996926806765102e-22
4.333605711888290722e-22
3.744791638188292786e-22
5.150387272033474986e-22
4.470102505522854708e-22
4.338239986505800929e-22
4.218635871906226379e-22
3.595756215371825750e-22
3.663382598944472069e-22
4.913469622201971041e-22
2.376319199220736839e-22
8.809659946895694574e-23
3.810668524860880931e-22
4.755638871956842937e-22
1.899161106850128720e-22
4.392522071313393986e-22
9.339785662080443344e-23
4.565050830348065414e-22
1.825778088833937907e-22
4.297092195123220098e-22
3.728621667468671858e-22
2.745754364732481948e-22
2.922275012815921645e-22
2.259470033512990735e-22
1.552909846070267398e-22
1.704908031457094245e-22
8.171635753676803590e-23
1.254940724789359485e-22
2.042745335584401953e-22
1.007564661815485051e-22
2.918412513390075771e-23
1.666732001720032684e-23
-1.896260451410364572e-22
1.397362177004981868e-23
-1.437828286355035357e-22
2.570016739866365489e-22
-4.899272456789947357e-24
1.525108859608134822e-22
-1.361350572163210526e-22
1.119481364760151198e-22
9.135016984204886758e-24
-1.414111685283162741e-22
5.010804872923142481e-23
-2.351601869088363950e-22
1.077991380993553671e-23
-1.643069033185282511e-22
6.148038552768211392e-23
-1.882837224093212223e-22
-1.782234499720237687e-22
-3.055561701982364673e-22
-1.010891374035840021e-22
-1.358321418165989478e-22
-4.082001532019886629e-22
-1.396219221112488256e-22
-4.082469553609737750e-22
-4.121088759777636581e-22
-3.025458801115137598e-22
-1.876226843415702046e-22
-3.864704208296008276e-22
-4.426198565648035414e-22
-3.537979853033335587e-22
-4.343495493720684233e-22
-3.647013215155003047e-22
-4.595784498555947167e-22
-2.595381812986806202e-22
-7.492501984326140765e-22
-2.624724754213662479e-22
-6.679169865384591005e-22
-5.510573657785737515e-22
-7.272058156542506746e-22
-4.489306601929440434e-22
-5.259241743300999823e-22
-5.722107787743111573e-22
-5.775630515035085033e-22
-6.933112938640481956e-22
-6.410946014869519591e-22
-3.457932665444297999e-22
-7.351708885832645101e-22
-5.871456422717039718e-22
-9.222417938409334189e-22
-6.892417412050093536e-22
-6.777914819029354760e-22
-6.791707122774632636e-22
-7.886403096539765008e-22
-5.910595898584790535e-22
-4.659382218957702729e-22
-6.667326353010079144e-22
-5.007214264387640320e-22
-5.094706424689680727e-22
-6.160259580828134735e-22
-7.525137977940953994e-22
-5.888891449789846344e-22
-4.516984288776339558e-22
-5.521408441963021831e-22
-6.718847058674964407e-22
-6.590292205493537278e-22
-6.769948931287461994e-22
-5.524005720285213545e-22
-7.836488095988884402e-22
-6.874887387679705779e-22
-6.603947209678669167e-22
-6.463926528338861248e-22
-5.319152601075361562e-22
-9.259398804116362976e-22
-4.542264887991241819e-22
-4.565909920581246733e-22
-7.105545578691859962e-22
-7.132199909152874923e-22
-5.430928291356602017e-22
-6.533205093137921288e-22
-7.888277345969495174e-22
-5.106811768271729887e-22
-7.376478428930446575e-22
-5.850034650109013049e-22
-7.436844306138472399e-22
-4.920441577269984112e-22
-7.233015858194539676e-22
-2.958074474602978394e-22
-7.676142201052789776e-22
-6.775657589686404821e-22
-5.546281283692156051e-22
-2.809011224560858728e-22
-6.718549481580187919e-22
-5.622775919581839819e-22
-5.547006210694155993e-22
-5.430253318459988293e-22
-4.963044491034643836e-22
-4.299376523480318080e-22
-5.754710152325024314e-22
-3.643652665414617556e-22
-4.497499615223816373e-22
-6.942183353686310296e-22
-4.484340104574231844e-22
-4.900094227462231385e-22
-4.061250186445245339e-22
-3.966496829690842882e-22
-3.349852473911315433e-22
-3.839606151289098215e-22
-4.899087968581590542e-22
-4.863364890630151227e-22
-2.664998082256582291e-22
-3.431203117515528598e-22
-7.755390694766708922e-22
-3.223551938301611994e-22
-1.594411263565169818e-22
-2.870719329011306546e-22
-2.801508359657692976e-22
-1.921099695419701056e-22
-5.238420700150460601e-22
-3.216712745241997486e-22
-1.850588995342578211e-22
-2.821350376287892155e-22
-1.897243227276736807e-22
-1.774428126350182271e-22
-1.198296122843794644e-22
1.607342567290014687e-22
-4.143537678601883169e-23
2.394382053753586133e-23
1.700267046317733311e-22
-1.369623711048337674e-22
4.728047985020925691e-23
4.845658501563613511e-23
2.826513252574346648e-22
1.570939738283390598e-22
1.406105181683544232e-22
6.756299714226676449e-23
2.455927290266084770e-23
2.484904938651051768e-22
2.737531533054845153e-23
3.068698467073588729e-22
-2.400671399633521327e-23
2.069564208815404785e-22
2.993275443846199870e-22
1.607422622116588787e-22
2.947259408428388584e-22
2.807943849680993536e-22
1.573370040808559008e-22
4.660347477944705823e-22
6.890193868891576490e-23
5.571483249254465267e-22
3.960887698895655876e-23
2.792761809005203375e-22
3.562206551513990860e-22
1.374833033610025441e-22
4.642025197457532099e-22
-2.085771691763999969e-24
4.646530631570791475e-22
4.433006926632151054e-22
2.570247258584120104e-22
5.100641673369143597e-22
1.878060191581351509e-22
3.335652551914387430e-22
4.281952900765239639e-22
4.763500866983386706e-22
7.749756165416551338e-22
1.963476571266343738e-22
6.165213866705283149e-22
5.950963914692120944e-22
6.227959835639759242e-22
6.414523415373899986e-22
7.584366032240849295e-22
4.355093028589667083e-22
6.324174433565629653e-22
6.175335208019627682e-22
7.867970681631951654e-22
4.201456462179865358e-22
6.114791791849571196e-22
7.188748635699631868e-22
5.319374673696427929e-22
7.029307984738694762e-22
5.550014614113174907e-22
7.015235597848723632e-22
5.996124011794563007e-22
5.314157496315281999e-22
4.940909106909299082e-22
5.899441166709485371e-22
6.040644804026901164e-22
6.305236778466253316e-22
6.514593296680243193e-22
9.350920207013018337e-22
5.249421091009982123e-22
7.849805309729593803e-22
4.488585797398359610e-22
7.342591625486900225e-22
8.093448746408184747e-22
5.546636955701876496e-22
8.929539224231380204e-22
5.124081409251201046e-22
8.853432197510016360e-22
6.382263028306601152e-22
5.786872866934497669e-22
5.205544068996481362e-22
5.538533104163762142e-22
7.605309060432492584e-22
6.845864132094652490e-22
9.010868420612655204e-22
5.978768463218029224e-22
7.495206202930422542e-22
6.232364035869264883e-22
7.305417930985973560e-22
6.780802357368828851e-22
6.491436804125740456e-22
5.047679096289946712e-22
5.129374671247694721e-22
6.185410136821405235e-22
5.359011307124146307e-22
6.489611124762289158e-22
3.972604579527175741e-22
4.296709994323407343e-22
5.097869700725681303e-22
6.360626719074507325e-22
4.415557897719593070e-22
4.565137714206298330e-22
5.014070791652453684e-22
5.624446436101036577e-22
4.872639432481979298e-22
5.571937803421641428e-22
5.297838191580461493e-22
4.645480262406037653e-22
4.986995054857668284e-22
4.796451005754148837e-22
5.621137105314737794e-22
4.072180229454469811e-22
2.354659761568943767e-22
3.431295355411914726e-22
1.452393027943074889e-22
4.199042344202458483e-22
3.628850906924892199e-22
3.531851901884645460e-22
2.447124591853576211e-22
3.250312557361965644e-22
1.339730562613921505e-22
3.213703034779320140e-22
3.248368813849873537e-22
-5.673927054434271615e-23
2.043678416215689354e-22
2.664582738995129435e-22
-6.987668373679856877e-23
1.958951628282469440e-22
-8.044780651132642202e-24
6.589467222199631060e-24
1.004326886429625273e-22
-4.471425706713220867e-23
4.174587635838521462e-23
-3.227731895242801233e-23
2.659045615556048580e-23
3.829385895757860803e-23
-1.429141834557869728e-22
-1.661111303324508766e-23
-3.528698344808777920e-23
1.302598233784111352e-22
-1.062566382753558226e-22
-2.784110930966727665e-23
-1.898404884791695854e-22
-1.054289825738728371e-22
-1.222870195874003182e-22
-2.650836944277922582e-22
-8.820314942880990516e-23
-2.796712879777355779e-22
-2.042342005601355586e-22
-9.382402792025040725e-23
-1.583109732256791219e-22
-5.675558716155536772e-23
-1.695310327182037967e-22
-3.676671029345483955e-22
2.394880935263988470e-23
-4.171421462071229892e-22
-2.656299007277767646e-22
-3.556354718704008511e-22
-3.394500405127307751e-22
-3.497940551004530407e-22
-3.930777343265845146e-22
-4.211785924111530900e-22
-4.918315431537334684e-22
-4.861042798186423315e-22
-5.357238537406738065e-22
-5.992621074650202577e-22
-5.621763133217751807e-22
-2.833995892584627019e-22
-6.229189064149113959e-22
-6.824086400044273456e-22
-5.046852248265510547e-22
-5.579201810037356263e-22
-5.848090174921326191e-22
-5.352471950333745083e-22
-4.455842313767491514e-22
-3.923057625673604662e-22
-6.910902770325295262e-22
-4.678584654508711383e-22
-6.444060321598409096e-22
-6.179025552676542345e-22
-5.863824294606399510e-22
-5.826776129340415320e-22
-4.801074237913175402e-22
-4.764187066499745930e-22
-5.214585160705765031e-22
-8.540904211400385993e-22
-5.684705946980499248e-22
-7.975946470218049774e-22
-5.421905977249942127e-22
-8.290722569914966136e-22
-7.190773824833236180e-22
-8.445836981770178556e-22
-8.666024693703990686e-22
-6.244590000786615195e-22
-6.990609242684140575e-22
-5.989611899721362171e-22
-7.603040619127755608e-22
-6.141003271466034543e-22
-8.299237246947418491e-22
-6.573518745002886654e-22
-7.327182110139815373e-22
-8.024852976002595417e-22
-6.164544306051542967e-22
-5.131658640337406661e-22
-5.438751481700754153e-22
-7.851323987117345455e-22
-7.641451978977295802e-22
-8.406922574324893585e-22
-6.507881205899562958e-22
-5.848097606115665178e-22
-4.625192006457956920e-22
-6.921285059497790291e-22
-6.845098304432468667e-22
-4.297557737680047107e-22
-2.700593455009878746e-22
-6.343284526635132702e-22
-4.366728601894425499e-22
-5.678230885105681361e-22
-5.393266195580928918e-22
-4.534414667493527665e-22
-5.610537782445539818e-22
-5.824387607166989037e-22
-7.497426091113481254e-22
-3.729401658121393476e-22
-7.690171700831016704e-22
-6.236863895788747122e-22
-6.080499897178861415e-22
-5.539402988711080500e-22
-8.143749787801682041e-22
-3.976270539482035690e-22
-2.255437681680591250e-22
-3.534140077511573630e-22
-2.565447251191554224e-22
-5.231070243162993783e-22
-4.233842744255214002e-22
-1.423545237769734433e-22
-3.355471545964507577e-22
-2.071246188184619235e-22
-5.434024173166453790e-22
-2.623821777704959779e-22
-4.704609961965873631e-22
-2.738081491158470430e-22
-4.554604995868341040e-22
-3.107905880597213944e-22
-2.316254308225282754e-22
-1.485304750400294929e-22
-3.077727063137881813e-22
-3.296864134803716656e-22
-4.728342708586499399e-23
-2.330805944503797987e-22
-1.613017738692135937e-22
-3.078909733430217894e-22
2.135345104275656061e-23
-3.035818579580496692e-23
-7.432906055269671301e-23
-6.302975835685998253e-23
5.281281971673523323e-23
-3.297807576513839561e-23
3.721478572137999187e-23
1.014135198394538166e-22
-2.543604062500390346e-22
-1.941941956148044882e-22
2.106394657262892021e-22
-1.780183229133086703e-22
1.195686760174038734e-22
5.455535883561586515e-23
-6.594104173587416030e-23
-1.822507690605631230e-23
6.759968116585658599e-23
1.106026818917045148e-22
7.581801461208853273e-23
4.510222442667295060e-22
1.715737818169195667e-22
1.967808704203292143e-22
2.612920831884679396e-22
9.830421489183117819e-23
3.176016664255376470e-22
5.312550268569833438e-22
2.768807941793131732e-22
3.043799923577559395e-22
5.136447278953071742e-22
4.304607990560726651e-22
1.966063002546021792e-22
3.735219503338073916e-22
5.433394109570565221e-22
2.941656888064860774e-22
3.408993262705567830e-22
6.024412051623634067e-22
5.821817032421355527e-22
4.265308578148943022e-22
5.747103638751222758e-22
5.012917984728369420e-22
4.839399443169866853e-22
6.120514629723707344e-22
3.645352253470342971e-22
7.394540390451499725e-22
5.490137960940702705e-22
6.032362164553745865e-22
3.949177311943523498e-22
6.482499316802205847e-22
5.564354426897728999e-22
6.303589203455876302e-22
8.541696223869586837e-22
6.412020212537677600e-22
6.977078777852063574e-22
6.103217116946993739e-22
5.935937567849997308e-22
8.353783331643721598e-22
6.771421359488570200e-22
6.296642539955019398e-22
6.336923875621002185e-22
5.196838935748017503e-22
5.524352887021102412e-22
5.468808610292871778e-22
8.879736566131629903e-22
4.781045218720165248e-22
6.230049164238878765e-22
5.976820707219434584e-22
4.691808706119118319e-22
6.364237701267500621e-22
4.403985108420088748e-22
4.781885092880891542e-22
7.367891485051767792e-22
4.328518477995898394e-22
6.844697404863839489e-22
4.664485024829091991e-22
8.548400975246290902e-22
5.615329267135411692e-22
9.042940679761305601e-22
4.012875458419367877e-22
5.155685650931956370e-22
1.047092579731001989e-21
5.388211655673746658e-22
4.827886924104299293e-22
5.940968591807918702e-22
8.641377506954952924e-22
7.092801542329094555e-22
6.701374386185757300e-22
8.862555831032820110e-22
6.029797414130936055e-22
6.752498068350850024e-22
5.600703148790964525e-22
4.641628188855559996e-22
5.961527920158298997e-22
6.353962690273115131e-22
8.160290108992378893e-22
5.874744163296253256e-22
5.036545711288078594e-22
7.256022965320482812e-22
3.172548488837808038e-22
6.188983343445804974e-22
4.781889976345416126e-22
4.791786123915440302e-22
4.202079499291806389e-22
5.902491314633043542e-22
5.157521631014696171e-22
4.695922856369231722e-22
3.277629774233397777e-22
5.254958811426385071e-22
2.694041035633955561e-22
3.396634511142189461e-22
4.213459525141925512e-22
4.137483457772226322e-22
3.605656135994828067e-22
4.186631938849234918e-22
3.162240872818686906e-22
4.401378052034983851e-22
5.864835180887036915e-23
1.661345457731257537e-22
9.624117428745951775e-23
2.477450074531379669e-22
6.121208323548728975e-23
3.303291509197873960e-22
1.471378780922983844e-22
7.661291281447609833e-23
2.883973782318832520e-22
-5.183972773380013701e-23
1.922982060654048749e-22
-1.244830080356219042e-22
-1.738573738715633394e-22
7.747647865232550662e-23
-1.685358663038386604e-22
2.319389800281236792e-23
3.146551342415631498e-23
2.203700453785258417e-23
7.101702236921585452e-23
-1.634705727120571565e-22
-1.099763123942254705e-22
-2.681649958023581299e-22
3.746147400188305877e-23
-2.311557692612201510e-22
-7.917384663798320754e-23
-1.934573805164018909e-22
-1.638435428627706068e-22
-1.412530191606878553e-22
-1.579549325470692981e-22
-4.249517372846461989e-22
8.316362642944663686e-23
-2.430667235620779981e-22
-1.873747535318253617e-22
-2.523961021787274674e-22
-2.556736501192607245e-22
-6.258463384205879030e-23
-2.263017164358114431e-22
-5.176138356341761816e-22
-2.402641740530174894e-22
-3.003201424593218135e-22
-4.026056659524585903e-22
-6.168207521740639956e-22
-1.733766857090327080e-22
-7.283908930652692892e-22
-1.890034881944463087e-22
-4.980910802725209154e-22
-4.187997963948220314e-22
-5.948971761111238210e-22
-4.861708168750948996e-22
-4.547556128179761413e-22
-7.051120607624921422e-22
-6.920561326335819135e-22
-5.413954114358748689e-22
-6.574847142455180810e-22
-6.286589463092083119e-22
-6.654244721797085455e-22
-5.648385411051772864e-22
-6.102883333078394314e-22
-5.369634090890536217e-22
-5.727067771568945440e-22
-5.867259827570436576e-22
-4.692779694046024234e-22
-6.952021166249401208e-22
-3.988764299579666420e-22
-7.679345507271612623e-22
-5.986576490235127863e-22
-6.654530543263070607e-22
-6.805843672535645605e-22
-6.224941373758599222e-22
-8.451371363298932753e-22
-4.684812989990779138e-22
-8.340676011109593173e-22
-5.388614922485992040e-22
-5.788518700751487551e-22
-6.111012453744103039e-22
-7.337652078994736650e-22
-6.133418137401851628e-22
-5.557668399300268542e-22
-5.845800179926723104e-22
-7.865752978781473553e-22
-6.223999133500172623e-22
-5.134589647595024008e-22
-8.859124497976682745e-22
-7.412575686978505658e-22
-7.734165812083762756e-22
-6.633387891266942548e-22
-9.483245011765946491e-22
-3.411394451605164975e-22
-7.091008776292406975e-22
-6.187115370825586763e-22
-7.082633595057521317e-22
-8.228464077395732390e-22
-6.394478456272967009e-22
-7.342669474063237872e-22
-7.110180324460110099e-22
-4.932464132217284222e-22
-6.178700460691751895e-22
-7.846435092541951240e-22
-4.195963074053445290e-22
-7.022395321901777427e-22
-5.110011793561196499e-22
-6.298004902153307593e-22
-3.705573177026151311e-22
-6.456783489071599716e-22
-6.055273566242792805e-22
-8.721238481423836913e-22
-3.911552349835075583e-22
-3.642652900535097005e-22
-3.077091242061848834e-22
-6.369004844768622258e-22
-5.741664346959734900e-22
-3.876086498096719523e-22
-5.823794255111994687e-22
-2.515049046609741380e-22
-4.065148618838129382e-22
-3.861458613070471475e-22
-2.754406994661066670e-22
-1.826608099283308803e-22
-2.819122476318648608e-22
-2.160277487848478665e-22
-2.838686834265193832e-22
-3.704078119395036733e-23
-1.074403212246005474e-22
-3.287534364579228633e-22
-1.914613752022128567e-22
-1.418655653993539006e-22
4.709588947378902353e-24
-1.451884294770544497e-22
-2.304047108192584262e-22
2.745238341874570190e-23
-5.921865196320292675e-22
1.143030334821942433e-22
-6.162328048951691711e-23
-1.710494278442460187e-22
-2.211119495772516314e-22
-1.168554983550343978e-22
-2.941382255758750029e-22
-1.723295804843746882e-22
2.281608056524478504e-23
5.697691003329175165e-23
-1.235207387646082155e-24
-2.719335440805607768e-22
9.120979811027182254e-23
-7.273247392936374263e-23
1.377557064183084921e-22
-1.910131532894608359e-22
8.262385046633560232e-23
1.558642409006863949e-22
1.961212533563824882e-22
2.019235608566266115e-22
2.361025353128492997e-22
1.354208254511771706e-22
4.248547418728018096e-22
1.429620993299297323e-22
2.818091200718183027e-22
1.696361830216819706e-22
2.002890269817099463e-22
4.534679210948238838e-22
4.481105083093720496e-22
7.080776055340509121e-22
2.431090332930930791e-22
5.013813975926189078e-22
4.850361889247780223e-22
3.432098896519948482e-22
6.250291586474779801e-22
4.077217829000441819e-22
7.039134405456147253e-22
4.653914803388107546e-22
2.445900317698475153e-22
7.058455978513697994e-22
5.033387331894102102e-22
3.212658820489273435e-22
6.112035835271919290e-22
4.240471899486286058e-22
6.981516585437532908e-22
5.219564912735411242e-22
4.769400581419414831e-22
5.727198539133996316e-22
4.033114569756043324e-22
3.523435008318021796e-22
7.811553356122710558e-22
3.151480709652420477e-22
6.060560027046985447e-22
5.612551376098614171e-22
6.551632493178998169e-22
8.438118206164881505e-22
5.380197770312972998e-22
7.510972424202054233e-22
4.238916954897240408e-22
7.535495713405071118e-22
4.863620006129046325e-22
8.560343621029935060e-22
4.194018621891387386e-22
7.337031933024187228e-22
5.544790484564740481e-22
7.470800327544771760e-22
6.427791964454300828e-22
8.189167062368582063e-22
6.942018039510227966e-22
8.237027252353610762e-22
5.300503291497820381e-22
7.314070258859670954e-22
6.463619677322982367e-22
9.566589597747574129e-22
8.165703761288417646e-22
7.515665355363211198e-22
5.318151068006596989e-22
8.853006372037334179e-22
6.185013230032946637e-22
7.888935991515873407e-22
6.940395915267552977e-22
8.341760580911547053e-22
4.554830011162661095e-22
7.688149498143294955e-22
4.447588866244719667e-22
9.155552213686674002e-22
6.480089879973905150e-22
5.581817059086148867e-22
4.196610752326966194e-22
8.638564037594132952e-22
4.922249360327567128e-22
4.404434355228544380e-22
6.026430351088011926e-22
6.759677391878139137e-22
4.096222664643392168e-22
6.872186340560989960e-22
1.510602480158606376e-22
4.282534835873283861e-22
4.623168823256194027e-22
6.714926604367086041e-22
3.343455727672425963e-22
3.503272926829435098e-22
4.590937436361307102e-22
4.306215789929987048e-22
4.568186805219174545e-22
6.473164995045530205e-22
2.188105999828853378e-22
4.698128822279854905e-22
3.024482455172219694e-22
3.041838916653572645e-22
1.973662556101183798e-22
2.338409661430322485e-22
2.421586797818041430e-22
3.905892026525178794e-22
2.556215920399842165e-22
-1.404650392343300640e-22
2.811747772419087643e-22
1.080491411022913306e-22
5.769606731563708599e-23
3.112991294450508260e-22
1.171358037101591004e-22
2.360155261780134677e-22
2.058585075520576531e-22
3.730782911662384638e-22
2.900832348963863716e-22
1.592997371565571424e-22
2.457367188183421640e-22
3.165111339508023129e-22
-1.955105175493257631e-22
2.317371123369272325e-22
1.782413968512762071e-22
1.401961446893537878e-22
2.522761883756679143e-23
7.040593657408875825e-23
-2.096444962257948441e-23
7.924139884861664534e-23
-1.898155269879740175e-22
-1.612194566114713842e-22
-3.584649701613737492e-23
-1.231925674909770264e-22
-2.994426308624600184e-22
-1.588194215016266755e-22
-3.924252086071796132e-22
-1.200745467014685899e-22
-2.476238649680519803e-22
-3.536136524817096230e-22
-4.257465474225368140e-23
-3.740739777143655271e-22
-3.004271504555211470e-22
-4.987513981765296110e-22
-3.525540733614330206e-22
-3.945234824447535853e-22
-3.588687857672440301e-22
-4.605057754982394553e-22
-4.842116385408257024e-22
-6.725397283993331347e-22
-9.982672427091287457e-23
-4.708429134318027951e-22
-5.125205797255460391e-22
-5.934430184638124516e-22
-4.341088533296434751e-22
-8.012723347766582744e-22
-6.384886045679311092e-22
-4.359423531604675369e-22
-5.558319485849484052e-22
-6.318549029366906558e-22
-4.959098361628109917e-22
-7.166588159703568159e-22
-5.877658765512058441e-22
-6.909602355648967080e-22
-4.848223642102343818e-22
-5.123779353651714397e-22
-6.540459119564942334e-22
-7.200947183083307131e-22
-6.712442894206138072e-22
-7.135495354398082539e-22
-5.439388325451812550e-22
-6.062813393259315557e-22
-5.817047057260209661e-22
-6.483182272044102809e-22
-6.607336948501021716e-22
-4.926983347913201726e-22
-5.868268595499000781e-22
-5.443230455081951171e-22
-7.091240207696517483e-22
-6.702279450139930265e-22
-5.665144900978549090e-22
-7.012422378079858390e-22
-6.916683737064572505e-22
-6.120452415200958245e-22
-5.483215042793490050e-22
-6.673657760145270521e-22
-5.703393752194836571e-22
-5.980604130399106316e-22
-7.268234578071503874e-22
-6.791062945866732704e-22
-5.882674892644455703e-22
-6.608906858200230431e-22
-7.879503908472274398e-22
-6.422697749458084946e-22
-4.384466118213962195e-22
-6.397146885241155802e-22
-6.156301395258161725e-22
-6.031180347313830885e-22
-6.258605478694242907e-22
-7.255375546873485628e-22
-8.683853844172114942e-22
-6.009002240050790731e-22
-6.048325062202640529e-22
-8.665691399168006367e-22
-5.163373436261625856e-22
-7.343904626922283704e-22
-5.776789871802088539e-22
-4.996480140786571516e-22
-6.897860072044952409e-22
-6.215104506371368082e-22
-6.279965803543260018e-22
-5.905482324579525528e-22
-5.865977709569746149e-22
-5.408405540040448738e-22
-4.928255851926255703e-22
-3.796873002134831552e-22
-5.774338804147256030e-22
-5.079546728100300916e-22
-6.735971377872243163e-22
-4.596476137149774046e-22
-5.817686563842830795e-22
-3.196344673480709628e-22
-3.572184544505595257e-22
-3.583184430330202995e-22
-6.653668949794150723e-22
-2.916366800506790528e-22
-4.731553969205530791e-23
-1.627970357920315977e-22
-1.624349849299905672e-22
-1.391855324333545560e-22
-5.455207867662302925e-22
-2.438608176230196581e-22
-3.371147118762408018e-22
-3.443368525771951288e-22
-2.308827939855067379e-22
-2.442755022022454327e-22
-7.682298003656666360e-23
-4.468222218228911386e-23
-8.701122258999017999e-23
1.493932479122151508e-22
9.778226756300307597e-23
-2.537190773606459018e-22
-6.866530122014613887e-23
-1.857314991967907573e-23
4.041470883042808086e-24
-1.312457263976269708e-23
2.959340840503107333e-22
-7.915885014835645693e-23
-4.657378351889973449e-23
9.853744586768783666e-23
-1.193187669898527920e-22
-7.442001850067653083e-24
2.440267875270896443e-22
1.571177076041674748e-22
7.633292259698792488e-24
3.313796943124766609e-22
2.155349318407830485e-22
1.942188382419904578e-22
-3.137781656026167936e-23
5.487779529244723168e-22
3.632452436634016217e-22
2.945311849432631931e-22
2.190269546565352520e-22
5.051961024818129942e-22
3.001633538465732841e-22
2.516459836594745156e-22
3.492998473714330741e-22
2.842464687829968532e-22
4.675719740320638792e-22
4.771931483752418812e-22
5.765071852830271863e-22
5.304149718254833659e-22
2.400360180399414713e-22
5.932407496894466507e-22
2.776847720957567007e-22
5.381524196537128860e-22
4.120730435556399430e-22
3.595125051979918638e-22
3.055832503174105443e-22
6.246924732399926523e-22
5.771625951079384187e-22
7.532315520883295486e-22
3.667901234803592593e-22
4.203877462333591125e-22
5.732663374854811136e-22
5.034010278587455892e-22
4.905398891793452858e-22
5.019056901073233544e-22
7.092243657890099492e-22
7.191754718295409936e-22
6.294036399107881922e-22
6.849718802438147180e-22
7.310216046069727595e-22
5.901394194543485389e-22
4.992971581168990767e-22
6.600917640912799138e-22
6.972484044447928100e-22
6.066575093340086789e-22
7.069385155758439792e-22
8.657231976894077683e-22
7.947789600814139329e-22
6.309367379585138361e-22
4.206855622125438399e-22
8.821073807452719315e-22
4.711353536041245563e-22
8.580645524494167103e-22
8.199663886334335114e-22
7.448312854955341776e-22
6.294607988091165298e-22
7.148510435351676212e-22
6.829196950039289471e-22
9.279172408166478836e-22
6.075629692155328339e-22
6.231392361242493223e-22
8.677093799801029503e-22
5.799205420016664722e-22
1.099226079990806620e-21
7.094936744549020375e-22
4.085126553605924524e-22
4.548036913389900531e-22
5.783108722681381435e-22
5.050924733705205331e-22
5.205161068143523381e-22
7.089453098293863975e-22
9.675481787123638460e-22
7.862630231768057577e-22
5.979619973079307113e-22
6.731639288613082868e-22
6.385989499613996226e-22
3.137498740767210284e-22
5.948789528111228522e-22
7.613517629515992412e-22
2.680081131339393006e-22
5.221165042949924616e-22
3.329713888473326084e-22
6.323878812156707655e-22
2.781672462552416943e-22
2.143514712269073545e-22
6.199129199480209445e-22
6.927896216370699102e-22
4.182050315191568077e-22
3.678821133155701986e-22
4.635969272735251586e-22
3.631297824223127687e-22
2.672646674261195652e-22
3.188583356340724818e-22
1.132542236845674373e-22
1.497293437978324395e-22
9.481792014108763519e-23
7.891424002457983922e-22
3.053565976095656634e-22
4.627646910519924752e-22
3.667284448986926036e-22
9.917073762202489586e-23
3.421394753189360077e-22
2.445579340243775548e-22
9.611601318708480621e-23
1.275398716460320679e-22
1.714276012792840176e-22
1.504004892269505513e-22
-1.065179793333268871e-22
-1.304999302871483464e-22
6.613083979499516590e-23
-4.579940025689273214e-23
2.582654718674699504e-23
-9.518532564522310996e-23
1.152174275523614976e-22
-3.629369286824305864e-23
-3.699169763071445325e-22
-4.114677735416851453e-23
7.242327851482824463e-23
8.132688158224467805e-23
-3.801398706020036656e-23
-9.559443351719810624e-23
-1.758000309560786750e-22
-3.482462423611438057e-24
-2.265983582508419027e-22
-8.250041891553862938e-23
-2.102871976461178576e-22
-1.778013555876634430e-22
-5.160333204398305694e-22
-1.442506411100373395e-22
-4.370208383482319993e-22
-2.241834281180350620e-22
-1.543023856370433432e-22
-5.258424503458696821e-22
-4.898614352548275467e-22
-4.556569321500806687e-22
-4.600871387137785959e-22
-4.652655906016896506e-22
-2.514969949804500650e-22
-4.622015914570235254e-22
-4.767490261835966086e-22
-1.805844589928969573e-22
-3.355232631283667329e-22
-2.810980591318123882e-22
-4.882831290479625894e-22
-4.961411750498734354e-22
-6.086694078618912705e-22
-3.988704386783068949e-22
-5.685670139687224808e-22
-3.205478180724846640e-22
-4.384347781015087133e-22
-6.927352658816459994e-22
-9.359275646689160339e-22
-4.753762735962047032e-22
-5.679373404507729629e-22
-4.931933283746713280e-22
-7.631995896951230160e-22
-5.597600509563411663e-22
-8.510697685840696048e-22
-7.742641200246614219e-22
-6.440742689250269537e-22
-6.831609315721349527e-22
-6.587133365060544572e-22
-7.188906782966543830e-22
-7.550184191854466686e-22
-9.367928804795643042e-22
-6.143785141151682577e-22
-7.802806703190539307e-22
-4.716133300946138374e-22
-8.019783143078728314e-22
-6.358404036800649835e-22
-7.242321953534532871e-22
-7.048523570029109806e-22
-6.579127474665353339e-22
-6.370005534572295324e-22
-7.158335765615134283e-22
-6.736396664264093446e-22
-8.242738635078266697e-22
-7.028179935389090275e-22
-9.851175719180138326e-22
-7.862609423360805240e-22
-6.549278446200245272e-22
-5.109362127027965632e-22
-7.663542540823421769e-22
-6.189575133565977695e-22
-7.934979362849415647e-22
-5.171038944256428675e-22
-5.335506630347600681e-22
-9.358411146051501531e-22
-4.731333106663655203e-22
-7.896912239791656838e-22
-3.805770213777967639e-22
-5.592502729806984383e-22
-4.366981726335546165e-22
-7.460586723805495128e-22
-5.377229477687614254e-22
-5.097959501050363010e-22
-4.668100910206662665e-22
-6.420281627011487817e-22
-3.267086723989685473e-22
-4.385906147458975913e-22
-4.985580157238057380e-22
-5.582649581222733336e-22
-6.516108736955320312e-22
-7.650929462906955268e-23
-6.491918389765343800e-22
-4.125775607000893581e-22
-3.910143363283164250e-22
-3.454378211293281057e-22
-3.730209623920306469e-22
-4.333561044494254840e-22
-2.393962399048328548e-22
-5.114318536244828113e-22
-5.012947863317755282e-22
-1.696246400702795413e-22
-4.522781417537959374e-22
-1.321841955923955989e-22
-1.767538764790921096e-22
-4.280178938764314178e-22
-4.100934990015815370e-22
-4.084083866820645766e-22
-3.528262530225739311e-22
-2.888833688515662495e-22
-1.186783196474838272e-22
-3.054168239179773761e-22
-1.688799446260322619e-22
-8.952187431852904954e-24
6.687295045976491111e-23
-2.201529965171397147e-22
3.795409722650480224e-22
-2.931121413057042955e-22
-2.566235757282751422e-23
-1.763539997740730015e-22
-2.705005981322243269e-23
-1.708835034732092138e-22
2.575763875901322650e-22
-6.363183276189502488e-23
1.145230251766880602e-22
-4.660294241409659712e-23
1.242689235629447824e-22
8.633400565439214528e-23
8.335928198833534304e-23
2.136722704012399738e-22
2.933852851100656986e-22
5.363576513562328078e-23
7.742853436207541985e-24
3.824934407480052563e-23
2.623283411024694610e-22
3.693840089324750798e-22
1.374223986645907691e-22
3.226849657276166332e-22
3.750642386495270706e-22
2.160410422993739454e-22
5.515052873349737085e-22
4.247547973534109304e-22
3.539323972019774952e-22
4.578427228992115867e-22
3.819323688913105037e-22
6.942494394815843615e-22
5.686189126156592796e-22
4.597078743973092761e-22
4.895926666455234000e-22
5.977537855505297010e-22
3.563758455970107612e-22
5.818180139514833049e-22
5.754565378459205971e-22
6.560372938509174191e-22
6.521082964899664164e-22
4.856105043377357036e-22
7.206213021330421961e-22
5.771874799100425472e-22
6.730940026956553705e-22
7.820443529631759855e-22
5.573784640043107664e-22
8.455836144353679890e-22
7.199279845949465746e-22
5.966895838913071489e-22
7.290250099906070462e-22
4.873708789476210107e-22
6.580120157833104089e-22
5.597558497997178607e-22
6.428304284271207312e-22
6.829927212277000471e-22
6.046313270938390815e-22
5.473107285768083163e-22
6.776605233311107014e-22
4.507132372657655137e-22
6.610772954891770185e-22
5.467296718677051166e-22
6.168916245043621896e-22
6.717887123615242744e-22
5.362811821508791558e-22
4.145073393679859620e-22
6.257871132712467899e-22
9.413857716164493401e-22
4.664823296237317926e-22
7.914420179366758843e-22
7.736161704686615017e-22
6.065388535499815826e-22
6.493674040924752846e-22
6.433640466651376446e-22
7.491974221411309137e-22
7.409178396713103587e-22
7.288068349402782079e-22
7.723906562499955576e-22
6.088108011338993342e-22
6.832671082324374317e-22
8.895603795412507003e-22
6.428841566476223825e-22
6.318392654660724373e-22
4.531605408047297398e-22
4.057924485047556240e-22
5.977566261070850648e-22
6.102832668231961041e-22
7.355965710169500119e-22
6.116576520045944602e-22
5.174022883978866290e-22
5.378659723589475038e-22
8.748551632211649258e-22
3.946955344248658392e-22
6.522802562072693920e-22
6.730487048303215569e-22
7.238027187223528250e-22
4.443386916520807312e-22
2.927399848323583132e-22
4.616951231482516808e-22
5.056674103403301013e-22
5.067747240689306842e-22
4.441624355935067439e-22
4.412549474513433549e-22
5.245433382341071652e-22
4.135075412801305146e-22
5.610875028345788135e-22
2.263293950377781336e-22
4.005386751056584813e-22
2.173678573218472904e-22
2.558738578646446184e-22
2.597932598032138830e-22
8.343188366769412098e-23
4.247008354165291809e-22
7.570785829774838614e-23
1.235633838815538008e-22
1.123897639249741654e-22
8.116963340562071480e-23
-1.380574376636764407e-22
-9.341314244818028603e-23
8.303015394174985138e-23
-6.185887532065808667e-23
-7.305768005684231191e-23
1.095511496724648157e-22
-9.425274804844382396e-23
2.619184356872465565e-22
4.310999873703460732e-23
-9.485731093288624254e-23
6.816984303981399229e-23
-1.249413458506692437e-22
-3.753191647249451214e-22
-1.630345938006934738e-22
7.701766241954631382e-23
-3.590184794771481786e-22
3.346645881292628265e-23
-1.771751200759035076e-22
-2.223460410497515425e-22
-3.443577579111592740e-24
-1.324452499650348940e-22
-1.194279715827073195e-22
-1.028172740034323661e-22
-2.458316541635729374e-22
-1.615225568283489621e-22
-2.921702398223536164e-22
-2.637463076691918166e-22
-5.653621490328366506e-22
-2.785013573991222920e-22
-1.804316948701941028e-22
-5.353364937346278121e-22
-2.736348313247511124e-22
-4.356721047518027933e-22
-5.017189514633567105e-22
-4.164352646183272726e-22
-6.257061157246277852e-22
-5.370842276506737955e-22
-6.159096021423928308e-22
-5.375225198192939934e-22
-4.313503667765301244e-22
-7.226274997403831991e-22
-3.869225331663806194e-22
-7.611399667820680444e-22
-4.017506587944080699e-22
-6.275672425031177665e-22
-4.426646145959691194e-22
-6.765336081228652632e-22
-4.661548852098294517e-22
-5.934804800521502152e-22
-6.076001101624266717e-22
-7.732789629002737923e-22
-4.553495914482296003e-22
-8.703845210546446728e-22
-6.689985437660669523e-22
-7.094984631502988654e-22
-7.985203378855208823e-22
-5.647353307309912623e-22
-7.986664486107430557e-22
-7.436516200555013059e-22
-6.264300587654083968e-22
-7.224684075367750054e-22
-7.488951051920570593e-22
-4.711753886261624429e-22
-7.299151263587933471e-22
-4.678844258149512097e-22
-6.688145326209900750e-22
-5.720670955068680346e-22
-9.024951210056383174e-22
-8.762838323335163888e-22
-8.269315385956637067e-22
-6.261879148582003919e-22
-7.281542601537225661e-22
-5.148248134997341687e-22
-8.042068280425789900e-22
-6.984546954882762216e-22
-8.745680561055535103e-22
-5.684426366452640442e-22
-7.834995378193442663e-22
-6.615681898489141449e-22
-6.414631845076448789e-22
-8.276752338249812037e-22
-5.063869406155818870e-22
-6.126889351700089492e-22
-7.144013287718331252e-22
-4.730795710663012221e-22
-5.693591184449823189e-22
-4.086702952074403240e-22
-8.501469633340263829e-22
-3.322946165707132364e-22
-6.718923808616981321e-22
-3.729020723677140838e-22
-3.721138456700627935e-22
-4.969641666492230984e-22
-4.486153710519165295e-22
-4.432912054161921233e-22
-4.489897403861204797e-22
-6.350572072896282122e-22
-6.143965424853550249e-22
-4.239639742274321585e-22
-5.810929411685125747e-22
-3.854113894343796211e-22
-5.144648597965802627e-22
-4.712933626887657138e-22
-4.630518893888578889e-22
-4.319433727493254764e-22
-5.710803592986225898e-22
-2.970899047638641128e-22
-4.510116096339944140e-22
-4.848560720666612562e-22
-2.617090561162582724e-22
-4.845805874862769537e-22
-2.549898145024235080e-22
-3.643783380187946303e-22
-1.780568176477202581e-22
-1.841274337105351739e-22
-2.325994624265661550e-22
-1.496861021812152295e-22
-2.250612872043906383e-22
-1.838402225571220929e-22
7.919909969023334822e-23
-9.120848879126214397e-23
2.943982396064564144e-23
6.435176964451019523e-23
5.323863440666173643e-23
1.236878108311305251e-22
-2.081770282537118819e-23
-2.510338054572826525e-23
2.745622738066867721e-22
1.109641328472338587e-22
2.718412692285856482e-24
2.660275098336244490e-22
1.203253834999927742e-22
1.629145699169427378e-22
2.837801936191389963e-22
3.420645581796136664e-24
-7.143410200109659477e-23
1.122532518638577431e-22
-6.431899081200447346e-23
4.075223989558719951e-22
8.716705639923333851e-23
1.991297660100834824e-22
3.865529046107104180e-22
2.775646626476844765e-22
4.690163472959854222e-22
1.466273036788734573e-22
4.766674090104088461e-22
4.061519219012120808e-22
3.715358358966149841e-22
5.923780628830965193e-22
3.474479784844399035e-22
4.245342513966033927e-22
7.201445496292011117e-22
5.558105548522680063e-22
4.431927158084781780e-22
2.686553095487562938e-22
5.704262304736046410e-22
6.964456362696268600e-22
4.201756730779484390e-22
5.583416948098697818e-22
7.701167966775038486e-22
2.466554786661700197e-22
6.597182091239399874e-22
3.752817246342701671e-22
5.926313306646552850e-22
3.084522741880473834e-22
7.145337338171272533e-22
6.006494499254813413e-22
6.859709915293986909e-22
4.975149691292251588e-22
7.665053828950114636e-22
6.015147719039622001e-22
7.462668625125629175e-22
4.680863997237059245e-22
7.130518502732294880e-22
6.290590874244124969e-22
7.670837492929432805e-22
6.041081544417368148e-22
7.558624566128959578e-22
7.346832856888351592e-22
7.357241490695698425e-22
7.026158980088333184e-22
6.618681854136231388e-22
7.682844354841218204e-22
6.508410755213399332e-22
7.153717161043784178e-22
7.399520391010200807e-22
6.791408233890294440e-22
6.442489811582294605e-22
7.779201180547377815e-22
7.164893097087020373e-22
6.699414369077066852e-22
6.762173409796425861e-22
6.860488682369042933e-22
7.466014509805809653e-22
4.514190393678749827e-22
8.695636639331803854e-22
6.131168774837333914e-22
6.993053374995877894e-22
9.142172577675697111e-22
7.802350399456910946e-22
6.163711576840090888e-22
6.287411931693264048e-22
7.120634141214164871e-22
5.750587933250227327e-22
7.820997901876569794e-22
6.190362979965134452e-22
5.421118711874501728e-22
6.022469257546232342e-22
4.819030654573943199e-22
3.110224445383272427e-22
7.595232562239880378e-22
2.281415070945110773e-22
5.065956326279920262e-22
3.451373707523656048e-22
6.627432139498028378e-22
3.080982743305401863e-22
5.711882074411563304e-22
4.587896981306683648e-22
3.777083475708058253e-22
5.492485440014339674e-22
5.150652070236200475e-22
3.589538876511696708e-22
2.569502532348668711e-22
5.102288958378704368e-22
1.076717184246892567e-22
3.725894095246884515e-22
1.119927794017221739e-22
2.077347935666015864e-22
4.664409592448792709e-22
2.448511555540431884e-22
1.375781519603336369e-22
1.140563538626076108e-22
1.459110383061701428e-22
2.518747425080800974e-22
1.606329855487959817e-22
1.534884513771689169e-22
6.339845941456603191e-23
1.686588225513770264e-22
1.283529712261320644e-22
2.374748497198809908e-22
-2.258576163560515793e-22
3.342454137032469743e-23
-4.479367479404784073e-23
-6.192964105170655692e-23
-2.581788873074687750e-22
-4.861402671287848908e-23
9.044413911891723913e-24
-1.410207504932983296e-22
-1.026355821411685985e-22
-8.492515211249481234e-23
6.062912355545790496e-23
-2.990469290041544048e-22
-2.397404960374857977e-22
-2.237023644768914067e-22
-2.717232191510468223e-22
-2.519505468830965237e-23
-1.721417766150518442e-22
-1.485616090380442578e-22
-3.511752861070687266e-22
-2.841032172584260086e-22
-2.299929669144513426e-22
-4.208137391803692632e-22
-2.980374381073020390e-22
-4.750528240194841427e-22
-5.070458019693675288e-22
-4.360653705250950903e-22
-2.347926238600552159e-22
-3.283535792930754432e-22
-4.008901478374072761e-22
-3.991791644796257283e-22
-4.118819923414571264e-22
-4.598559792408673597e-22
-5.673594283958909578e-22
-6.021412497428491568e-22
-6.431315037178684868e-22
-5.386515045246572874e-22
-5.344091506575165459e-22
-6.056516808773140587e-22
-4.536970308914342787e-22
-7.042758953756549085e-22
-6.112269272805000679e-22
-5.622575215056248847e-22
-8.646283231808924962e-22
-6.780379004356809304e-22
-7.814912013907751593e-22
-4.291724862145770962e-22
-8.571550863468579498e-22
-5.462323996990435559e-22
-7.684180938165867972e-22
-7.761080780481098545e-22
-5.818111785638970995e-22
-4.724378809496163661e-22
-7.035723747277727177e-22
-8.198068923081780508e-22
-6.188848241136307869e-22
-8.298879027822552461e-22
-5.691961821321064125e-22
-7.017533261773153713e-22
-6.019946071661339614e-22
-8.002579258855077767e-22
-6.088506667365042198e-22
-7.213498737363823421e-22
-5.803688753742154352e-22
-6.716118048481227511e-22
-8.395429350817251440e-22
-5.018101065568948216e-22
-9.732652807907176470e-22
-6.011201745960757721e-22
-9.833385252174321179e-22
-5.984849693928407089e-22
-7.836411287621809676e-22
-5.109298112087332928e-22
-9.096279210468089083e-22
-7.321691431876199259e-22
-7.272018571985222855e-22
-6.271285776714088654e-22
-7.540551838096872103e-22
-9.465445759855856315e-22
-4.096712929043542297e-22
-5.056278883022546442e-22
-3.175885040029270841e-22
-7.161548835558282381e-22
-5.124059177916700902e-22
-5.562209187924380475e-22
-5.016199155376507219e-22
-4.900168321153714194e-22
-4.568040260082286667e-22
-6.435549161181824050e-22
-3.652304985241758484e-22
-3.457105153351126317e-22
-4.160040979130068505e-22
-4.083145428244695593e-22
-6.182174204271576704e-22
-4.203160076637881310e-22
-4.081957136940541510e-22
-4.918101739832263599e-22
-2.060801256516503407e-22
-5.169044342148157998e-22
-3.184362054089330103e-22
-3.079351232336955738e-22
-2.908061726273956912e-22
-3.937218079297398889e-22
-2.953177590940146358e-22
-5.134266463872634210e-22
-3.864444906871399517e-22
-2.357462829908103448e-22
-2.525843888235333860e-22
-2.169707300058745603e-22
-2.846476226248664081e-22
-2.716002731294917051e-22
-1.752219649970828544e-22
1.294835345897401002e-22
-2.263993089926720688e-22
-1.435554886332367540e-23
1.964513458078019813e-23
-1.135593922028454329e-22
-8.832186477938630990e-23
7.423407304021938897e-23
-3.034788218429276824e-22
3.135298786846645685e-22
1.639441068976286773e-23
1.437536886828124347e-23
1.219983580697936595e-22
-6.998670761137372904e-23
3.221030476636830784e-22
1.660488055359437937e-22
1.192396501245919391e-23
2.941433605507432304e-22
1.933505821751792214e-22
2.229679881182540844e-22
3.088659797093892759e-22
2.987006895618650715e-22
2.341160271791646637e-22
1.363203161405760342e-22
1.393590627021485766e-22
4.549550665013929171e-22
4.754517445410377126e-22
2.559290436153349064e-22
3.095257728943844546e-22
1.556657401143582988e-22
5.584075850821126611e-22
6.446885255239433121e-23
5.447151291611415383e-22
2.605924546427164822e-22
3.700814164142120400e-22
4.790090640111236578e-22
5.582701337559157115e-22
4.872534360893114081e-22
6.829342729707284332e-22
5.910540705210176553e-22
6.495087737328027980e-22
5.347197500695384697e-22
5.544803327416049010e-22
6.734580618742640554e-22
6.871931293838851212e-22
5.502522072589120111e-22
5.930453873693211014e-22
5.771913816592694076e-22
6.868911788416278885e-22
5.949237607717705885e-22
6.492375747909527156e-22
5.954170296747544408e-22
9.438777677338221484e-22
5.138257664763781739e-22
9.152987070293890902e-22
5.890567572979602917e-22
7.667031160571916629e-22
7.289982439202250680e-22
5.244547156069319915e-22
6.903292274161374263e-22
7.195162371305164316e-22
7.080810438764790869e-22
5.848463020673119959e-22
7.909560756752534364e-22
7.148827860470775775e-22
6.936909546309808076e-22
5.725372260430697921e-22
6.632759397353786449e-22
7.619774879262305561e-22
8.246793980458072585e-22
4.956223862678716920e-22
8.072191610067900674e-22
7.479405274559422802e-22
6.969945001481991459e-22
1.016172017008071444e-21
6.627235227207304926e-22
5.336214019854677688e-22
4.278905277442510402e-22
8.128959295417217585e-22
8.267595227216404493e-22
7.058251473246076858e-22
3.690888499636298686e-22
9.321204123919605627e-22
5.461966226326161421e-22
5.822994734952378508e-22
6.943342270646036116e-22
6.483664921228289537e-22
5.867753929340897648e-22
5.203831772554577698e-22
4.099485533489483765e-22
5.108142248079291558e-22
5.014383690534648947e-22
5.349829373195669497e-22
5.387594234388161166e-22
3.633983271390364994e-22
3.710285184588905506e-22
4.667629350349289502e-22
4.699705071553054479e-22
4.350154289267619096e-22
4.289320846264284205e-22
2.276828666767408882e-22
3.339480757018365515e-22
4.018255830447175067e-22
3.357350140612260114e-22
4.884112270315437123e-22
4.012234086128158947e-22
5.801205329285523064e-22
1.575138292831438702e-22
3.666284918670973859e-22
5.939192439919862906e-22
4.627359319968969823e-22
1.423281249722943894e-22
3.455251578037419432e-23
3.574533850758286687e-22
1.628405760689914860e-22
1.312470617053918000e-22
-5.970672150197575516e-23
2.316273277805926995e-22
4.824183845621562246e-23
1.102680152253863178e-22
-7.340614016687582943e-24
1.498288807051637722e-22
2.270197232158683913e-23
-7.925498357898132518e-23
-5.999073564590929197e-23
-1.776326559153971993e-23
-2.047501228761716804e-22
6.118812427913871636e-23
1.500162725971857279e-22
-2.092273340536880023e-22
-2.093329519810830305e-22
-1.449745491272180748e-22
-2.344845396116412579e-22
9.368624727352169459e-23
-3.268245041074380427e-22
-1.436143742027085320e-22
-6.724156254767012730e-24
-1.772617869485851709e-22
-2.119816721782976334e-22
-2.959350957931005910e-22
-5.963223256674462692e-22
-4.188012473302587969e-22
-2.518412390915988054e-22
-4.099394269942356460e-22
-4.174967030676309209e-22
-4.487886999926545715e-22
-2.272815100716683372e-22
-5.781784520060182043e-22
-5.481125034372680519e-22
-6.328992185603924422e-22
-4.907795165592239068e-22
-4.859548504367648564e-22
-4.442536015146915572e-22
-5.201653652254306819e-22
-4.147889522484609139e-22
-7.188025645122888287e-22
-7.225230320467813752e-22
-6.728650153853500084e-22
-5.770056878089930892e-22
-6.247254497592759309e-22
-5.516223865019214277e-22
-7.070438363311678859e-22
-5.052400722961789919e-22
-5.973146657533666658e-22
-9.326759911999435133e-22
-4.478047444546636622e-22
-8.399757349578036180e-22
-7.690571737755771102e-22
-5.496729435930946005e-22
-7.897138591463222281e-22
-9.298445177551109497e-22
-8.016416039085092439e-22
-4.911230854040292536e-22
-6.783827344554484228e-22
-5.055720080615751559e-22
-5.180244572224265078e-22
-5.166211277200538697e-22
-8.457033246083480673e-22
-5.837473825562279958e-22
-4.808726361718598998e-22
-6.601980677789002498e-22
-5.770339972375267581e-22
-9.811920068994934307e-22
-8.217154902292219016e-22
-5.065873413505090071e-22
-7.000306292315468029e-22
-6.835942170583075354e-22
-5.802133296078313848e-22
-7.957512169617821011e-22
-6.774782270436595311e-22
-7.965430846840552281e-22
-4.902870725993806235e-22
-6.387860549407149005e-22
-7.520356463007012459e-22
-5.045018536613059464e-22
-7.610734661275517155e-22
-6.260976365754557984e-22
-5.521622584225888042e-22
-8.034638392353041017e-22
-5.011884098902120714e-22
-9.310444995235556967e-22
-4.858262517758409561e-22
-5.426766119654189862e-22
-5.371045518637684778e-22
-6.562492379224494377e-22
-4.903122355145943331e-22
-4.366701273817247287e-22
-5.217052805071096884e-22
-5.884596180891956990e-22
-6.540318355802490873e-22
-5.516091893514916278e-22
-5.103553541161658326e-22
-6.012087248719951380e-22
-5.816179016473815141e-22
-3.283746269896703598e-22
-5.237140924915619882e-22
-3.036295525792132596e-22
-4.496786532567239056e-22
-2.452424253595392528e-22
-4.290517192464365342e-22
-1.811672732835511133e-22
-2.800756056243963994e-22
-4.928933434561703548e-22
-3.636340471248985126e-22
-1.612005181960159360e-22
-3.549047863321142754e-22
-2.733234281761609417e-22
-2.076485500043644090e-22
-4.336743177352989728e-22
-1.265181439354535548e-22
-7.805085657158999558e-23
-1.739935058905628511e-22
8.220316660369572620e-23
-1.460043591230263453e-22
2.343439451031805253e-22
1.113944375867257189e-23
5.528759557805568649e-23
-8.143188822612396547e-23
-1.068117731088202960e-22
-6.493997119215177525e-23
2.807489905235652912e-23
-1.132792616534543398e-22
1.404594355541559366e-23
1.266575340358578946e-22
3.887799494563714381e-22
1.224556592571759928e-22
3.990578855869348105e-22
1.109259996741560575e-22
3.560542850847090495e-22
1.489869294544360554e-22
4.485513319234102234e-22
3.858560065026014373e-22
9.492087851615937098e-23
3.530013962133740088e-22
2.058649125770862300e-22
5.009479087868847209e-22
3.398422307153036141e-22
5.162393742303225196e-22
3.935390769786802033e-22
5.530693282731495250e-22
2.884107048557409896e-22
5.253558542921008454e-22
3.195909972991520754e-22
4.136139865626977178e-22
4.583880254563714541e-22
3.390628442912564008e-22
6.296963446761466561e-22
4.681248505929677807e-22
7.081395391371430305e-22
5.207118989030581735e-22
5.782601974391253830e-22
6.988552157883302580e-22
5.055526308754085979e-22
4.436354168275371898e-22
6.867113132605454681e-22
4.291916516767611865e-22
7.527934849401335733e-22
4.228379161937885290e-22
8.463357356593557129e-22
4.789113952749368961e-22
6.704817883447236054e-22
5.789699990045472845e-22
8.596961614072923487e-22
6.622114203144656873e-22
6.011110925972942189e-22
6.341671963765329074e-22
4.551640308423677553e-22
6.466985496927840196e-22
6.665722165884857374e-22
8.793234626397584688e-22
6.659292219290560522e-22
8.580118957008393763e-22
3.395636775628638615e-22
6.491192235123634814e-22
7.437521100011348417e-22
6.806767252269068288e-22
6.361468471158633829e-22
8.168765897632573549e-22
9.284335159036377702e-22
7.744830610997174733e-22
5.485475819107540847e-22
7.089900307404577129e-22
7.389812928180965324e-22
8.760461477066251703e-22
7.235840599374041253e-22
1.037991489781381714e-21
7.378470536723270230e-22
5.605275425461168982e-22
4.940677793012556004e-22
6.671992479806484176e-22
5.609413630360477364e-22
9.096191294199280741e-22
7.161706857665084093e-22
5.133239536399449711e-22
7.107432177540578671e-22
3.642500016741372815e-22
4.783043240335241314e-22
6.718814234796598841e-22
8.594606930068587744e-22
5.525735680184723393e-22
7.661265793958854193e-22
5.110698870833587758e-22
4.491550559508089259e-22
3.634505589015611839e-22
5.000351702495358653e-22
3.004934454001904880e-22
5.126539295066619052e-22
4.681343614944754335e-22
5.410598214302486407e-22
5.058329793091480070e-22
2.138402232381165746e-22
2.908230049786582378e-22
4.693972246124081352e-22
3.869064760625252277e-22
3.555217984245962990e-22
3.036874068364779919e-22
1.261096329677057564e-22
4.157369138380157536e-22
1.242393996505895642e-22
2.133145698144866662e-22
2.279159468017972761e-22
4.287070337553166862e-22
1.137258955358946591e-22
2.433558381295378449e-22
1.335806762482358938e-22
1.112765297691017102e-22
-7.283591238194796955e-23
-6.301120684412037968e-24
7.609829492403995216e-23
-2.195951671954842236e-22
1.638687881046664466e-22
1.272997155873912418e-22
-2.977063646884045174e-22
-2.277961397323964213e-22
-2.350535468133249895e-22
-8.329913804243024396e-23
-4.718751136581205559e-23
1.232124378427760633e-22
-1.706939738297556624e-22
-4.936025064489226754e-22
-1.719293937872619831e-22
-1.493157483561354811e-22
-1.972664320620465745e-22
-9.462889094754169710e-23
-4.625486469857808141e-22
-8.205619407751074209e-23
-2.123993614348764298e-22
-3.477260070245186945e-22
-2.268126024226111512e-22
-6.056360871353109156e-22
-3.772140173546458486e-22
-2.928773711617600655e-22
-2.964160095896097525e-22
-6.278668155921952053e-22
-3.437262770966880209e-22
-4.423171448894549893e-22
-3.014490431378412051e-22
-3.464306490599546917e-22
-3.350099466718566970e-22
-3.603487959992370968e-22
-5.180902803928863162e-22
-7.208531816329593598e-22
-3.256435041223088818e-22
-7.019622742698549760e-22
-5.923104421161193511e-22
-5.848164462719478110e-22
-5.757314241097672011e-22
-5.725879296568846117e-22
-7.486351958918121693e-22
-7.303153154093568739e-22
-7.054276769059857517e-22
-6.004469525648108668e-22
-4.622229114193138477e-22
-6.811964178412894238e-22
-6.224982755255336935e-22
-5.533149378004478063e-22
-6.618743352467191517e-22
-6.364697020357728986e-22
-8.014447501611199660e-22
-5.801152293852693031e-22
-7.860918575464847349e-22
-7.454700303125049028e-22
-5.887550309296926378e-22
-8.334555534623756414e-22
-9.163580292879853449e-22
-9.109030439941757261e-22
-6.260786864387253981e-22
-5.476269567803072107e-22
-7.194567021679419561e-22
-8.118204806096356283e-22
-7.468647762428288175e-22
-9.919737056220241155e-22
-7.188066492616784876e-22
-8.421893561790096298e-22
-6.642569299909602355e-22
-8.859755874540147632e-22
-6.774453509547515707e-22
-6.869403942342199209e-22
-6.056772461533915148e-22
-6.906471349617444494e-22
-6.817785526429737452e-22
-7.035654389143365652e-22
-5.887874159434240147e-22
-6.451880385364652341e-22
-6.017362223259800421e-22
-7.215642332313869939e-22
-9.636426487814090834e-22
-5.265685969316931029e-22
-4.320084903105848886e-22
-5.811719060468101419e-22
-4.450357057556790026e-22
-6.902301339398239667e-22
-4.247632063776807094e-22
-3.352207664951022187e-22
-4.493630966560259083e-22
-6.115963689374597675e-22
-6.435363149973849156e-22
-3.915344626664390524e-22
-1.373276182077420794e-22
-6.212003132275533844e-22
-2.656463145911840851e-22
-5.537077402820241013e-22
-3.570638062179413403e-22
-4.335504128764561750e-22
-5.369371087817973737e-22
-3.909774740495625148e-22
-2.039532158991920925e-22
-2.850684790602201494e-22
-4.248323207461903427e-22
-3.190298287665957739e-22
-4.830130430970802121e-22
-2.298999224893464583e-22
-1.981916761205098425e-22
-2.125104430879276979e-22
-2.017886457423788415e-22
-1.308092764908658767e-22
-3.007260107768699178e-22
1.770132807944147337e-22
-6.722649359245774225e-23
-4.716828949115081077e-23
-1.706323854389993783e-22
7.887472572710556292e-23
1.320636389209874816e-22
-1.319874146309897974e-22
-7.006365641978880537e-23
-8.700211920099826162e-23
2.002241717542449406e-23
1.406317673042764382e-22
3.086976514422543165e-22
1.194926584938333204e-22
2.649935568969224602e-22
2.993238678440544318e-22
-1.932592017997528783e-23
1.203241215740392035e-22
3.667979196575271240e-22
7.974759096316653715e-23
3.068989405085733808e-22
3.947748201754141903e-22
3.621545562669998933e-22
3.933713074385716025e-22
4.030593207957743670e-22
3.133562302631942637e-22
4.479582385892378216e-22
2.344723690835861671e-22
1.355357086731477608e-22
2.926563659096529265e-22
2.118989460159676398e-22
3.274355884214178184e-22
5.330557318175066686e-22
5.868772050845034048e-22
5.647258210278277838e-22
4.878081780595762227e-22
5.610929859376130460e-22
3.765249309508509901e-22
5.083334549632319679e-22
4.342271592011690292e-22
3.428760948715727927e-22
4.866166168368736233e-22
5.196927959864826466e-22
5.681385178730381648e-22
4.605169827273763975e-22
7.279192321300618112e-22
3.725950604145087129e-22
8.116649399064092125e-22
7.685218384105130590e-22
7.035299898716074054e-22
7.598815006701040581e-22
8.363825861286797396e-22
8.332340412262985216e-22
6.985080565668615331e-22
1.025153648565129814e-21
7.485297487281416262e-22
5.747405594599695721e-22
8.822103910329320974e-22
8.602301916064919835e-22
7.702392107384022502e-22
8.471029792855913899e-22
7.016430580574784889e-22
8.354977273253931671e-22
7.823859646771597205e-22
9.346477496977628324e-22
6.811486431215158978e-22
7.086167425150080036e-22
6.221622633320584622e-22
6.733489441404929752e-22
8.706524044208650661e-22
4.212613380662555949e-22
7.243006931135993823e-22
8.391500972126542662e-22
5.587754991312239036e-22
9.526593893494735069e-22
7.460624423364913382e-22
5.750838305918575301e-22
7.073903504465783619e-22
6.516139631793697531e-22
4.480514786512423382e-22
5.731220230786927956e-22
4.405008053791158874e-22
6.343334014477385759e-22
7.714754583359827726e-22
5.929552573377056406e-22
4.948114128236041763e-22
5.069127302452199157e-22
5.825936818149305505e-22
4.319749190296880027e-22
5.302974939293564003e-22
4.184824854439678572e-22
5.365983066283211044e-22
4.627861761667089208e-22
5.060191401923807434e-22
4.653523379403452629e-22
2.632575204748474083e-22
4.336990579885597243e-22
6.205394862028077678e-22
1.861019407384861449e-22
5.327581711019061520e-22
3.372750730687601615e-22
4.553813077056142903e-22
4.005795416129079003e-22
4.114788266715566261e-22
2.689271515214319930e-22
7.785211444061242171e-23
2.242249014057348121e-22
1.477272542244224830e-22
2.139670639301778832e-22
1.547138108345471795e-22
9.359042108657521621e-23
6.257177744801399265e-23
2.907459244323418131e-22
1.953415304449679978e-22
1.378654316400227605e-22
2.155075361772565692e-22
3.177297477418768104e-22
1.766883161816975188e-22
-7.978778045230584786e-24
1.429362811781978054e-22
5.923118177864393497e-24
-1.697716850593917794e-23
-8.393964983244843155e-23
5.664295288957279085e-24
-2.736083967324943765e-22
2.583845619025292618e-23
-1.367228246501052598e-22
3.636792703543337052e-23
-1.592027314453884840e-22
-2.737100263410243859e-22
-1.621683088095350520e-22
-3.567261567585816343e-22
-1.712354148037247637e-22
-3.201110653345852408e-22
-3.350247389759188393e-22
-3.745249603564292793e-22
-3.079709020076859543e-22
-3.718573553582581195e-22
-5.082854819390517029e-22
-5.070952192841362691e-22
-4.184546797099603987e-22
-6.996040751807498657e-22
-2.238324443458502949e-22
-3.950935783078608754e-22
-5.241765237874549326e-22
-6.201274257195564034e-22
-7.139675869780090911e-22
-5.453521270248917750e-22
-4.970871139957233665e-22
-4.736238984358569045e-22
-6.196944519854432409e-22
-6.353539936277845363e-22
-6.897895956170549187e-22
-6.505796962201880723e-22
-3.187798047661392140e-22
-5.777463555185486370e-22
-6.666148606373828214e-22
-5.032809644090046851e-22
-3.481396846534447975e-22
-6.313166954672069857e-22
-8.626651964936924867e-22
-4.596541117238602973e-22
-6.426553377413144610e-22
-9.648618438098835134e-22
-7.710498237965061287e-22
-5.629628584351726594e-22
-8.680136268946628877e-22
-5.706255169048433067e-22
-8.540882264133427270e-22
-7.662075038698146312e-22
-6.697063360649710185e-22
-7.921862940003565969e-22
-7.845798093840257473e-22
-8.121685413996043022e-22
-6.963475633443164462e-22
-5.907167987820731298e-22
-7.329764681617596654e-22
-1.021300709263849135e-21
-7.343912959596334073e-22
-8.141750594287128466e-22
-6.962692016108122609e-22
-4.828945012640157086e-22
-8.463832933160217134e-22
-6.296288913134973802e-22
-7.131176916253762054e-22
-8.338756889533202208e-22
-4.481144870469355231e-22
-6.619037931478579462e-22
-8.225462628780958357e-22
-5.374143187877966119e-22
-5.816135829350778659e-22
-5.582253907363285184e-22
-6.383800619407740178e-22
-9.063429947338390937e-22
-5.002705576130518893e-22
-5.669244289163452670e-22
-6.078133071602672553e-22
-5.886628062372934709e-22
-6.033919639895281433e-22
-4.281421013968488482e-22
-5.119296229856046540e-22
-5.702552177736491346e-22
-5.480648541234326182e-22
-5.447826906010137064e-22
-4.326167988678899158e-22
-4.356802267629726114e-22
-2.061038970836577341e-22
-4.155511700536043880e-22
-3.435613597310706640e-22
-5.954695542458003001e-22
-4.147751619107362610e-22
-1.926316572837498653e-22
-5.024261116408325571e-22
-6.153962281343671839e-22
-2.397797666846051438e-22
-2.900948482666918337e-22
-1.968262803250749815e-22
-1.430190495306861252e-22
-3.479311361272989447e-22
-2.702569254801208309e-23
-1.904970674984777653e-22
-3.917650688261446480e-22
-1.271569553538092330e-22
-2.556198229132238285e-22
-3.515574339059404007e-22
3.294170957553172943e-24
-1.943391961663937393e-22
1.568738098028935964e-22
-2.251287920049445883e-22
-2.911889927954450522e-23
-2.354166636931656795e-22
6.226496339432387832e-23
1.609657227692329217e-22
5.369467373592501021e-23
1.070214190932841543e-22
2.022242747944740195e-22
7.690066517301228467e-24
3.258336983712659341e-22
-1.767387708198581997e-23
2.319251242498160849e-22
2.450530637207720133e-22
2.440836239185048644e-22
1.573257717978878208e-22
3.322947213516726574e-22
5.816974836937403367e-22
1.754151676824803816e-22
2.406590325853741369e-22
3.072731465777064114e-22
3.032399350770803331e-22
5.756662016070805527e-22
3.490742665700354079e-22
3.275639992927343458e-22
4.484672889560606617e-22
1.151949298830373310e-22
4.782624812260451880e-22
7.441549648806988196e-22
4.964660859672267990e-22
5.856951574351628249e-22
6.876759309788239123e-22
6.361920030725285195e-22
4.805572156484782647e-22
6.101324127405839693e-22
6.208761621278899338e-22
6.423133649352706000e-22
5.694345629944735500e-22
5.626634517664756606e-22
6.699221816838386488e-22
6.859832563052856697e-22
6.873043646730464736e-22
5.790441971316186946e-22
5.449844943829610998e-22
7.143227842329590969e-22
8.383742391781441544e-22
4.506996486728841367e-22
6.938776417890556654e-22
6.738418553278559875e-22
6.221044366455629029e-22
8.213862015033539695e-22
7.379820288817068712e-22
8.980271127083527645e-22
6.062077283720974307e-22
8.341602042237126071e-22
8.510963981480663351e-22
7.146246310354476915e-22
9.087952924193280700e-22
9.877208463554391808e-22
7.054215049698400038e-22
7.749941425227790182e-22
7.719977993849664394e-22
5.620761612191689878e-22
5.948024949581678653e-22
7.465166757410345257e-22
4.377720130993730863e-22
7.569503353551896993e-22
7.135463604146419484e-22
6.654919160832049973e-22
5.733934828829070470e-22
7.047602192812922153e-22
5.366151926996174141e-22
5.748761729277800208e-22
5.819829938941912372e-22
6.370105732114611120e-22
2.901741894990276275e-22
6.741222008323030650e-22
8.619593477327363438e-22
5.390822666813886372e-22
7.495105423477487422e-22
5.365858560854554484e-22
6.122910216647323045e-22
5.989296369572669670e-22
4.700054331741914788e-22
5.346608993309871746e-22
8.318798433384970624e-22
5.759877820547339941e-22
3.404922719481412394e-22
5.573723238335913666e-22
4.810983569989556330e-22
5.292936274736459191e-22
9.702478109228824153e-23
5.829711941843194901e-22
4.987731921790288915e-22
1.916962330893399914e-22
3.075315998999006870e-22
2.266474473750259044e-22
4.126913122743502054e-22
5.213698633217362523e-22
3.230438632620176884e-22
-1.304478706497733075e-23
3.289418449595891746e-22
2.274677633672241115e-22
2.360561598675482668e-22
1.807044017395350011e-22
2.880056491472411356e-22
1.307876334399103297e-22
7.990374931625708715e-24
1.552029132882183954e-22
2.195566636268878874e-22
2.864141669120013619e-22
6.779383312161286516e-24
7.531635789462647937e-23
-2.218023066981609458e-23
2.985563122467875651e-23
1.401674411852265659e-22
-1.290937112614939909e-22
1.881279003614952545e-23
-5.512055071611970841e-23
-1.526116118358940548e-22
-3.536770048521931183e-22
-8.774173606407159050e-23
-1.784020517612829593e-22
-6.284290421330783963e-23
-1.103990880481063585e-22
-2.445406387193113143e-22
-5.414923025972176027e-22
-4.977540430401441032e-22
-2.865823170852919991e-22
-5.433219709774309342e-22
-5.414045161549629427e-22
-3.997991534126281876e-22
-5.042149896696470429e-22
-5.143812112429062800e-22
-1.641078518024853722e-22
-8.230458882409679975e-22
-5.202268499776444958e-22
-3.408984904717345829e-22
-4.840782994650863180e-22
-3.635318270980299630e-22
-8.315543532464607691e-22
-8.133595122040744850e-22
-6.594839640183087580e-22
-2.501562960757891670e-22
-3.404327166895041543e-22
-6.921877979934728469e-22
-7.967672533027126478e-22
-6.313543935423420646e-22
-6.048554403241793851e-22
-6.173126934192798831e-22
-5.026713630669738063e-22
-4.886876221509666244e-22
-7.108895996290481900e-22
-6.489487546169820715e-22
-5.411323000858488301e-22
-6.414215987036954905e-22
-5.822751042221118570e-22
-7.098071885358424316e-22
-5.643108202513284637e-22
-7.761097527477449502e-22
-8.121024794257811832e-22
-6.920998940320915808e-22
-9.411898871297885343e-22
-5.355673493943684292e-22
-7.419600713178450157e-22
-7.631541893175745507e-22
-4.903313592559063828e-22
-6.815472093780751490e-22
-7.655737283420438747e-22
-8.837707378398877086e-22
-7.711416037326397229e-22
-8.216687526793145474e-22
-4.852813628292774224e-22
-9.347427842507970588e-22
-6.876057126309435251e-22
-5.991764971599186464e-22
-7.940469550596674095e-22
-6.544502548717815012e-22
-7.514039147412088739e-22
-6.470436987555867008e-22
-4.368921396219174761e-22
-9.151006720699639697e-22
-7.178758245563261106e-22
-7.015296502226199105e-22
-5.884768328712763968e-22
-5.124453633248530854e-22
-4.780832448971576712e-22
-7.203249159815745453e-22
-7.024832030284874368e-22
-4.318551203391966336e-22
-6.473757618325600822e-22
-4.989037054752362574e-22
-3.135201757933651462e-22
-9.368707430577675524e-22
-5.803317101396180564e-22
-5.533636081606437430e-22
-5.103024569438142187e-22
-5.322973247210619655e-22
-6.456628357779029787e-22
-5.519493924085238747e-22
-4.750922786835175551e-22
-5.301989097258450082e-22
-4.396646598780999415e-22
-2.859064614428246414e-22
-2.473045886985322656e-22
-3.092132018681868604e-22
-2.143149354928448000e-22
-3.800219975766239426e-22
-1.847853641973170089e-22
-2.549201043252711803e-22
-3.157034223119681005e-22
-5.071573743294976001e-23
-3.451298701661841968e-22
-2.285532051040871935e-22
-3.420292521959010771e-22
-1.685315164930777640e-23
-3.500712171692084660e-22
-1.184020931698107161e-22
-1.678117330328916087e-22
-4.941465079900539842e-23
-2.333780916799585755e-23
-8.299200887405525700e-23
2.047402727294591804e-23
-1.073486618901700015e-22
1.002998637901642589e-22
1.029485024771125293e-22
1.110938180933948422e-22
2.000267007057972954e-22
2.995174697111841572e-22
1.746718022383470639e-22
4.152665307431915742e-22
4.644819260211501666e-22
2.775929268986952690e-22
8.848476059059047609e-23
4.466805836099105931e-22
3.470606656279940521e-22
4.166363991926498674e-22
2.895492772020952668e-22
5.365542073568367299e-22
2.520413148792321808e-22
2.645514132771684206e-22
3.233782892071293498e-22
5.474564396005264513e-22
3.270263447211799761e-22
3.265650908487779323e-22
5.077220094733270802e-22
3.594561028439340079e-22
7.556937275838737870e-22
5.758993950741057208e-22
2.438664484700528021e-22
7.388093558653672198e-22
4.486910462477835872e-22
7.593251697293049764e-22
7.494271846808249830e-22
5.111411195170091734e-22
4.348584516921608500e-22
7.375443961715837519e-22
4.804263549614641943e-22
6.706761164473929626e-22
6.403491010988164422e-22
6.642067362203233914e-22
2.705760189320468780e-22
8.249832933577015079e-22
6.256306936020213470e-22
7.603507858308770417e-22
6.198651264478585731e-22
6.747268577142337267e-22
5.678423178766313159e-22
6.481779122287190793e-22
4.889137082161633753e-22
7.386907124349616821e-22
6.912605938519294145e-22
8.597743353115121361e-22
7.899388737267722754e-22
8.164895647804112270e-22
5.805939142909888803e-22
6.358614753611145807e-22
6.333106818969270530e-22
7.696938856529355612e-22
6.510312341477222465e-22
8.922097258387934977e-22
8.319519711128897171e-22
6.229579363991173708e-22
8.384811459873790044e-22
8.079299194804423729e-22
9.673584293767669361e-22
5.973765119669412460e-22
6.418051679115368289e-22
6.914285154205261327e-22
8.134624277829536711e-22
7.319170966995340616e-22
8.130593924494166836e-22
6.606100796746293232e-22
5.567791919943229337e-22
7.383770262494712406e-22
8.052504548444704637e-22
7.020921318086725156e-22
5.187545216754260369e-22
7.315854099996535954e-22
5.754451868782107909e-22
6.051439685634343668e-22
6.209880977778942545e-22
3.908753296369037311e-22
5.315629885619314110e-22
3.602319427143587810e-22
4.529897394272285194e-22
3.471737663131929355e-22
6.052369520092896362e-22
4.694312017655901639e-22
3.858805758612843528e-22
3.078547800494110938e-22
4.641975719743701362e-22
2.604661016813434421e-22
5.915705856226949293e-22
2.788361054036253690e-23
3.234950496007090008e-22
4.613027367142800884e-22
2.000153301192195813e-22
2.400219838564963869e-22
4.161521709763329055e-22
2.767921319296079636e-22
1.870515206676967209e-22
2.686950578142718166e-22
2.293187915022901437e-23
4.536324771616198399e-23
1.840878796749214767e-22
-2.510520269778823979e-23
-1.174887880752845595e-22
-4.838224826931514465e-23
-1.375336535213361966e-22
-1.835512080236557204e-23
3.204662173033145486e-23
-1.774954965188161944e-22
-2.480011645808563014e-22
-2.396831752970259318e-22
-2.868198969991906920e-22
-2.822056936019888911e-23
-1.261744875075357544e-22
-1.506526745330850244e-22
-3.061707179254771535e-22
-1.555515539634416874e-22
-1.123882924168867060e-22
-5.429651798499708373e-23
-3.418981317321606607e-22
-3.971751779721041374e-22
-3.734323053669038686e-22
-3.290141805520424356e-22
-4.781964876126849002e-22
-3.013758093747338797e-22
-4.084270496062280597e-22
-5.305042872369487782e-22
-3.589802559885472838e-22
-1.917376367138595817e-22
-3.880253606378555643e-22
-3.148628442177731186e-22
-4.080902256311170901e-22
-6.108367263567767828e-22
-6.360664060749195488e-22
-4.613858590504515297e-22
-6.965827936121211535e-22
-4.946767713160438479e-22
-6.291287383845858717e-22
-5.807969917969169369e-22
-8.348308294529709561e-22
-3.405355159357559692e-22
-5.250037137821685374e-22
-5.720236848360701319e-22
-6.012476806452169456e-22
-5.941738435833478996e-22
-6.697534903819011346e-22
-5.994538682812857238e-22
-7.763354699764058098e-22
-5.887062605494472463e-22
-6.127389294966530466e-22
-9.849071155774064717e-22
-6.438536508295012622e-22
-8.562417926749152059e-22
-7.730044771225706024e-22
-7.698039515194962166e-22
-8.227914651271999571e-22
-6.064694453639168621e-22
-8.471906484641008578e-22
-8.276656213562798091e-22
-6.773815870748432554e-22
-7.942685696998227285e-22
-1.031704794633495912e-21
-5.346838067445856556e-22
-6.286217575244757424e-22
-8.401527283753650086e-22
-9.770910639939732195e-22
-6.483779958725559488e-22
-8.363513311290671883e-22
-7.396656024718870580e-22
-9.214059191186374454e-22
-4.827500819623743691e-22
-8.849840725998856608e-22
-5.692933172349993569e-22
-7.012609671291990324e-22
-7.243405675705278206e-22
-7.950948550720160147e-22
-5.429653338199726158e-22
-5.327725485491992252e-22
-7.689279726806605733e-22
-6.565139445232677402e-22
-6.563521103455179338e-22
-5.098583368886540969e-22
-6.079804927081142584e-22
-5.062435740471700516e-22
-3.785069315914460757e-22
-6.968476066425974594e-22
-2.461844640531893620e-22
-6.459938980679182773e-22
-2.286823647617613614e-22
-5.305021047356170281e-22
-4.502338402137473882e-22
-5.115045364730191341e-22
-4.420648860492776140e-22
-4.173899042962336487e-22
-6.164858826154707721e-22
-1.364456075832935281e-22
-1.982004724422039826e-22
-2.217095314886550328e-22
-4.064854425248314899e-22
-2.611704972505741528e-22
-2.148315734659793356e-22
-1.474728855762620487e-22
-2.986524525659645767e-22
-3.454286392895122391e-22
-1.022120925699528036e-22
-1.935806552454587341e-22
-1.913774145461063883e-22
-2.404268525497299729e-22
1.573582790906777821e-22
-2.283292703894277512e-22
-5.325557057882306091e-23
-2.437372549398817185e-22
-1.361172967413775473e-22
-1.872224451371445591e-22
8.562623569181698375e-23
-1.285097983287101741e-23
3.315120774964106390e-22
2.195808001878804242e-22
-1.744518840913108672e-22
1.723788465985476834e-22
1.010632802518389271e-22
7.545641669198461948e-23
9.132146661577460894e-23
4.051457706695438120e-22
3.028608274476903541e-22
6.541996840878776661e-22
6.150767795958427528e-23
2.327307845137872026e-22
3.094739454027818892e-22
6.527992532551436026e-22
1.857036300178863583e-22
5.495704705212600976e-22
4.374858263679020360e-22
5.827223523411208332e-22
4.315445867686409802e-22
3.783686392016857870e-22
4.784685240589734839e-22
4.264992991909269337e-22
7.449424140254203530e-22
4.582020307422204707e-22
4.663490234901319537e-22
6.183562727162787046e-22
3.817049780131114407e-22
5.374851320139637809e-22
5.824770371742116204e-22
6.058870853055356463e-22
7.280518176937994539e-22
3.985490595765769228e-22
6.184756859423401567e-22
6.335764582026954347e-22
9.255040827804946321e-22
6.841520371600232559e-22
5.256713147733198819e-22
7.386872347560233934e-22
7.232597013445666296e-22
5.211396957927973303e-22
6.824285757277717648e-22
4.820941813532477360e-22
7.746257287204541761e-22
7.254896075744910612e-22
8.665764320382158393e-22
6.350594553145301482e-22
7.861993777045764667e-22
8.517070722931152228e-22
6.630052447433548897e-22
7.928549095516282905e-22
6.788508220657585266e-22
7.953553744696192559e-22
7.946937933753428263e-22
6.149374611139790401e-22
8.139763104781577172e-22
5.953110451837618431e-22
7.772233760751897272e-22
8.109017098683244529e-22
9.490779633528498939e-22
8.543115622161202634e-22
8.405036545693716489e-22
6.729642082116676952e-22
7.467910603522069914e-22
6.940052533911103119e-22
5.726802922393289449e-22
8.805630808916628413e-22
7.249139117026966011e-22
7.138963718065617901e-22
4.572408660556704469e-22
7.111142408926281641e-22
5.743659949118046252e-22
5.737057162346931701e-22
6.034378191731893801e-22
6.260753632082971852e-22
6.168737431364635887e-22
7.470975852768534992e-22
3.258364656657111229e-22
6.252103495165469884e-22
3.887129272650507492e-22
2.773846580812576788e-22
7.080284905682388778e-22
1.679698483418828761e-22
5.429401879521960816e-22
3.464579314338784072e-22
5.029344610195152288e-22
5.796883387348142984e-22
2.467058426422835333e-22
4.709546316019142444e-22
8.290862198555929008e-23
3.462370361513338835e-22
1.887159703004786216e-22
-6.951233444625858021e-23
3.112567165968558878e-22
2.150421340964182771e-22
3.149614989105564205e-22
8.673698425283733626e-23
1.116331079887757247e-22
1.318143156426282950e-22
1.320094699527458487e-22
1.340756760652570545e-22
2.561439401064560406e-23
1.087921684405424745e-22
-3.750446243238310502e-23
-3.927197245355928327e-23
1.746971113055062475e-22
-2.704764065290551135e-22
1.802189308633703773e-22
-3.034928404418872586e-22
-5.715695399198394728e-23
-1.213562906627305282e-22
-4.760143733839814385e-22
-6.027275078805197182e-23
-1.186041381788057957e-23
-2.251519356229839144e-22
-2.088546265405283480e-22
-2.515722386047176160e-22
-3.790935006185835855e-22
-2.355217135689648137e-22
-3.402302241747183929e-22
-3.467764692059278420e-22
-2.667101738870558290e-22
-3.509973883927433032e-22
-3.902571373437840725e-22
-2.540943282642454172e-22
-3.860795208278974036e-22
-5.515419991011611069e-22
-5.526334561623762132e-22
-4.011718369366345857e-22
-6.037145663714665099e-22
-4.516086167642767548e-22
-4.022114595629058852e-22
-6.063533288396971150e-22
-4.919694730115177507e-22
-7.123582254229944741e-22
-6.695298134713413458e-22
-5.530726819173197771e-22
-6.514974389444055224e-22
-6.017481093828879653e-22
-7.357125885214300737e-22
-8.006765354554985718e-22
-7.290977134301612093e-22
-4.505658473986292807e-22
-7.882526959912821969e-22
-7.029963621001840409e-22
-5.512148994992604154e-22
-6.810605329495570489e-22
-6.128906858313478211e-22
-7.510731172211731168e-22
-1.006067317687054163e-21
-7.243545239405689853e-22
-1.097046462291185282e-21
-7.042462481997772823e-22
-6.556616174374810991e-22
-1.071738633961241604e-21
-9.613280528458023127e-22
-9.354984746911925731e-22
-6.218883441408201326e-22
-7.546815408632601472e-22
-4.735710501445777673e-22
-7.071900062607840756e-22
-6.261528121690302790e-22
-4.744242092580285917e-22
-7.991099188303085774e-22
-4.736851880486078516e-22
-5.111356367330440746e-22
-6.083958151161614436e-22
-7.532177824112277532e-22
-4.888824752512756551e-22
-7.414097427523233887e-22
-8.252401052889465493e-22
-6.726579149958946663e-22
-6.753799605023334795e-22
-7.044397278938144664e-22
-9.507781683377642630e-22
-6.916521384979999296e-22
-7.272426579157229677e-22
-8.395236614611733162e-22
-3.768083234834037376e-22
-9.335271711553114374e-22
-7.986738024678950996e-22
-6.193882505332059912e-22
-6.856568038789155139e-22
-4.141301598815789793e-22
-6.047611989208382273e-22
-4.794559129992532384e-22
-2.884107231247816579e-22
-6.808170558902234348e-22
-1.981833400556914058e-22
-3.818410924515288783e-22
-4.648357138175020681e-22
-6.133341228331511229e-22
-2.374226578124011937e-22
-1.595613029743837705e-22
-3.661637494274918002e-22
-2.711545892276779492e-22
-3.033693696657415355e-22
-2.887143048860159027e-22
-2.628388116418996236e-23
-8.571146384867360474e-23
-2.865809770552676460e-22
-7.083391757064750394e-23
1.062841132661561194e-23
-1.008776905528556207e-22
-2.647260852802881410e-22
7.495687853683108414e-23
-3.718820694048488261e-22
1.455049529901931744e-22
-1.380749681588379310e-22
7.038099718982518357e-23
-4.965145131511313377e-23
5.431652380028998632e-23
1.884288791490557273e-22
-1.192587587944172397e-22
1.651042674496882792e-22
1.220137211683156309e-22
6.856855674149809665e-23
3.995038751123836582e-22
1.720398333689618586e-22
-2.359011787885427212e-23
3.918179575607606190e-23
4.260258352618717300e-22
4.164859427867065783e-22
2.164888144746481628e-22
5.078368731235259437e-22
2.902467533873974090e-22
1.912257395185520406e-22
4.113610176535370877e-22
4.536728009015394815e-22
3.809163515472571990e-22
3.571970113330777453e-22
7.166018818155190212e-22
5.384353144155459201e-22
4.551490115056341906e-22
3.840134726048846345e-22
5.028783219741620195e-22
5.917438910997536034e-22
6.788534902834009263e-22
6.353608903252113097e-22
5.466590547101964670e-22
5.627145435851500012e-22
3.876723970549918956e-22
5.793625366047144146e-22
7.972974657778792597e-22
4.775888477106636681e-22
6.032152200273104194e-22
4.933235986566924337e-22
5.864137926415980511e-22
5.825344589607535362e-22
4.234387270365057158e-22
7.090641323189438488e-22
7.282027497210707844e-22
8.698443368912875048e-22
5.942941257074115472e-22
4.674855059996828881e-22
8.944387271520673891e-22
9.481444376030079634e-22
1.011869753665821919e-21
9.577358761281953054e-22
7.495913857201037006e-22
8.819503870120645797e-22
9.837149256133659301e-22
9.291490297851347377e-22
7.760081609309859231e-22
8.962356858949770572e-22
9.892371394884895703e-22
9.058531712869944613e-22
7.376193002606208486e-22
7.555544796178817285e-22
7.617729179428501430e-22
7.193240688448412085e-22
6.482457583585471466e-22
8.389202036246642669e-22
4.756963665162123833e-22
5.402681624458077402e-22
7.624469673425611406e-22
6.354283490373557606e-22
6.448014190510206688e-22
6.709204673797935438e-22
4.988169176237037753e-22
5.018312373460077075e-22
5.957137833102064411e-22
5.570451407158469094e-22
7.495563506321854309e-22
4.138777288621747514e-22
5.719376089233615392e-22
3.921275126569578484e-22
6.765925636639635567e-22
3.675019485793418756e-22
5.471543307954652323e-22
5.419934606969956683e-22
4.234080139001471333e-22
3.964720420159177535e-22
3.508916400687387490e-22
4.013921832368997326e-22
6.177513549625160663e-22
2.501146673563192239e-22
3.137817972867085147e-22
3.940987748098515098e-22
5.580548509049876275e-22
4.041702632854786567e-22
1.104982255603803047e-22
3.110039090817042510e-22
4.112161960296941049e-22
2.970222209762715832e-22
2.716455427756029745e-22
2.962521190560571472e-22
1.847254102561502952e-22
1.090184948317436904e-22
1.049717847590277242e-22
-5.097117847886328970e-24
3.867746300119714300e-23
-1.717011667997491215e-22
-1.559266856195035911e-23
-1.834348313280011703e-22
-1.132314533894822610e-22
-9.470455735146038825e-23
3.687120760210432628e-23
-3.464763262292385980e-22
-9.065703072505324423e-24
8.482959316841382492e-23
-1.056499592913736847e-22
-2.960212220204266907e-22
-2.663292483586512715e-23
-1.563091320550811854e-22
-2.931310277741818972e-22
-1.627034491339867302e-22
-3.308781537974957581e-22
-4.920046560876228656e-22
-4.027091303586554475e-22
-4.053486068410730071e-22
-5.109131111283329459e-22
-3.330017893328896502e-22
-6.003497310860821072e-22
-4.239591060703033441e-22
-4.654013455613155338e-22
-4.724128633163964057e-22
-2.965581628845084178e-22
-5.252072260198131109e-22
-6.381819304810190768e-22
-4.360074218197912345e-22
-5.531170975601740998e-22
-6.626069074928881526e-22
-6.053260049717762192e-22
-3.877218610091263591e-22
-6.704513181803984789e-22
-5.772293050729909252e-22
-4.330709949099959161e-22
-5.260654711949411368e-22
-5.692319762930845332e-22
-7.921985858144458171e-22
-5.953811663113790138e-22
-6.466192033452215988e-22
-5.761172602139258418e-22
-6.793240040726376150e-22
-8.395679827610292800e-22
-7.468175786428207174e-22
-6.301422702000732237e-22
-9.467483016571598241e-22
-9.158290737107543565e-22
-8.429321157851980860e-22
-7.936928317708879191e-22
-9.097491720790690498e-22
-9.135319993359203462e-22
-6.709069302994733805e-22
-8.412756031044939741e-22
-7.365309078459198601e-22
-7.876366525452340585e-22
-5.135739835657327383e-22
-7.938223779560636738e-22
-9.227216246575190816e-22
-1.074418897666002402e-21
-5.991346133746054468e-22
-9.759613013085130917e-22
-7.146405745042498482e-22
-6.243481813567671303e-22
-7.305061671558786002e-22
-7.905529905663020093e-22
-3.776616290465056412e-22
-6.833311162469109074e-22
-7.737394215212787078e-22
-5.989901430714039234e-22
-6.179804937276517986e-22
-6.951596166174070707e-22
-9.229932154982821247e-22
-4.353437431529174277e-22
-5.646910787921360391e-22
-4.765803562449751246e-22
-6.247495361281759812e-22
-7.083969292506388311e-22
-6.207088910234951747e-22
-6.770342006930852817e-22
-5.844505794540280979e-22
-6.642865616873283718e-22
-4.488626355016505973e-22
-3.088395779419246004e-22
-5.280303284350626875e-22
-2.910773602348500396e-22
-4.728504902412543942e-22
-1.838295506563529892e-22
-3.324915968700991684e-22
-1.085106140882383832e-22
-3.317352878779211195e-22
-8.375093789932835937e-23
-4.855547181023594034e-22
-2.973154375422940188e-22
-9.925019594781869198e-23
-4.568607751060644611e-22
-5.829996625677701634e-23
-3.630849218639817555e-22
-1.792907947898492364e-23
-7.321480785268641089e-23
1.561668876216453558e-22
9.831787345145576157e-23
-1.752095217646013318e-22
-8.214193978968560535e-23
-1.007336350759811071e-22
1.708717195381541374e-22
-1.374148266290931594e-22
2.921728575747584213e-22
1.013764908035807249e-24
-7.466872331008389864e-26
2.026746054964336302e-23
-2.429695956575394033e-22
7.431381316671300883e-23
1.724880362509590313e-22
1.491322843668395299e-22
-1.697619686862155925e-23
4.154476182571512177e-22
2.855356120287567772e-22
2.426563083222735799e-22
1.115490016209594177e-22
2.065676841182850903e-22
1.795799792595888140e-22
2.089295468112479040e-22
5.468665606806084506e-22
4.682748793856405833e-22
6.257231532132168868e-22
5.999059343614080742e-22
7.154689494269207857e-22
1.824043306129970544e-22
5.443910833752792707e-22
5.994179049499539557e-22
6.152404446322521287e-22
4.545092712197453633e-22
5.200383222569120216e-22
6.709945308372401283e-22
5.219030830731957959e-22
6.143927206064361264e-22
7.301509974021039878e-22
6.365131902537348897e-22
6.162753475892377459e-22
7.726589890364185191e-22
9.910769229467449201e-22
5.253427973534074564e-22
8.681415333971153538e-22
6.101886859023868700e-22
7.822338639541559414e-22
8.517574092818302323e-22
9.411904040277243502e-22
8.058181779119647164e-22
7.112094091946847093e-22
6.427866791654629066e-22
7.871389101634024419e-22
7.393731149439650352e-22
7.000082901480995605e-22
7.611714069319903285e-22
8.194855424360534854e-22
8.020824339941839821e-22
7.243823117954930489e-22
7.677575243732395266e-22
7.274257365242134349e-22
8.228857206256773025e-22
8.187459355004821384e-22
6.157601535111670828e-22
6.323944338064607727e-22
7.366567519844025498e-22
6.277059736554882692e-22
6.881726322287438941e-22
8.868099156925553023e-22
6.609280559737286289e-22
8.563235936584761887e-22
5.589449730592829702e-22
6.425657966149338300e-22
5.682234334577836346e-22
8.497121004125511102e-22
8.117574784604058239e-22
6.114202508562043490e-22
6.525225724257061524e-22
8.289223016623109326e-22
2.009449145477817536e-22
6.227845296671932397e-22
7.003648921675197484e-22
4.604897462471300222e-22
3.600211994055398739e-22
3.972009073531665014e-22
6.616156780850832159e-22
4.433650906714200131e-22
4.916897962566260120e-22
4.722907885890510555e-22
5.158090875922471147e-22
3.095260659748531912e-22
5.000531978821064160e-22
3.277298553638928753e-22
2.424391185311945865e-22
2.973881317836693508e-22
3.088062221045596712e-22
2.518249891086713129e-22
5.089755264963128318e-22
2.846845423107848469e-22
1.613632120520547087e-22
2.172493712111969325e-22
2.547662101980624345e-22
1.336641840030603989e-22
1.268494250568756108e-22
1.622789663578071691e-22
1.165208023062212497e-22
-7.025726446768188632e-23
-7.925205282424326462e-23
-1.783888507815114165e-22
-1.886525475930504277e-22
-2.519638289570225526e-22
2.563520749894626804e-22
7.238784914593853927e-23
-3.100749677466363557e-22
-2.638458457613741295e-22
1.236735155277652637e-22
-3.994014458512514461e-23
-3.456564434356949020e-22
-1.882548775233145357e-22
-2.296490731770048390e-22
-2.213446077656392134e-22
-1.792463616972299854e-22
-4.055282944621037565e-22
-2.489948414314571720e-22
-1.429089102121154753e-22
-3.887170878406345464e-22
-2.405808321579567308e-22
-6.521118317321489286e-22
-3.460996501358799650e-22
-2.333160677959384913e-22
-4.629748795423021415e-22
-5.422157064734205252e-22
-6.555625896249595373e-22
-5.937108497142465805e-22
-5.846119211548859032e-22
-6.607565866361375552e-22
-6.599322199093162160e-22
-4.337900475906347851e-22
-4.674747667238813387e-22
-5.413425842634517248e-22
-5.840077565327756598e-22
-7.061487516965063703e-22
-5.778055100075971419e-22
-6.870519381046608210e-22
-6.275230565553409386e-22
-9.076105059671398641e-22
-5.262839328008962168e-22
-7.835789530134156497e-22
-6.558018940803395123e-22
-8.274009049072868206e-22
-7.144650620771887649e-22
-8.060659923159259319e-22
-9.852742467688416422e-22
-7.897969955651680183e-22
-1.037322502360596237e-21
-7.843025559371182027e-22
-7.983102264214965483e-22
-8.627400122167395144e-22
-7.863932458988895723e-22
-9.770405170924572196e-22
-7.963834947657268376e-22
-7.938686703324451157e-22
-5.041996497438561635e-22
-8.839896733021824250e-22
-8.819962479722994362e-22
-5.657375282941392678e-22
-8.771325662804835269e-22
-6.054169278077868565e-22
-6.642537536407482037e-22
-8.797008667213833217e-22
-6.528828408959691073e-22
-7.851030943700135276e-22
-7.843967850821879791e-22
-6.209083548182628945e-22
-6.985192650354316314e-22
-2.773697534334546782e-22
-5.930065433174057370e-22
-4.472435556899821457e-22
-8.739678557942913379e-22
-2.546216459884244621e-22
-6.341004207795479734e-22
-6.219863679138999229e-22
-4.353794744246981044e-22
-6.358843232156787943e-22
-6.410032294695322495e-22
-5.592125905346471704e-22
-5.777027707863165908e-22
-6.785761951358220705e-22
-6.617721451532470462e-22
-3.916869535544318474e-22
-3.395751338789088529e-22
-3.324372633824819046e-22
-4.934902438945566667e-22
-2.581487417759364657e-22
-4.822669816101394187e-22
-3.113684099409021947e-22
-4.675091899324999667e-22
-1.911184460797753120e-22
-3.977682782585201756e-22
-2.318620333823611161e-22
-3.343365729973232823e-22
-2.767427434864044734e-23
-4.525571510475324504e-22
-1.188108416212311339e-22
-2.551425404507843255e-22
-1.402312634185734201e-22
1.518405731411621132e-23
7.810524217044988540e-23
7.571900565247908050e-24
8.616785707140250138e-23
5.942961976322938019e-23
-9.887243023389328385e-23
-8.459648169081358197e-24
2.145787878938009641e-22
9.885026036732801224e-23
1.067559269497576042e-22
7.268780215861720900e-23
2.392971540013476887e-22
3.256713557434241246e-22
3.179517610336265081e-23
2.554312512930494903e-22
1.294981636624428553e-22
1.022840559008206224e-22
3.417893673133917296e-22
4.038376609133253678e-22
2.995936648865535589e-22
2.644896904155517213e-22
4.249300562465501104e-22
3.542210425880720757e-22
6.311376940133905553e-22
4.022510699273032730e-22
7.246003670177753595e-22
3.860225392422969219e-22
6.970712985889584339e-22
3.479883619465424448e-22
2.655831070079802064e-22
4.833342884375439633e-22
5.622653715664728646e-22
5.416615693593155826e-22
5.714248111988513457e-22
7.263308710806620277e-22
6.243231392133990965e-22
7.897370779397828828e-22
7.296591575527791193e-22
7.092350282700450450e-22
6.230691478314592193e-22
5.598054527354963393e-22
9.411329170192058247e-22
9.862571521080889562e-22
5.523206456130932665e-22
6.568372104464655235e-22
7.586562248447680242e-22
7.145706573040937561e-22
4.886239286362105227e-22
8.493337793283030314e-22
6.767658797584225524e-22
7.490623511600234885e-22
8.503353829724339432e-22
8.903111253795357476e-22
7.572511299357158576e-22
7.724669085620364828e-22
9.515454350553167399e-22
8.948160445104768752e-22
9.253547206434114350e-22
7.689634898533354890e-22
7.570118059014958849e-22
8.857782195941929929e-22
9.972161161286290406e-22
7.694669973785898672e-22
9.819068244096468927e-22
6.914700304720378858e-22
6.743367207488133209e-22
7.470047925459337442e-22
7.931563703992124204e-22
6.518123804413127535e-22
5.670717408012152306e-22
8.445154945530241848e-22
5.465418814424085892e-22
5.406372411980070980e-22
5.800408670695710607e-22
5.324181953397709867e-22
5.183418698629914041e-22
5.138547104163095673e-22
6.138177276043283098e-22
5.804457948007683643e-22
2.420962994597082999e-22
5.821228368624807818e-22
5.883694578587221400e-22
4.787885100905926968e-22
2.260148316350474895e-22
2.724318538886258569e-22
1.630096534766641072e-22
2.725856250324615802e-22
3.612238998661744367e-22
4.177943091720914591e-22
2.554039701873199393e-22
6.250985911161746888e-22
3.738954839444598534e-22
3.719393447422914867e-22
2.630873188546708554e-22
2.462318699812691910e-22
3.648228428940120971e-22
-2.801143378831974269e-23
4.511993552527187702e-22
-2.843748678761005386e-23
3.425544168719257514e-22
3.556582019536314203e-23
2.482050025151188068e-22
2.982488746708520171e-22
-3.018039899511710143e-24
1.399271745917258458e-22
1.159046616138202208e-22
-1.262342445955286815e-22
1.812411180616402885e-22
-7.149654176595517348e-24
3.685938641125060625e-23
-1.222667612941016071e-22
-5.216653832692190799e-23
-3.651461054773480289e-22
-9.136748356594518940e-23
-2.359128966464855586e-22
-3.853832921517101450e-22
-4.247937194609482077e-22
-3.967068397580020251e-22
-1.962046245365101951e-22
-4.181388066765323533e-22
-2.571844957925077834e-22
-4.054658269657859271e-22
-5.281540013474963834e-22
-3.893245280888757524e-22
-5.248004536817666437e-22
-4.302823062830182214e-22
-5.122762214148603510e-22
-6.512321872129252509e-22
-4.221717241842367024e-22
-7.889419547457841775e-22
-4.468625406536827784e-22
-4.842596110362805515e-22
-5.837580479825784456e-22
-6.088828888678839147e-22
-5.446476931389462314e-22
-6.559331615605304039e-22
-8.237855244319301603e-22
-8.022577329503398484e-22
-7.122942877788843195e-22
-6.546275829631351500e-22
-8.972544114803958221e-22
-5.103351141371486412e-22
-8.073666519656323892e-22
-6.107318535763188422e-22
-8.060814424022416343e-22
-9.718159632871964338e-22
-8.166955039926053924e-22
-7.254774661113976887e-22
-7.593884506098625138e-22
-8.802401061855222352e-22
-6.241829487563513481e-22
-9.148143282666655791e-22
-7.699851601425634666e-22
-5.882176065664527242e-22
-9.684451823228467321e-22
-8.797542835337551694e-22
-6.380563049409707200e-22
-8.211271265089661384e-22
-8.696201721764625289e-22
-6.279989711621748640e-22
-6.740572732715458622e-22
-8.136978661684949534e-22
-7.089538598058482339e-22
-4.308391764722701817e-22
-7.123219474346358819e-22
-6.782890525864860424e-22
-8.497522479320176540e-22
-7.369748656079271638e-22
-5.252370737160868582e-22
-8.262452386153941915e-22
-6.861230985022508040e-22
-8.094201954208751003e-22
-5.814582218225405622e-22
-7.460472082108374149e-22
-6.160805515921104047e-22
-5.595723874724142987e-22
-5.395516573543877549e-22
-6.694991416866628263e-22
-5.903577877091114092e-22
-3.649905337999209357e-22
-6.171711268970860121e-22
-2.905887057724226703e-22
-4.498231217149692719e-22
-3.878116722292049964e-22
-6.131719074620726650e-22
-4.749838600971082872e-22
-5.589250547803872824e-22
-3.522986017630029380e-22
-5.404452494232430910e-22
-2.787578878963534744e-22
-3.831480265187525503e-22
-3.266853829605304713e-22
-4.329407653465744763e-22
-1.932977225827998045e-22
-2.625372288352057593e-22
-3.549319970580666293e-22
-5.881913655298125781e-23
-1.482933979025988846e-22
-1.086373153875861016e-22
-1.658146189662518909e-22
-4.082780312610952553e-23
-3.666139584087133109e-22
-2.086657676168480285e-23
1.508565215834985314e-23
1.460359558245941408e-22
1.463220156824284092e-22
1.649548774060287234e-22
7.454004585532053313e-24
5.440876013446740888e-23
2.621258700333161667e-23
-2.535297910420118091e-23
1.951633552913002123e-22
1.295726029572591785e-22
3.142067596942739417e-22
1.732621876428193494e-22
4.260418973476487397e-22
2.421908521097889651e-22
4.351348759354690156e-22
1.317641180613903560e-22
2.138572412632349948e-22
3.272777607537239996e-22
3.460436030885331269e-22
3.654487429036371642e-22
5.569709637579516784e-22
5.563783834610523498e-22
6.648186151137834457e-22
5.653535955335716233e-22
6.071234353865017745e-22
3.265121694470248992e-22
5.167122378338346032e-22
5.936392890499765048e-22
5.312006421628577980e-22
6.536529615087150005e-22
1.044075009655861523e-21
6.604016774795364326e-22
6.508760210656423767e-22
7.295736573037971796e-22
6.627777701759484143e-22
5.783084442515677287e-22
6.721653786253644922e-22
5.593317761766969185e-22
7.276174455072020151e-22
8.291134380821780706e-22
7.849091515126042001e-22
7.595794712586079082e-22
7.630700142699104706e-22
9.153340447515604945e-22
8.428203670796068291e-22
8.631619616616395259e-22
9.065111990200477014e-22
7.135383590617169977e-22
7.503323522330045996e-22
7.690651805085868903e-22
5.028362581111866287e-22
7.791624028365853726e-22
6.920612047219352692e-22
4.830010373289636961e-22
5.812178878369865203e-22
7.135191256909698833e-22
6.696743764313872108e-22
9.555671933086188817e-22
8.693585663977299184e-22
7.398669944971545511e-22
9.838804544483582850e-22
6.828175386025607485e-22
1.054795838147018002e-21
7.606472735063983559e-22
7.487489732529103640e-22
6.931577426233112931e-22
9.143915333937110401e-22
5.571237877863840024e-22
7.196812911417480198e-22
6.648977984538938439e-22
5.206945051953612502e-22
7.696230124540705159e-22
5.754791294665006260e-22
7.181295041519352016e-22
4.396984556625121734e-22
5.024684475624138806e-22
3.595552601573325230e-22
3.281787889287389591e-22
5.772799866456386403e-22
4.242121530025745490e-22
5.577101258638191484e-22
3.105960568912547429e-22
5.518776525000536839e-22
3.841921019279030991e-22
1.791466550883326194e-22
5.106408662257909929e-22
1.676710431475128251e-22
2.086505552000227902e-22
3.105887134187172881e-22
3.055146278395933455e-22
2.994172913579021599e-22
2.234343375720957238e-22
3.044223293273293621e-22
1.023617011373358919e-22
9.787212581816236353e-23
1.615537535901940637e-22
-8.744862418396447382e-23
9.158310903952974243e-23
-3.325170927954187890e-23
-1.460816163744960580e-22
3.233726122904208892e-22
-7.057359893879377291e-23
-3.962552743722135060e-23
-1.242220339389189475e-22
-2.403728969445441132e-22
-2.305136335313453431e-25
-1.628541949056131694e-22
-1.709205561183479889e-22
1.862202460206871042e-23
-2.466594869718193950e-22
-2.184598704992552407e-22
-2.095663118940660790e-22
-9.084258250868036943e-23
-2.963969481470764018e-22
-5.110808601879846395e-23
-5.301112601960362018e-22
-4.612628137906704605e-22
-4.840927416576502537e-22
-4.561728100714065954e-22
-4.214737532381193838e-22
-6.308135283989018180e-22
-4.879237333513290863e-22
-4.936083480312467747e-22
-5.911093842301903119e-22
-4.563791964355168615e-22
-6.240574163622766449e-22
-7.108179134059173287e-22
-6.765232151841682849e-22
-6.815561955071471572e-22
-7.631626049513251922e-22
-7.332140856795051747e-22
-1.011881708426251198e-21
-7.053735701078425327e-22
-6.619380965690366995e-22
-7.959529274727044010e-22
-6.669598725343938152e-22
-7.913906775946001427e-22
-6.799863779537170548e-22
-7.754264039215438600e-22
-7.213027783196805903e-22
-5.147997890714515640e-22
-6.759000974325722504e-22
-7.509083392264556544e-22
-8.530627967191820770e-22
-8.872826369715968286e-22
-6.494370683425290870e-22
-6.152369622339859519e-22
-6.482910699317968013e-22
-6.524920768210683164e-22
-8.468403680135408624e-22
-9.197695853460985849e-22
-7.710167849742695475e-22
-6.533472132617470202e-22
-1.054934400890236098e-21
-8.328029141547101735e-22
-7.998692732467332748e-22
-6.518492152562750939e-22
-7.105954810064248630e-22
-6.077779420374496748e-22
-7.152528143233399646e-22
-7.298744044675610708e-22
-8.623522908963753422e-22
-6.189741833070820094e-22
-7.583551465149548202e-22
-8.945309656799166694e-22
-5.569943614006934601e-22
-6.335898463170001718e-22
-7.286913762155103966e-22
-4.930569538072396457e-22
-7.370613727555275077e-22
-6.633988643025742370e-22
-8.146678875025728705e-22
-8.365099057592013943e-22
-5.569433531288358449e-22
-5.618664484738672361e-22
-3.673658279727382607e-22
-5.525953107529153938e-22
-5.536545229186140500e-22
-4.396577441089092718e-22
-6.012502904442693847e-22
-2.462869298499702017e-22
-4.105860655994686825e-22
-2.472649761833990680e-22
-2.847399316017342048e-22
-2.982119274228299617e-22
-2.117942222298987377e-22
-1.687476682567158055e-22
-2.490310857566866175e-22
-3.630939107781846436e-22
-1.813453644368114412e-22
-1.848789891594119097e-22
-2.866296177044610777e-22
-2.483416407416364296e-22
-5.302639258445192394e-23
1.474912678294187317e-22
3.376673819788945516e-23
8.123630319448206657e-23
2.204170474326464011e-23
-1.508692509810887580e-24
2.736689027181084700e-24
1.015062156721067518e-22
3.224720069244278072e-22
1.070038779343614564e-22
2.431559363500714157e-22
2.407906242988352457e-22
2.780870916473885488e-22
1.653829280121297981e-22
4.448465423791427052e-22
4.963447008996619995e-23
4.710750327420041131e-22
2.096645751227861991e-22
3.474879813097783163e-22
3.298825427295101327e-22
3.481234546771320632e-22
3.561634223208279359e-22
3.990506477596580882e-22
4.977100446510207121e-22
3.340830957052879407e-22
3.407795053285105405e-22
3.340534225008517378e-22
1.567913031107425009e-22
3.748002752512303221e-22
4.660437337660128998e-22
5.357775116919525169e-22
3.896287300805940088e-22
6.608902854767294641e-22
8.300459870121974293e-22
5.513834609149956208e-22
7.605888891356502826e-22
7.021857032962652474e-22
1.020116819959666976e-21
6.868277305615948055e-22
9.850995205514203377e-22
7.174537730837128851e-22
7.125477844975484689e-22
7.918113499712544258e-22
1.051336320251247367e-21
7.086501003450674298e-22
1.090908172532273788e-21
6.950159482221431849e-22
8.377382306076383198e-22
5.945739774576478488e-22
6.762003836278083999e-22
6.636074526837487552e-22
7.814581841570114292e-22
7.790794689566634756e-22
9.437453495900331193e-22
9.156975467878000950e-22
8.080864838127541033e-22
8.987780179847134633e-22
8.155308442683857599e-22
6.010232843585702234e-22
1.011509223251905972e-21
7.363101997768126015e-22
8.351833364395064463e-22
8.050883773914379177e-22
6.977288957330055441e-22
7.011214380527464774e-22
7.672549413105350433e-22
5.185543279551121905e-22
8.530751355222850880e-22
6.525168243271562019e-22
5.708470253132491081e-22
6.713447536657638795e-22
5.648300644829971715e-22
7.520497034096986316e-22
8.149243378844051896e-22
6.263786779057163803e-22
6.781876281570054435e-22
2.020551703414202953e-22
6.866977018860549758e-22
4.258466021054053579e-22
7.396777635452932080e-22
4.436533483443662875e-22
5.301664602001743539e-22
4.660399760955572188e-22
4.307241367890612800e-22
1.807452313720619080e-22
4.013514473160383245e-22
2.184837073787257675e-22
2.584991037689031014e-22
4.326358139359651633e-22
2.486394790149134094e-22
3.191054678015019938e-22
3.414173830583344182e-22
3.678281341451386856e-22
6.118954228392592330e-23
2.080405878128551061e-23
-7.187967278453886321e-23
3.220156023164297794e-23
1.250856586881163442e-22
3.726642597449878706e-23
-4.213461190103977136e-23
2.535304804059753509e-22
3.791288739338804215e-23
-1.195449992476248507e-22
-1.582280063569111511e-22
-5.983480322637807289e-23
-2.280181857700940117e-23
-4.889199865728174078e-23
-8.574779239833972420e-23
-1.947586853384529822e-22
-2.886938376936441682e-22
-3.251476565752313382e-22
3.609508427775648106e-23
-5.044400520247372959e-22
-3.124026980153739360e-22
-3.767921194734490486e-22
-1.429441097438032249e-22
-4.677522829793312159e-22
-3.817688013522964945e-22
-1.867206793810265221e-22
-2.784909675550095013e-22
-4.152128851770549741e-22
-6.636410821034311768e-22
-6.089103528224697817e-22
-4.231338679196581401e-22
-6.615330396378875858e-22
-4.075077592892764543e-22
-5.906017527502503885e-22
-7.997901644190223213e-22
-4.341159683942010533e-22
-1.014602307954771930e-21
-4.930611615597732487e-22
-5.488989552650767203e-22
-5.730825133246096647e-22
-6.051768007414848144e-22
-9.933932418378136299e-22
-6.219065004760874122e-22
-8.177556026222844467e-22
-6.818615034999077286e-22
-8.223523288599971173e-22
-6.692001761107112852e-22
-6.357887329892987671e-22
-8.294075938816138269e-22
-8.270063864826891945e-22
-8.964457655804807883e-22
-8.327955765368497096e-22
-8.112973053530566383e-22
-1.015567173733467151e-21
-7.227207058660892455e-22
-7.277164854700947331e-22
-8.028561952172106891e-22
-6.360921802453827916e-22
-9.023302081233919144e-22
-8.393029517047796161e-22
-7.888994184283797938e-22
-6.765269247197123270e-22
-9.642513812149341133e-22
-1.000879037768266878e-21
-6.536377966725026118e-22
-8.637903406864467226e-22
-9.722640672819496259e-22
-9.094457006566412138e-22
-8.737435232576743463e-22
-6.508105398243799605e-22
-5.047254470995026591e-22
-6.587823558606916394e-22
-6.069552640275205791e-22
-5.675816192017524638e-22
-8.366155270917406222e-22
-6.135409104640143023e-22
-6.610351823564238262e-22
-4.177662259040675585e-22
-5.664625521120350963e-22
-5.675394340779705100e-22
-5.028441645219368545e-22
-6.653835832698135913e-22
-3.257792824344181038e-22
-7.967869875398631265e-22
-4.232046029033336957e-22
-5.072357821020249113e-22
-3.370446002316223925e-22
-4.622077596007313763e-22
-2.143296966891449040e-22
-2.646006272082242221e-22
-2.879460015124961598e-22
-2.114839237932971001e-22
-2.570015103062941322e-22
-2.265136132232482864e-22
-1.122557339943299701e-22
-4.967770858426836549e-22
-1.843234811920365466e-23
-1.162108183949172949e-22
-2.375005969376428433e-22
-7.572325088197763878e-23
-3.603292262224977596e-22
1.310989293939297736e-22
1.806541612907218891e-22
9.918878437403621828e-23
-1.513353411491888341e-22
1.109624377337526538e-22
9.901223805200454503e-23
1.154050526986339107e-22
1.980437895469908445e-22
1.032674465261627353e-22
2.174873383797384105e-22
2.916423492951781314e-22
-6.227332116693381428e-23
3.763365091928094607e-22
3.351118576182476196e-22
6.790207137535599103e-24
4.355148114421254810e-22
3.112184615261020380e-22
2.772192430656759929e-22
1.897462355607006723e-22
4.202347428250883551e-22
2.894189137051614785e-22
6.007245342763569901e-22
5.621070315132388321e-22
5.994027705496627395e-22
3.851651502801524259e-22
5.476985096230027274e-22
6.027728122704549094e-22
5.133915043714826434e-22
5.017459995540388658e-22
6.593554927463591623e-22
6.493632141144965924e-22
6.578422989065971995e-22
8.910909597502474069e-22
3.869870343304566867e-22
8.233501073929519381e-22
7.813742224249312061e-22
7.579249527029870441e-22
7.017859786722899039e-22
9.370981169787928771e-22
6.569573861619930144e-22
1.039318510001514567e-21
5.604988517734782433e-22
5.615796297193704792e-22
9.859870752688075112e-22
6.989337713910659200e-22
4.994373885136755950e-22
7.656939393035982125e-22
8.385856972407057981e-22
9.194127152538815330e-22
7.656404071764384871e-22
8.347954238020817837e-22
8.629311519770281332e-22
9.928806517227149708e-22
6.837025325771311940e-22
1.170829810354869630e-21
8.454833981687982809e-22
9.970977164812381758e-22
6.478314962794176447e-22
8.160170974089450529e-22
6.831095177628298797e-22
1.050290480730541513e-21
7.827137954005073773e-22
9.267064750270427672e-22
5.436105107466303073e-22
6.769408033096689846e-22
6.220951324716617980e-22
7.508951908461320406e-22
7.273409558558581131e-22
7.285809962007100681e-22
6.276173010362218509e-22
6.564267904225476328e-22
5.023751968168891777e-22
3.862576420109623449e-22
7.589474437876310149e-22
3.800006596131224279e-22
5.255452052541567382e-22
4.469571138893430708e-22
2.942452891064767651e-22
6.769502105021503738e-22
2.786812552238799028e-22
3.519586807285026147e-22
3.189406469838838097e-22
3.165309785923759533e-22
1.958564520614910382e-22
3.275744768983411635e-22
4.428414354001630309e-22
3.077506152351269747e-22
1.525671033408889789e-23
2.761050924289285811e-22
4.266036505207530430e-22
2.307316292502591095e-22
4.113823568754920564e-23
1.833096401961326836e-22
1.136486961947767589e-22
-3.029762910700349369e-23
1.597430361161457710e-22
-4.019723999926124752e-23
3.930925036383247485e-23
6.351848630764115123e-23
4.769151067546489740e-25
9.894573781057636191e-24
-1.910329037430382600e-22
-1.481512145839892746e-22
-2.028528048406258983e-22
-2.600043616611551087e-22
-3.078339766672486182e-22
-2.226897315292878292e-22
-1.839928254766727760e-22
-1.417125941415811517e-22
-2.281933681012619684e-22
-2.365480211020152743e-22
-4.759909317022647325e-22
-3.837463459563905753e-22
-5.109557625146287162e-22
-3.903915211534792031e-22
-4.843428922380487299e-22
-2.828803307011432702e-22
-5.381228148048761650e-22
-5.898717409874113113e-22
-8.822880956382336570e-22
-5.480771968241894865e-22
-5.777372309272238523e-22
-6.479668570160979259e-22
-7.265110478289500077e-22
-4.460941395442044757e-22
-8.574614559053308931e-22
-5.082593149750799118e-22
-8.420979840834189817e-22
-5.314654727683021110e-22
-6.975060643759962478e-22
-1.055091295937887311e-21
-5.795962995066680902e-22
-5.671572539580084558e-22
-7.621617319352637911e-22
-7.498967199705000845e-22
-6.821843186455880167e-22
-9.516782181647687616e-22
-7.800374901925788077e-22
-7.858655042669249279e-22
-6.693785522921169549e-22
-8.325845466376682796e-22
-6.585161507802073644e-22
-1.029620477852393595e-21
-7.206318450424111601e-22
-7.210456795904073259e-22
-6.815194874534092149e-22
-8.238568168519484932e-22
-8.431759074876527082e-22
-8.086319833229004637e-22
-9.033894325375275782e-22
-6.585307876678507527e-22
-1.001483633344867108e-21
-1.030480789414330137e-21
-6.223527218551974938e-22
-9.483663264275006614e-22
-7.759652594210678854e-22
-7.003717443091117156e-22
-7.372982391574399612e-22
-1.005734766015627039e-21
-5.587977486332588506e-22
-7.447773128890992778e-22
-6.096318201335477498e-22
-7.550184571379651868e-22
-5.842852837418258005e-22
-6.098819377386100618e-22
-6.479803463533732908e-22
-4.379591498226834755e-22
-6.609657384995128322e-22
-4.524116795498554720e-22
-6.220963353563188661e-22
-6.819048275171298413e-22
-5.796542197850397381e-22
-2.550193267605376326e-22
-5.370422965847415454e-22
-2.763354255328875132e-22
-4.127990112742788935e-22
-4.748377544974547872e-22
-3.401663982226258292e-22
-2.820574181488990197e-22
-8.725304713597798611e-23
-8.627956662566655741e-23
-3.191148590274222440e-22
-2.541404515882850392e-22
-2.685669648888511608e-22
-2.490966660373970102e-22
-9.774486801062778388e-23
-2.315666620920129197e-22
-1.062763157835480109e-22
-2.225824588018863499e-23
4.413136335827438686e-23
7.597288812905602385e-23
-1.032362873769461334e-22
3.634186890735479807e-22
-1.027655004642908175e-22
1.682471238034376672e-22
2.370386216982719814e-22
1.846955596149200723e-22
3.569742328469778963e-22
1.708653299708069197e-22
-9.946121449488764266e-24
3.571465691240019749e-22
2.227763482298806520e-22
2.172212540185372524e-22
4.289108542357858912e-22
1.784205192942660599e-22
5.462341875888523668e-22
3.259896055618536094e-22
5.282398326174600661e-22
4.501496897056516541e-22
5.619527420135876486e-22
3.877112885988712610e-22
4.042186704697754650e-22
3.672541322068821156e-22
6.389707267878376533e-22
5.964696887770053689e-22
5.223531123319470494e-22
5.774072264544092775e-22
6.646497000463867190e-22
6.474852487941539523e-22
7.205480834782475538e-22
1.005207541693240440e-21
8.055836949876119227e-22
6.479295050305336046e-22
6.431937470490414390e-22
6.782867631633799988e-22
9.087725850368557150e-22
4.131970514919060316e-22
7.376845140447981166e-22
9.803114253693375995e-22
6.924447082328917225e-22
1.040834652500041470e-21
9.348370902459393577e-22
7.808717256710381072e-22
9.399672328499156752e-22
7.445337220032205902e-22
9.601340280577037585e-22
6.721703651527116769e-22
8.160505584801670639e-22
8.349677703858225568e-22
6.982929951771197041e-22
9.870169611817261796e-22
5.936819884421142581e-22
8.080735253849269203e-22
9.764546442732975245e-22
7.226605924646377955e-22
8.983821775642562500e-22
5.334810756517249028e-22
9.227703588343886019e-22
8.068330310714545228e-22
7.027454270817473339e-22
6.842560421918599799e-22
5.792437461007932762e-22
4.813844404164936631e-22
8.345525513468702039e-22
6.009643277722895914e-22
5.741643571207732556e-22
3.983440232932739490e-22
6.225756416963579275e-22
4.928914974071608686e-22
4.277134007117284178e-22
6.966375801349958445e-22
9.302589813841898203e-22
5.576685423588840260e-22
6.236591203934305545e-22
6.152900728041583494e-22
3.615622040926319506e-22
6.529600860798428257e-22
5.209941405737052878e-22
2.915882933174204307e-22
4.867613617224645354e-22
3.318902068786866459e-22
3.939803362112185694e-22
3.384502685313230064e-22
3.803973625049199213e-22
3.897465832744350569e-22
1.272472270510075807e-22
2.194453392632638109e-22
1.766580954508630313e-22
1.895111462923645245e-22
-3.134160318507987605e-23
2.456866295841992966e-22
-2.503793303873891725e-23
7.458542917795936994e-23
4.831082044606026764e-23
-2.554549610057007912e-22
-2.052188193677344062e-22
-1.377146948495423372e-23
-2.707296917296180951e-22
-9.920292067391327197e-23
-2.159814123484042602e-22
-1.949728224265569509e-22
-2.506655470337458517e-22
-1.597861556485094833e-22
-8.336196575545891010e-23
-4.523346057316163343e-22
-5.776101677371495520e-22
-5.414369044002529864e-22
-5.138395006545244481e-22
-2.249102148663018885e-22
-6.043280756069550740e-22
-7.324806257007285122e-22
-6.127997344884456872e-22
-4.199299973272711801e-22
-7.225911982743906164e-22
-3.867430455697297869e-22
-7.979257091234523845e-22
-5.357329443315050578e-22
-3.841539848865202125e-22
-6.442390244899374383e-22
-4.792188307977092245e-22
-6.014567679899186790e-22
-5.836720653363011147e-22
-5.535368912491059202e-22
-8.069341246037887934e-22
-7.577438577714899041e-22
-8.538855337631131452e-22
-6.749744473624822674e-22
-7.668466282451822040e-22
-9.008905034542303964e-22
-8.015783486765808230e-22
-7.396595779086519365e-22
-7.992986847994282765e-22
-6.139218937924734732e-22
-6.808979539420342355e-22
-9.113364375495921334e-22
-8.154500823408430108e-22
-7.352870499952051291e-22
-9.117935122605246133e-22
-8.486021069405611913e-22
-8.570326199059259153e-22
-7.276157463836005435e-22
-6.867890468466131168e-22
-6.919804970171808442e-22
-7.792160353294959684e-22
-8.631615005702833451e-22
-6.677254874669769622e-22
-7.878009127329696242e-22
-5.213366226777110271e-22
-7.905618559136836234e-22
-6.345881563060537507e-22
-7.258363441602795970e-22
-4.699965417500770845e-22
-1.012536940265980054e-21
-5.675489523784479266e-22
-1.021415855371445876e-21
-7.311205295118410190e-22
-8.144008582718707820e-22
-7.168109527298462671e-22
-6.337873622126484700e-22
-6.347749028796117877e-22
-8.371424386734183717e-22
-7.371586285847778820e-22
-7.004436720538508096e-22
-6.401714439455005025e-22
-5.935227234579676780e-22
-4.401470539195926023e-22
-6.617967278055345906e-22
-4.078947503266408209e-22
-7.083980976104350246e-22
-3.647815551746897019e-22
-5.326466424778484452e-22
-4.952020905741475290e-22
-4.006621826619648258e-22
-4.112718794170229888e-22
-2.752114300460521674e-22
-1.486018271556570922e-22
-3.451574137298202686e-22
4.073047859422456122e-23
-1.742287937060721931e-22
-1.054229867970379297e-22
1.733204249967750904e-22
-4.156341180762082568e-23
-4.060649719426703077e-23
2.145408483966432769e-23
-2.020781466658313470e-23
1.289568581094153473e-22
1.232070469690377652e-22
6.066458702473244364e-23
3.373381106007697818e-22
2.030195143206668559e-22
1.034621441328451559e-22
2.407979349137379391e-22
3.273920600775278589e-22
3.833857078091123750e-22
3.841351201949683183e-22
3.302320295412518383e-22
2.176294983823145986e-22
3.263025573367800088e-22
3.649113145177936100e-22
3.800782522274439998e-22
5.241597334324317367e-22
5.396174151625519109e-22
7.524729364346878266e-22
4.963441490830147983e-22
5.308608305712173236e-22
4.204018437960027936e-22
5.205409946901877136e-22
8.701248474776437400e-22
3.581420991883518215e-22
3.613543731833814591e-22
7.669693218454730599e-22
4.136488154445069290e-22
7.882612991862585389e-22
4.462130691406571145e-22
8.556940539310941572e-22
6.434961087711291697e-22
9.214945537502804761e-22
5.132773091345279279e-22
5.853657702393422849e-22
8.438814640537571352e-22
5.546001026184349784e-22
8.319945994794461372e-22
6.213219146011643714e-22
8.971569415020331227e-22
6.957633224652077648e-22
8.041137915686633739e-22
9.323974924204411286e-22
1.078821745632766099e-21
8.801864586776171739e-22
5.560239247311349102e-22
7.276622268256263238e-22
9.088746223998463728e-22
8.126927509867551428e-22
9.397111562366471957e-22
8.087731116839684994e-22
8.179582288823233277e-22
1.037703959977632874e-21
7.394033600360903031e-22
7.447095825268521771e-22
7.932505247434854635e-22
9.242215092767995135e-22
8.565796945340003551e-22
8.635046664287252173e-22
9.300492869696184454e-22
8.989247234727302866e-22
5.728800767852715775e-22
9.452640776784976766e-22
5.967189467826060961e-22
6.751142654173079593e-22
6.149521234332215274e-22
4.803777684087308247e-22
5.576694906881577640e-22
5.646519295344064453e-22
5.364199512498503620e-22
5.929137969709412413e-22
4.306508315931480412e-22
6.113286761669061285e-22
4.849331183789911437e-22
6.742070241552869040e-22
3.084112886136184611e-22
3.336488195396697130e-22
4.412648249833955195e-22
4.468047870177013580e-22
2.214941883971622628e-22
2.313561912650783929e-22
1.446422243887869409e-22
1.424020186163483293e-22
3.307653976059360977e-22
-8.302102081517426811e-24
-2.397563903587286044e-23
-2.951353280745641825e-23
-2.184332662482777830e-22
-3.545352014586497154e-23
3.251926577166172445e-23
9.536560171435806724e-24
8.560222953858609958e-23
1.582700082088180315e-22
-9.616385635025989531e-23
-1.939274731806992867e-22
2.216074040073509594e-22
-2.171743808884461776e-22
-1.773369606571082439e-22
-3.631399164442442701e-22
-2.923839179812289063e-22
-2.399726506277503544e-22
-7.865005870895210533e-23
-4.626610781086911851e-22
-4.019089168985975477e-22
-3.768264065915393692e-22
-4.560432632624633210e-22
-3.110307454940793234e-22
-2.256124140067922829e-22
-2.928407781975687323e-22
-5.155585879010743984e-22
-5.498758844876390563e-22
-4.645662165520974847e-22
-5.613886464779129298e-22
-3.547750394051951676e-22
-4.524004752800193514e-22
-5.990165349843833891e-22
-5.824339947960768668e-22
-1.022800084515118100e-21
-7.594792801935163183e-22
-7.931674742057520460e-22
-4.605280718089832524e-22
-7.392284475948903016e-22
-6.074917664187866205e-22
-9.971880532335444220e-22
-9.243191667086284655e-22
-5.882628072943825074e-22
-9.572346887719106448e-22
-8.058404546235369773e-22
-9.605014199551610328e-22
-1.035790086563198791e-21
-1.035911802999545524e-21
-7.796139981227898553e-22
-9.362045146848791476e-22
-1.145889865186284770e-21
-8.315184464020290009e-22
-8.525067871214316330e-22
-1.009892947565577150e-21
-7.965611193122345303e-22
-5.928124371077234635e-22
-7.951979821322950370e-22
-6.216890075568889180e-22
-8.123399061212186089e-22
-8.748767764628080838e-22
-7.167316118942249115e-22
-7.554380920985665070e-22
-8.510777439957048675e-22
-8.394344371343321249e-22
-7.652892993282554071e-22
-9.288002567466737982e-22
-6.638625541943949907e-22
-6.860271792344749350e-22
-4.608249497690916691e-22
-7.838280323258526546e-22
-7.330851212827249791e-22
-5.842827900717102252e-22
-6.032024316957104013e-22
-5.990610930257036636e-22
-6.251642000909482396e-22
-5.817497265539305810e-22
-5.236317892819316313e-22
-5.761739319414201100e-22
-3.503805868643891136e-22
-6.354740206959771633e-22
-4.099454521030385255e-22
-3.927197618825386971e-22
-3.685222749012216707e-22
-6.112611882350259564e-22
-2.239231196709853670e-22
-2.347638462420639927e-22
-2.139730979119885160e-22
-1.128774033354200717e-22
-2.617571455414079746e-22
-2.660366398532586248e-22
-2.579174886212344025e-22
-2.133494979476200338e-22
-1.044626601835525448e-22
1.050789934654632360e-22
-1.401954625397202221e-22
7.218350495959298066e-25
1.963778318447146370e-23
1.151692732443490606e-22
2.360863603395668351e-22
-1.969876814764609792e-22
1.233648319380802155e-22
1.109562611953177242e-22
3.332783394484895470e-22
-8.175908470210677376e-23
3.684197517036055872e-22
8.238512180958799525e-23
3.811996322791006936e-22
1.735859410605649020e-22
1.048051118422532578e-22
3.547979596513890473e-22
3.214419712304767886e-22
2.641646109005030050e-22
5.000457999497393330e-22
2.883359473454655822e-22
4.678859802627961634e-22
3.656592354102611641e-22
4.310905060947002693e-22
3.851659964765024910e-22
4.155164488177838286e-22
7.441692287134492005e-22
5.277246232143891475e-22
5.984877419111671821e-22
6.795187803571193769e-22
8.697595926125125661e-22
5.603465522413962150e-22
7.692243270629055935e-22
8.164896101582874764e-22
6.137363132011556272e-22
9.961395749150535955e-22
9.422751700722077873e-22
8.565216983722299826e-22
9.310504043852317142e-22
8.842033967587676477e-22
8.428640107558765976e-22
7.871438670355940589e-22
1.087332190348511622e-21
9.446931674947583675e-22
8.996996009607469578e-22
6.563567259464071004e-22
9.576738127181820477e-22
8.776799607554573943e-22
9.857922917617880015e-22
9.333892455743271233e-22
8.263140584090556862e-22
8.813191105757151474e-22
1.067790188174915420e-21
8.676329450722122953e-22
7.273361010173932572e-22
6.591177608628683805e-22
8.332110232642519257e-22
4.034822789929050921e-22
8.691342082105942738e-22
5.746811222393799457e-22
7.302692813711014637e-22
9.372079239703888228e-22
7.583506082349850714e-22
7.105486980013740408e-22
6.830433466076167282e-22
6.929460502486182937e-22
5.643614637193230188e-22
7.807559212914018633e-22
5.816090195874459247e-22
4.609168059305678654e-22
5.554427115586470169e-22
8.137007142070731768e-22
5.933603517329715446e-22
4.231431759872820612e-22
5.500815896062123480e-22
5.682345034951789581e-22
5.320388583720033711e-22
2.737766092326588741e-22
3.579243538268821828e-22
2.215253324804849884e-22
4.360761387973757970e-22
1.227582432141543183e-22
3.260896554801020448e-22
2.161498865332529621e-22
1.857911757596191161e-22
-2.306714154304825220e-23
-4.516171905775909600e-24
8.026748188985632174e-23
7.106108669479094902e-23
2.971684638632275276e-22
-2.020362826558333507e-23
-2.155684027673310770e-23
1.355169748577771127e-22
-1.928872029425452029e-22
1.732077928934800264e-22
-3.352503263826538444e-22
-4.367141939116381402e-23
-4.690774358295684443e-22
-1.216562329364930293e-22
-1.927499854025127021e-22
-5.968705915662021538e-23
-1.410196109513713213e-22
4.085101463274535170e-23
-1.734237579246597305e-22
-3.552894404568548481e-22
-1.914673728921400406e-22
-4.663622678817883898e-22
-4.475489762675921369e-22
-4.018648407303678236e-22
-3.042025040340570494e-22
-5.026592140817246925e-22
-3.452650289976703251e-22
-8.055599418705249772e-22
-4.906587304388132258e-22
-7.056711987791511080e-22
-4.280917097296140659e-22
-8.736722188401037308e-22
-8.468669891021263685e-22
-8.579506509778133780e-22
-6.760592813920356372e-22
-9.062682907938322751e-22
-6.469800425704099921e-22
-9.156226456032151594e-22
-6.233308779808438354e-22
-7.310595934077077545e-22
-8.150287369648574716e-22
-1.019925035459521111e-21
-8.467650397014881030e-22
-7.446175293946851322e-22
-7.943651235770096992e-22
-7.849186762937528426e-22
-9.027734225947423421e-22
-7.680733653139978435e-22
-7.613831961952661431e-22
-7.423723323355624162e-22
-1.020408949737873463e-21
-9.669790649966424933e-22
-7.566156412972769382e-22
-9.333471343776560087e-22
-8.146785326569860864e-22
-8.906940909440711261e-22
-8.451749734015690800e-22
-7.553000368101194425e-22
-9.341230003117542900e-22
-9.023090218327524967e-22
-7.699411694750486201e-22
-8.643835964256723279e-22
-7.826593091979607382e-22
-7.611994278808538686e-22
-6.498033865565908861e-22
-8.318160966908960132e-22
-8.514732014638389171e-22
-7.474941788791796618e-22
-5.993474449661197341e-22
-5.205167656384478109e-22
-6.077863890021802211e-22
-7.618337265403666626e-22
-7.352303804029725572e-22
-4.084551157829943773e-22
-4.467548263456225548e-22
-4.497105229507031052e-22
-6.147261830984724418e-22
-4.324902259908963599e-22
-6.097818601808081193e-22
-5.731372739130296502e-22
-4.019301398973884487e-22
-2.375858566226356092e-22
-1.304893900605562547e-22
-4.993780836761194347e-22
-3.966466799739828305e-22
-1.881094801314266882e-23
-3.490265602973365474e-22
-2.609393926760447077e-22
-1.109110966798116863e-22
-2.014356564459212796e-22
-2.401138514993689639e-23
1.635048578006801548e-22
-3.067543432390788022e-22
-7.564830100899964327e-23
-1.785240300506259031e-22
2.700527488201004587e-22
1.937091828825424200e-22
1.079839349390911925e-22
4.041966995146639383e-22
1.315535861834723533e-22
7.495463825450271677e-23
6.061710384811141675e-22
1.976628406285793583e-22
3.313834437935046462e-22
3.637567369999581981e-22
2.062427660994457523e-22
3.815071087796352910e-22
4.588372410579385716e-22
7.598365357238157569e-23
5.433129930194137860e-22
3.375190777357133198e-22
2.778160533455101658e-22
5.583526853978024587e-22
4.560003102765437305e-22
6.332753085105677513e-22
4.601346998620755579e-22
6.155387415135193729e-22
7.848843225598653501e-22
5.779167848444826558e-22
5.012216708374106127e-22
5.850330395604070399e-22
8.062761017795797438e-22
8.501619123799111081e-22
7.824766114001709034e-22
6.152139098764555526e-22
8.844442218428906108e-22
8.687887283076908766e-22
7.409429954426083668e-22
7.267521442283769620e-22
7.991497415255721860e-22
1.014626110588542307e-21
7.422396929366414176e-22
9.754651569346155810e-22
8.865398145335581257e-22
7.122630197580700406e-22
1.133458096126034420e-21
8.984828032702396448e-22
8.316367860825176467e-22
9.700567408807715989e-22
9.892152071790284045e-22
9.110635142304334603e-22
8.746159838703269499e-22
7.413227033207030207e-22
8.053919089357479691e-22
9.666425343647008664e-22
5.507723854305094306e-22
8.350644737749602653e-22
7.370381833494777214e-22
9.737955446427212963e-22
5.750230221609686513e-22
7.968782589886589439e-22
6.759816329315565698e-22
6.262731644262728626e-22
6.914441004373516451e-22
7.611012932277249315e-22
6.435379854908853092e-22
6.204299006797117209e-22
7.229414599604137309e-22
3.441881554411226616e-22
6.873002173656317703e-22
4.456371034296024693e-22
5.853175596847575285e-22
4.554477746975189252e-22
7.320922796912458191e-22
3.850136608653469124e-22
6.626074191445162267e-22
1.629616595590667888e-22
4.410408232538341229e-22
7.635829259575990883e-23
5.101328735937006128e-22
6.152717328656995753e-22
2.955206145810875762e-22
1.941890921436082758e-22
3.144547274768664634e-22
1.361939759387715585e-22
4.225024024656385476e-22
3.287398426862340624e-22
-5.970809966270095360e-23
7.723501695569065768e-23
2.328471090999556854e-23
3.795244537339186502e-23
-1.694757162031903067e-23
-1.158775109530868112e-22
-2.429106750253700310e-22
-1.267002120100060590e-22
-5.292686711538636805e-23
-3.577759100454050656e-22
-3.446599713155696102e-22
-4.508850092977488594e-22
-2.630585309309600860e-22
-4.228024386519258532e-22
-3.668113008006441928e-22
-3.406637190130836167e-22
-5.466949604778081716e-22
-3.111529902856072513e-22
-5.584598702023483439e-22
-4.454077232080769057e-22
-3.762475962672865535e-22
-4.874543076709419226e-22
-3.305609599520440664e-22
-6.866181397000884890e-22
-8.859485687206581560e-22
-6.036578300135463310e-22
-7.744052647701383543e-22
-7.219894461596557396e-22
-7.402558076712068057e-22
-6.538599823394266882e-22
-6.998284376037006925e-22
-6.563833649014303624e-22
-8.500611899826304659e-22
-8.268325136196483816e-22
-7.175108617310783171e-22
-1.037565345822876677e-21
-9.260920908668972309e-22
-9.763593607581796305e-22
-7.980893636702996467e-22
-9.156746033006002251e-22
-6.666103103969040964e-22
-9.050303272142517813e-22
-9.474958603113453909e-22
-1.000598077825545223e-21
-7.128559107386444495e-22
-7.344944173980608558e-22
-6.843469106888365282e-22
-6.909909968860223249e-22
-7.886152932235217020e-22
-6.066993786733135105e-22
-8.996954649109545717e-22
-8.202087934350457116e-22
-8.207889252003389338e-22
-8.078648371300489847e-22
-8.316693377639050446e-22
-4.869102463909591890e-22
-9.307650048088503611e-22
-7.823013671249705281e-22
-8.170861730837346630e-22
-6.891398779292709270e-22
-9.194373239684884159e-22
-7.385765346890654598e-22
-7.293841656227131418e-22
-9.075207349978327609e-22
-6.787801439921539313e-22
-6.053658397682503997e-22
-7.642346481178506130e-22
-5.539620589679902032e-22
-4.417399564118304599e-22
-4.294716233531829360e-22
-5.621666293229432882e-22
-3.767657215731979579e-22
-5.011358915094885466e-22
-5.310786028224231388e-22
-3.849998068284059053e-22
-5.553508567418741038e-22
-4.317095137446156106e-22
-3.554174537619379202e-22
-1.615289161262812431e-22
-5.049868163891387814e-22
-2.279715276958809308e-22
-6.761761538941830791e-23
-1.550105747360155815e-22
-1.434665887866874070e-22
-5.400325363938688075e-23
-4.553896225716948633e-22
5.790880675670949251e-23
1.777473955184243273e-22
1.314643795092690649e-22
-1.663257859043100761e-22
1.966046163352683598e-23
-2.938481497081419039e-24
3.330317925307769980e-22
1.989137409172189812e-24
4.479006638777100158e-22
1.684433265855922185e-22
3.480164798442989955e-22
2.635530638494405389e-22
3.168709929132909422e-22
4.568430682814181169e-22
2.860249408461228534e-22
4.564592264980139151e-22
4.943024521863001834e-22
4.567994901736218544e-22
3.147561515585295813e-22
7.104331316869917476e-22
4.358002190777077642e-22
3.367782771683705846e-22
8.887516127363419336e-22
6.084326573164138028e-22
4.647421184641339761e-22
6.543322355789008131e-22
6.443603177923914841e-22
9.198869879575539649e-22
7.200448524929401717e-22
8.550719826719485609e-22
5.756792238852912998e-22
8.782609807467322532e-22
9.842440962853010676e-22
5.850197814352575102e-22
9.470778348368114791e-22
7.173543530385487456e-22
1.222616193759074901e-21
8.598157564878591163e-22
9.978201204687636369e-22
8.946730791348008354e-22
1.174357528075400741e-21
6.752595134764866576e-22
9.622263396739071258e-22
1.089679250547047393e-21
8.111460621474356855e-22
9.729466108982697597e-22
8.973213516855686055e-22
5.969200432065478603e-22
9.205715384073492128e-22
7.496651540626020830e-22
7.821546919204662043e-22
8.943642370285624433e-22
7.061833453286145866e-22
8.734887419406990609e-22
7.568332861854341177e-22
6.882088995876594601e-22
9.767158288403971229e-22
7.513996615131779773e-22
7.770141537427564353e-22
6.910380327378795760e-22
5.626616611597800467e-22
6.340420532443013686e-22
5.207680396369646312e-22
5.205869009254880147e-22
6.670332652910855615e-22
4.881854579815523748e-22
5.335751076702910200e-22
3.756878103283103339e-22
4.304399710640382536e-22
5.433094821208629552e-22
5.054921113611067100e-22
4.682830436774728823e-22
1.591254308941529993e-22
7.027735737373060608e-22
3.299104593644863997e-22
2.157979425560273387e-22
3.287091088293504177e-22
1.745351458463750277e-22
3.175748768994007783e-22
3.020411082244537288e-22
2.222818905064650259e-22
1.274102700290798545e-22
-1.132229280184287029e-22
9.405316293955780429e-23
1.580400077926808528e-22
6.985231856833794634e-23
-8.424880241006493225e-24
-2.002800733231879110e-22
1.443580960102082424e-22
-2.733133686431260979e-22
-1.859434767183060090e-22
-1.274786492026909225e-22
-4.276647890255141059e-22
-1.765240909601379900e-22
-1.719820158957639390e-22
-3.025612491304678307e-22
-1.292228982732528862e-22
-3.463443591155987615e-22
-9.158430990581836485e-23
-3.154355479315471057e-22
-2.479020097841318995e-22
-5.859482078058603302e-22
-3.978250150333115585e-22
-3.617810209880032350e-22
-7.752085573884876488e-22
-6.910711674756348111e-22
-5.853710401497987402e-22
-5.291100121862722865e-22
-8.560083262642884507e-22
-7.957383964229722321e-22
-8.255715673961174152e-22
-8.808295697800476955e-22
-7.563386737347794271e-22
-9.354870299775125345e-22
-5.604896464663517186e-22
-1.207801823674518063e-21
-8.857657621237689879e-22
-9.922422845329164400e-22
-7.830852863072818286e-22
-9.678003113570367391e-22
-6.953808205557095239e-22
-8.496904157555087121e-22
-9.201454873510064777e-22
-9.061470872016115400e-22
-7.976759839500271048e-22
-9.737477718856637289e-22
-8.555063473965455705e-22
-7.762238785156029097e-22
-9.804625481719151071e-22
-9.196322688043519464e-22
-9.041824170707263571e-22
-8.414819961674871845e-22
-7.550125191163493284e-22
-8.334720619681144685e-22
-8.859443423332749798e-22
-8.105129107188515475e-22
-9.838168962819877278e-22
-8.560493315400786768e-22
-1.063206838010533382e-21
-7.377558336967878380e-22
-7.543736018156088120e-22
-7.319516655774762474e-22
-7.624573175052666748e-22
-4.963628200124499288e-22
-8.808909516011948047e-22
-1.855421914738016700e-22
-8.600358164607787894e-22
-5.893375344703912061e-22
-5.504532407391639867e-22
-3.509491775345526653e-22
-6.812134655472690282e-22
-6.265164641724759436e-22
-4.662524130568966690e-22
-4.625259317411759595e-22
-1.959921220538206916e-22
-3.847789662560650999e-22
-3.406157409269362578e-22
-1.741741485013716617e-22
-2.398381214718554559e-22
-4.392180569996217243e-22
-7.996815943276178503e-23
-3.581427431751556953e-22
-2.142708390202427085e-22
-1.722990284775671198e-22
-1.111972402474527535e-22
-2.842528248136488397e-22
-1.875078920235162172e-22
8.901184043999508466e-23
5.971943097719641163e-23
3.348383031882080177e-23
-8.772135001071890604e-23
8.362166823028464939e-23
1.430830908818359813e-22
2.141011045464560857e-22
2.643495705231677645e-22
3.763841532590168373e-22
4.523108095351821612e-22
2.013897608576979010e-22
3.604992538692791946e-22
4.053119434768519317e-22
2.269743477953931497e-22
5.544828977189721672e-22
6.023206427248054364e-22
5.227133044606250227e-22
5.002612792808799564e-22
3.545670927447028460e-22
5.896416271527108692e-22
5.586821203672304621e-22
7.646183628767635986e-22
6.535339472316519006e-22
7.319062198148206438e-22
7.588027916342633488e-22
9.182332229190987422e-22
8.954095681968275256e-22
5.198262726136369912e-22
7.959650953552068111e-22
8.074418512377334481e-22
9.426339649006723926e-22
8.498546192092535786e-22
5.862471967930031595e-22
7.779558816291594544e-22
7.796331966874941788e-22
7.670022148326283085e-22
6.364778109153646087e-22
1.035215135584643971e-21
8.406753235950427335e-22
9.742528607124314030e-22
6.642393011148305894e-22
6.789989254942582034e-22
7.811954374053849214e-22
8.060474504488293687e-22
9.333766883014898599e-22
1.020968071325864007e-21
7.055413534688450063e-22
8.810383264591280918e-22
7.516458832696137395e-22
8.139747620096425137e-22
8.646637558952781033e-22
9.186740392244470931e-22
1.099616701098468361e-21
7.394375791360177508e-22
8.701895763111016475e-22
8.913744396619626219e-22
7.161767368348514669e-22
8.690062566132205901e-22
7.885035827414617250e-22
1.013113611577163476e-21
6.283341738889649879e-22
6.957717482216701740e-22
6.498068098836262440e-22
5.617486174268558936e-22
6.841082029600764523e-22
3.612146188712243170e-22
5.057460549065275433e-22
3.365244522842246606e-22
6.694558381303210789e-22
4.865048909887265719e-22
5.692685402089685049e-22
3.672020917689448469e-22
5.916129989363508828e-22
2.594814139501238608e-22
3.550868767873748394e-22
1.424845578485731883e-22
2.852412078328484184e-22
2.189949270768641486e-22
5.618945558425833066e-23
1.401174418920645284e-22
1.378443294350347354e-22
-7.442338539028602444e-23
-2.336147686130031139e-22
5.272302421366289398e-23
-2.763928546721370484e-22
-2.762516397794901642e-22
-1.107730006412159806e-22
-5.154522318857839068e-22
-3.172843882913792922e-22
-2.392938390104708617e-22
-5.688729715817733548e-22
-2.662668329563987808e-22
-4.441317296768677790e-22
-4.737307264162331372e-22
-4.857382659378501316e-22
-4.959044643983143121e-22
-6.260451135613482570e-22
-4.242108034593856165e-22
-7.700276972855525156e-22
-6.491344136272916785e-22
-4.761832872688301900e-22
-6.330664273724401490e-22
-3.874716620229504662e-22
-8.954268447254112765e-22
-5.925477467138495817e-22
-6.665709242351857788e-22
-5.808639118622999628e-22
-7.072238622086730613e-22
-5.500588570698455099e-22
-7.975157443081918263e-22
-7.680685298727482936e-22
-7.634462245647493794e-22
-5.947447548141775156e-22
-7.062614197026541344e-22
-8.072139970907571209e-22
-9.161954581860598280e-22
-7.941253918754986610e-22
-1.013728208503451011e-21
-7.813561649477382499e-22
-8.568140935242603116e-22
-8.767588803333274576e-22
-8.867008595243579119e-22
-8.606664331042147554e-22
-7.379001259322451515e-22
-8.636471983758059921e-22
-9.780470394243753152e-22
-7.730687185379245958e-22
-8.627425840386151373e-22
-5.671759961029539616e-22
-8.530509219637617856e-22
-6.374932108307137783e-22
-9.964919301328803768e-22
-9.229281572998983818e-22
-9.677586688147362257e-22
-9.392803483876462032e-22
-5.833226753917724424e-22
-8.005668183900149101e-22
-8.386391461673550763e-22
-7.468895052180611401e-22
-1.070329494796717993e-21
-9.800447353506219458e-22
-7.983362827550860112e-22
-6.701546212330455961e-22
-8.761314452024899024e-22
-6.016707359429436815e-22
-4.275475729213624286e-22
-6.505423383844541226e-22
-5.639173316851111087e-22
-3.583171530250345552e-22
-5.539959446118887336e-22
-2.976679652458346239e-22
-2.222663909969162827e-22
-3.218141701103297273e-22
-8.071131932257709058e-23
-2.588376364742251991e-22
-2.338475182447551040e-22
-1.051038927747052120e-22
-3.525657777296202954e-22
-6.530994254744480606e-23
-1.696241376689428546e-22
-5.000901316481936139e-23
1.634253471255477045e-23
-1.806582836316460955e-22
1.331005996829695790e-22
2.329409051407023564e-22
9.355798363853419987e-23
2.057535927243139084e-22
1.141866824183898502e-22
7.915673467872670896e-23
3.843464774247749813e-22
1.847130555590273592e-22
4.563304463384097544e-22
4.181887921384617630e-22
2.549427601370746265e-22
5.565700741924833891e-22
2.951609654213541058e-22
3.857388164625933718e-22
9.187177303953917407e-22
5.371617649458500755e-22
6.645164485372257313e-22
8.125236539200669912e-22
5.569428174427319501e-22
7.884016652846879693e-22
6.927592412055428839e-22
5.621657790036286490e-22
9.332997740145831364e-22
5.455859241086443174e-22
7.301149994427879529e-22
4.670867637760824358e-22
6.810917013417269794e-22
7.087786059130340705e-22
7.470596243346987233e-22
9.438416121825217705e-22
9.902595361521731054e-22
1.049853923703892116e-21
8.874571412835046055e-22
7.667622807987078921e-22
8.812336363220426915e-22
1.128124973511682472e-21
8.784752231846780381e-22
7.941992471157599676e-22
9.077995472349011698e-22
1.053515129983170797e-21
9.495237456215959327e-22
9.459618684032463628e-22
5.970580695166669050e-22
9.326415870301705199e-22
8.661896672140780719e-22
7.650270925949130283e-22
7.889888771241280596e-22
8.843550825623035109e-22
9.665863654560681813e-22
1.061223002330171522e-21
7.773334727469534816e-22
6.449503053250543133e-22
9.403960672513903079e-22
6.276406666063997007e-22
9.156324632564686887e-22
5.745449433579043784e-22
8.541502226475215656e-22
5.892054726507263128e-22
6.093327923326515324e-22
5.931682437097522387e-22
3.338217946781632444e-22
6.741367279362062200e-22
4.413802898940456821e-22
3.749158554438647819e-22
6.910333118073256009e-22
2.022374718096445511e-22
1.946498917839944834e-22
3.071506554618674166e-22
5.872663673507369642e-22
2.168172097769678373e-22
4.940841714824844561e-22
3.134435912432090610e-22
2.865057335788199202e-22
1.129129227359745654e-22
1.249994483485384961e-22
5.157842555745649194e-24
8.844407140509629811e-24
6.918510213657917949e-23
1.983537803161217891e-22
-1.031960824972200950e-22
-1.012439856777660450e-22
-9.083877858224455519e-23
-3.831771409687113571e-24
-2.947906192504024968e-22
-1.932310081319031039e-22
-2.723794534138154332e-22
-3.096006200766328534e-22
-2.819401343525530497e-22
-5.121792197006706142e-22
-6.541978208168601252e-22
-2.123263636196636206e-22
-1.732796939622878280e-22
-7.487674300640761663e-22
-5.397511280540240556e-22
-5.462821909772393390e-22
-2.811245846619045224e-22
-4.559632885878071672e-22
-4.926305157585055517e-22
-8.855309737130432487e-22
-8.639229731899504911e-22
-6.314247008956115762e-22
-9.039666380980572390e-22
-4.305286882173798550e-22
-1.117555547224827041e-21
-5.502911227858854929e-22
-1.044522628881375696e-21
-8.966009314227054007e-22
-8.394145553908556083e-22
-1.098137540501929779e-21
-1.127225630889679471e-21
-9.895693158545595006e-22
-9.494315581352538018e-22
-6.503955128985075756e-22
-8.290763739497611877e-22
-9.308430204337257342e-22
-8.920890479103837986e-22
-1.141278106934126977e-21
-8.509285954201565614e-22
-7.823413842312601756e-22
-8.852532798009630764e-22
-7.070328763228347050e-22
-9.001034591550910028e-22
-9.373486340644150958e-22
-9.179684113603959064e-22
-1.023183294221696475e-21
-8.832720077404625615e-22
-8.113981150001246515e-22
-8.091790644089733517e-22
-8.355526409828453428e-22
-1.003499419222089042e-21
-7.442868473031684941e-22
-7.984367897268198073e-22
-7.804081622453031439e-22
-5.191138692725041381e-22
-5.443969015063818911e-22
-8.778588791993064979e-22
-6.182833855308529533e-22
-3.703188857459959896e-22
-6.818000866637987224e-22
-6.141340039724396357e-22
-3.551748771745204638e-22
-5.880779138628843248e-22
-5.975453331273646988e-22
-3.789097270544567983e-22
-5.991671221000944351e-22
-1.535876837810084184e-22
-4.197281341970479923e-22
-4.023093745820020974e-22
-1.884745899084332003e-22
-1.570388457577146113e-22
-4.052661700570494683e-22
-3.414625759892967828e-23
-3.502021166156626548e-23
1.302755036180824424e-22
-4.216948584571843050e-23
1.136549513856012383e-22
-8.384645413068719337e-23
-7.761829017170760801e-23
2.140806183017463924e-22
9.076198701431780670e-23
9.248978209306732690e-23
4.433212000118852096e-22
5.834769347485862028e-23
2.730332764679679519e-22
5.942112874775239395e-22
-4.544781399759031889e-23
5.960752869223833161e-22
4.243844183711248376e-22
3.163790237765154012e-22
4.278578459186662785e-22
3.912926848540965301e-22
7.247947282596127260e-22
6.351976818775766208e-22
5.061359908567693287e-22
7.094214880483983964e-22
8.579392228158630424e-22
5.648133743210721854e-22
6.257417602107480140e-22
7.733703581778871805e-22
9.219330491968511887e-22
9.058289956795402456e-22
9.948205631124616054e-22
6.136470222169689459e-22
6.931715026653929561e-22
8.273879939108168426e-22
6.632261744227097386e-22
9.597151144519088866e-22
9.518110143373704500e-22
7.574836678699069196e-22
8.821532321027489914e-22
7.283402325557994779e-22
1.141997707739542171e-21
9.509239046577511583e-22
9.216272130446653898e-22
9.671761836517318547e-22
8.679804640710460709e-22
9.511902915839230365e-22
9.567320351278454600e-22
7.736982255475030316e-22
9.588347959170047041e-22
9.676567274809186328e-22
8.865892198397294503e-22
9.681362950544998150e-22
9.482371609755174853e-22
9.373832856903028739e-22
7.401784915769234932e-22
7.950984839044997352e-22
8.386758359191322548e-22
1.021253846899134971e-21
7.503374991508948673e-22
6.981545305976883425e-22
6.445464178724403377e-22
6.652014781797723506e-22
4.977212155677808250e-22
7.492390228549455117e-22
5.742885057558288458e-22
7.456253836247891402e-22
4.486394784841070490e-22
4.669894435696609544e-22
6.298621840187062296e-22
4.592507687279762205e-22
3.085123832699692225e-22
4.283707600626866995e-22
2.248736922958684240e-22
1.349991274490496254e-22
1.704468267900584929e-22
3.143939205165843061e-22
-1.449894695562093649e-22
2.037793379366792155e-22
-2.168105941873073274e-25
7.349031613437803938e-23
-5.008911124158469280e-23
-2.101783981964209950e-22
5.214428198410029003e-23
-1.329648120679246902e-22
-1.440054339301768489e-22
-1.377262389027310136e-22
-2.026341632508298624e-22
-2.545956342380820045e-22
-2.960872390554087572e-22
-2.576880688984734101e-22
-2.743493617387283370e-22
-4.698417253144756946e-22
-4.626550205891893329e-22
-5.259560230974261071e-22
-5.125451500187212437e-22
-6.492343621726431280e-22
-3.845672228339911469e-22
-5.433978818228520889e-22
-3.657050881160308556e-22
-6.746886388962530300e-22
-7.366255932955724834e-22
-4.960658419063463952e-22
-7.178053327786178252e-22
-9.175921814437857833e-22
-6.925557002671056352e-22
-7.985891389943124158e-22
-6.149589475668554031e-22
-8.525194657058911398e-22
-7.805404990492993814e-22
-9.055769422819420335e-22
-1.044807046313584349e-21
-1.016696117370603024e-21
-8.624652098024567012e-22
-9.269170986542867737e-22
-9.588100619475681170e-22
-1.040571483579429070e-21
-8.911452109161137393e-22
-9.237941888200628274e-22
-7.234450373017704213e-22
-1.065014819004546104e-21
-9.868309903182062396e-22
-8.564045907600471077e-22
-1.049683463052850868e-21
-9.553824312248837830e-22
-9.713989789385815806e-22
-1.092892809841394881e-21
-5.243858046501343499e-22
-9.067187002841258996e-22
-9.032688086639224181e-22
-7.843069123051577621e-22
-8.352347284459291568e-22
-7.973921752926127806e-22
-7.858858131523690381e-22
-9.175625220040826120e-22
-6.891171438246438795e-22
-8.163435065839320319e-22
-5.346482078146151746e-22
-7.203447010828444334e-22
-5.543809123213449340e-22
-5.604100462116522639e-22
-6.593426690530033739e-22
-4.885146905869662828e-22
-5.422787141125911246e-22
-3.673486560947849913e-22
-5.332441643592371949e-22
-4.715737941716336208e-22
-8.234545265531699447e-23
-4.444984423221072335e-22
-3.686395160744196145e-22
-2.929062317478631643e-22
-5.651921160248207546e-22
-8.107880492274605254e-23
-2.885606332974998233e-22
-4.999628704469272507e-23
-1.299243177340408949e-22
-4.576105138732813339e-23
2.848676199287834616e-22
2.848103614739663804e-22
-7.955217467232167562e-23
2.042196446856098862e-22
-5.918494107269123463e-23
1.947724856728661112e-22
3.435933401511463961e-22
2.407315442550414309e-22
1.990759145822541187e-22
4.248448263322887864e-22
3.502134885186227958e-22
5.176487146152252513e-22
8.358980621052516223e-22
4.259786556783570012e-22
5.997115212206886358e-22
7.483787971774209083e-22
8.087897119033603917e-22
7.679761634182199265e-22
5.556778796443204328e-22
7.781664622682915221e-22
7.677252474428592231e-22
6.942868636096655641e-22
6.886265558728825041e-22
7.368490007376379576e-22
8.017659251663957010e-22
7.870636797821569164e-22
8.404299451573588555e-22
8.024987285073758246e-22
8.400319255706380777e-22
7.086600006192664239e-22
7.997911586325272209e-22
8.432129298679860125e-22
1.051152511441842570e-21
9.746043712681868088e-22
1.186074686922042408e-21
1.008517846562282067e-21
7.578829356170272949e-22
9.069421730538358038e-22
1.043669228829748245e-21
1.098793514622186602e-21
4.371090337698875588e-22
1.085648948977634125e-21
8.329181589913326466e-22
9.305520844321862544e-22
8.095843458429200075e-22
8.003232195267083218e-22
9.859931694071260971e-22
7.783401000245830671e-22
9.497868520942042933e-22
7.184886705139029501e-22
9.389665407402736489e-22
8.011656356989084485e-22
9.082678022478872672e-22
7.497181985371181832e-22
8.391780012095383544e-22
5.306092233356296963e-22
5.364060513566052120e-22
5.372727662031512154e-22
5.707072113143905956e-22
4.284779841093149555e-22
5.292386829918112785e-22
5.939471280420637857e-22
5.903631539712302814e-22
5.929732092495198056e-22
2.981488954004520304e-22
2.770190033562944273e-22
4.011341349879325163e-22
2.864437420804076468e-22
1.884696560335963003e-22
3.957834914674697175e-22
9.533817373749792479e-23
-4.552236136226921166e-23
-5.184713968495365653e-23
-1.967883968972026606e-22
-2.681282283880819182e-23
-5.255558585457183378e-23
-2.441488131971001022e-22
-3.196223668917241176e-23
-1.172522907074324256e-22
-2.144523166080756035e-22
-2.056470501855622151e-22
-2.476568350596670732e-22
-5.048137421439288569e-22
-4.607084875865760300e-22
-4.235546567197111861e-22
-4.432891639242164388e-22
-4.289833309221386993e-22
-7.181892007097239151e-22
-6.413898293299130878e-22
-7.340223337265475809e-22
-5.130964191221366439e-22
-3.335789271182729211e-22
-9.093134095946169651e-22
-6.738644415036555513e-22
-4.648117302470294195e-22
-7.475886450208338270e-22
-7.322190279521979504e-22
-9.140159829159515986e-22
-1.024500207071529159e-21
-6.955669001986195185e-22
-8.640911941549945358e-22
-7.986225644981411542e-22
-1.029285718888323257e-21
-8.370039835612599610e-22
-9.510086129319863177e-22
-8.960034772650668545e-22
-1.154667818466459098e-21
-8.910892672534976891e-22
-7.943512575317121118e-22
-1.131144100744575832e-21
-8.530089628244996641e-22
-1.056125579877316885e-21
-1.030018200752669684e-21
-9.159988460212745265e-22
-9.957601019300549643e-22
-9.541830718109377551e-22
-1.019727885606546864e-21
-9.700150786980274725e-22
-1.258806121548497475e-21
-8.222965246151194744e-22
-8.128096633816195269e-22
-8.651321248433676820e-22
-9.203795052994471556e-22
-9.687720874552611355e-22
-5.757699450240197740e-22
-7.639249582779123227e-22
-8.442587257680293028e-22
-8.446028294436854363e-22
-4.952997630402069241e-22
-5.595999069234835447e-22
-7.265518067445281119e-22
-3.370413953388833298e-22
-5.927794901100284674e-22
-1.913772614390528333e-22
-5.368372323365478660e-22
-2.814334487951091068e-22
-2.899571509122915025e-22
-3.391682604825675138e-22
-3.033905167508678357e-22
-2.675998349971853526e-22
-1.731150072950938962e-23
-2.770823932502247810e-22
-1.956814914375710082e-22
-2.386789875405443136e-22
-2.322877887125231308e-22
1.242933581588024862e-22
-1.065622307291901896e-23
2.092037843351681065e-22
7.616763953125644802e-23
1.956588267262082125e-22
1.899061630794402963e-23
2.083654251749442741e-22
1.424276383836229631e-22
5.269791270171790344e-22
4.032055777229322156e-22
4.870035130191023681e-22
5.650493922272370498e-22
4.105781659455401539e-22
4.756174876919238821e-22
4.654442436000192542e-22
4.887567369119503116e-22
7.558336040949183303e-22
4.782156665325974102e-22
7.058263834017048506e-22
6.712672891484295550e-22
5.190236066434900867e-22
7.878138523262679834e-22
7.681771114039576161e-22
6.733900134891475031e-22
1.026202738579398248e-21
8.105885330361420194e-22
1.078177384337028432e-21
7.382814477149632430e-22
5.093414324199408319e-22
9.456303441423194168e-22
8.398593685223366633e-22
1.099943492362805219e-21
7.370731590283706957e-22
1.008808848672420319e-21
9.694799828296898178e-22
7.527304388371158859e-22
1.016542296976364514e-21
8.869248217352967196e-22
9.472551369535377618e-22
8.375060183469322601e-22
1.113124964775894632e-21
9.429344177096234784e-22
9.480894885241747120e-22
1.113856707264427718e-21
1.093601789935080961e-21
8.828799284942657864e-22
9.427183522706299544e-22
9.946206212713045416e-22
8.787679145919008539e-22
7.703390869110502921e-22
7.662997729042732017e-22
7.864282057580002620e-22
7.026833883531647480e-22
8.470108930477951644e-22
8.582957299666738571e-22
6.026405208896596325e-22
5.648461686082806107e-22
7.345862310197546150e-22
7.633115635783082027e-22
8.373721451466295944e-22
6.040630421297962356e-22
3.127499071824461601e-22
5.043547422106170223e-22
4.869215026970078475e-22
1.331863911283806743e-22
2.910343542568098077e-22
1.651437525976911487e-22
1.965131423073369387e-22
1.483116163032263387e-22
1.299005804494151397e-22
-6.973979558364438965e-23
1.461981991738987000e-23
-7.979318319655767432e-23
-8.573101147737392310e-24
-1.220970505342177675e-22
-3.395409096700084552e-22
-5.965611135953653405e-23
-4.855243513727635415e-22
-2.610503694816264732e-22
-5.800633220120248004e-22
-1.521864484889192230e-22
-5.134071245277062862e-22
-2.508169108731918582e-22
-6.628149793758877512e-22
-6.758141429666464985e-22
-6.399469737242424408e-22
-3.593514882967868882e-22
-8.273009439643641476e-22
-6.306127877764354212e-22
-1.067883180080827700e-21
-6.894219688126660532e-22
-7.990087634028882036e-22
-8.009475145717617898e-22
-8.906731343805140587e-22
-7.433682560466546083e-22
-9.445159751677411962e-22
-8.641890248583278726e-22
-7.821058234136144943e-22
-8.329765836050474417e-22
-7.661112423908840977e-22
-1.019041321650218322e-21
-6.550643058477972987e-22
-8.925890478477905428e-22
-9.878822418348556508e-22
-8.071859290850505687e-22
-9.731974390726952622e-22
-1.096814634832377860e-21
-7.793016421431360775e-22
-6.590595075436726386e-22
-1.245446448979152605e-21
-8.475501161604529408e-22
-9.915122136872240080e-22
-8.852728798617653736e-22
-8.330932682592250625e-22
-9.933937765239192143e-22
-9.215437840668858741e-22
-1.011897399345748183e-21
-9.738702015175295948e-22
-8.695718249277404980e-22
-7.578561195673658321e-22
-6.735656347498781741e-22
-7.452916935093711819e-22
-9.265936063874621228e-22
-7.341739997599886347e-22
-6.565064333957210289e-22
-6.619281384598616939e-22
-8.528501198735343019e-22
-4.596651693052218911e-22
-8.811717014190194247e-22
-4.727431228283135273e-22
-3.600507569113789492e-22
-5.973384973224288035e-22
-3.397183265698064598e-22
-2.847313005547296141e-22
-2.695041381273607141e-22
-3.533384587810479685e-22
-3.054913884613662235e-22
-4.618217969362159188e-23
-2.133633802865228708e-22
-1.973723959964674070e-22
-1.797427521909762023e-22
2.085466809962012667e-22
8.732547670061798520e-23
5.147934346363106142e-23
5.724641079618323332e-23
2.223700025243476988e-22
2.590763306535672146e-22
2.217544261427140880e-22
-4.505839047430653844e-23
3.869997360744242201e-22
5.125306894731934430e-22
4.648245546189111101e-22
4.593859907168258363e-22
6.494104185412010183e-22
2.850217937697224169e-22
5.360607825153671308e-22
5.235217037895402623e-22
5.750106810132098439e-22
8.013385166322766011e-22
4.838911422205617643e-22
7.162977322882112411e-22
8.169809807758834934e-22
8.829820719459554463e-22
9.161308667951120312e-22
9.536631504755614975e-22
9.379669858871542384e-22
7.853921872805243097e-22
1.018282200913081610e-21
8.478079737957342030e-22
1.002198056227558492e-21
9.663439542974785462e-22
1.119900965460049768e-21
9.957638947545186658e-22
9.722260301018036465e-22
1.085928344125969793e-21
1.041785508286328839e-21
1.004997644766555941e-21
1.369267679964657277e-21
9.118445196851803162e-22
1.046180849442420557e-21
9.691200732645023187e-22
1.017625525295985865e-21
9.493215118910396006e-22
1.005741368556035329e-21
9.078124290529181300e-22
9.214029389958371723e-22
1.036575420085653928e-21
8.023571487573277549e-22
1.026602856489716516e-21
1.006448363394695283e-21
7.487114192717237894e-22
6.039244664992508303e-22
5.807462334187035485e-22
6.372551999609493467e-22
6.448302049527063352e-22
5.345752151554708855e-22
3.662405195817686851e-22
6.222645686360220038e-22
5.862147097088851145e-22
4.686622596837742297e-22
4.306078374046829328e-22
3.552837294988070115e-22
2.663679050738933642e-22
1.120400865418810414e-22
1.014986153088779839e-22
-2.037858567627156742e-22
3.565579110377102094e-22
-1.027960071380644953e-22
-3.792289674232231518e-23
6.020037316903212326e-23
-8.240300000999100784e-23
-1.404033763032687106e-22
-6.802701101096958108e-23
-2.377077609058789368e-22
-2.171499847024305301e-22
-1.279697838164126316e-22
-3.431515187055250451e-22
-3.294419578627316983e-22
-3.557787288440842807e-22
-3.456949104182474750e-22
-3.473921961994390406e-22
-4.440763309683276450e-22
-4.607496104379396308e-22
-7.062291611560509764e-22
-4.784704179965316817e-22
-4.352474455705444056e-22
-6.190460444838923654e-22
-5.361661875161285998e-22
-7.576503420542680080e-22
-9.881849158704321633e-22
-8.306515107958686345e-22
-7.838710461110742695e-22
-9.869066454642572879e-22
-1.029058861292341436e-21
-6.524369351311037829e-22
-8.531009261833020165e-22
-1.148986311252927235e-21
-8.640957727471074383e-22
-8.981564889806309831e-22
-8.336536356722172247e-22
-1.064757909204811486e-21
-8.636675509290154774e-22
-1.120480105488505476e-21
-9.636730092632816229e-22
-1.182658032202278202e-21
-9.975572308969231763e-22
-1.064129017681473067e-21
-1.089493983612472275e-21
-9.060781391959344691e-22
-1.267668477517100172e-21
-8.293004837297158994e-22
-8.686678401086420272e-22
-1.028494344346930275e-21
-1.086248087797903801e-21
-8.118138710485360766e-22
-8.453787955879385385e-22
-1.022134499959350395e-21
-6.949616623783463951e-22
-9.045277478678114684e-22
-7.033671982234264270e-22
-8.713361003259886309e-22
-8.148124405381565350e-22
-4.931949406988297276e-22
-8.370106749369822447e-22
-6.983916256272888892e-22
-4.808048534942649276e-22
-1.210766470068749985e-22
-3.721598968437610206e-22
-4.223502907204473247e-22
-3.474724920709798552e-22
-5.039752183261718029e-22
-7.949620994932868945e-23
-3.654017119146874772e-22
-9.532490311278074926e-23
1.952454712408813324e-23
-3.067523848978431342e-23
1.196003941819547262e-22
2.812516015783314913e-22
6.543830664021618573e-23
1.161294464461583003e-22
3.748082516651957469e-22
-3.742862224595087639e-23
5.485395998806339549e-22
5.129794305786150535e-22
2.867390329707297837e-22
4.661615262347479514e-22
6.517839850582063083e-22
3.848896031279960957e-22
6.785451936375471892e-22
2.513838169607417326e-22
4.462660077601038090e-22
5.513522473573420860e-22
5.374610412777055584e-22
7.525038961387668091e-22
7.909008966811915004e-22
7.864022087071574383e-22
8.097698758389780762e-22
1.174709251226303402e-21
8.519494004210567298e-22
1.025520947973371062e-21
7.980214412718841389e-22
9.122050136866223280e-22
8.259512097544035591e-22
9.204649677652673395e-22
1.113907932111003638e-21
1.164590823386627647e-21
1.116088780268511950e-21
1.044869889483457493e-21
8.410675844608048808e-22
1.136973124210946970e-21
9.440425375031414589e-22
1.159865783944166355e-21
1.030174883962163791e-21
8.857868760092367156e-22
1.028658864547953513e-21
1.030066384332413037e-21
9.151527069470917698e-22
9.598169340786551470e-22
7.594748128834142666e-22
9.809852040857856310e-22
9.359867894070598191e-22
9.853958130288483243e-22
8.054121612459235862e-22
9.740394053953056111e-22
7.049158698665963958e-22
7.137611539493021969e-22
6.693368122601404522e-22
7.672182397146052440e-22
6.802517023446165955e-22
7.021281413662646167e-22
2.149428982424836248e-22
5.252856538952163187e-22
4.619602612822306366e-22
4.620504700798922212e-22
1.703064685041346591e-22
1.535947569649521260e-22
5.188131309839888216e-22
1.171756872481582153e-22
5.911579934415451486e-23
3.338260574461679380e-23
-8.253914274747458616e-23
1.875555660678927840e-22
3.402965309525844653e-23
-9.995973555467069584e-23
-2.390909855142410617e-23
-2.620140247216932736e-22
-3.293037088999313597e-22
-8.008588249815022865e-24
-2.442885060264844832e-22
-4.847971112146983876e-22
-5.187026533371945564e-22
-3.175627988017054167e-22
-4.537526126362589301e-22
-5.043972883596093025e-22
-7.510008419476948111e-22
-7.935627470952620537e-22
-6.582553370984625083e-22
-7.184675100117201468e-22
-9.124792712658610055e-22
-6.681611651801295727e-22
-6.589800500001732012e-22
-1.077496002077772997e-21
-6.281098834976097028e-22
-9.437028877234835278e-22
-9.192640138351386318e-22
-9.539790195763686313e-22
-9.106392102942406275e-22
-1.161365612396928712e-21
-1.051130751237716588e-21
-1.110210102508259667e-21
-1.090087559462777281e-21
-8.986946126060919547e-22
-8.856631128651881235e-22
-9.661668112558734395e-22
-1.080178163801914783e-21
-1.152563709708366622e-21
-1.005493284980466508e-21
-1.064889797991817306e-21
-1.103183045811228657e-21
-1.101515974630419499e-21
-8.604369447362319392e-22
-8.358524520980047467e-22
-7.883814957168367306e-22
-7.398104296064604409e-22
-8.443263784813638751e-22
-8.054704785154627000e-22
-1.013790341784179673e-21
-9.611152462234062694e-22
-7.601095514012972793e-22
-7.323902006780075989e-22
-6.532082879581585223e-22
-6.885771958938631549e-22
-6.126277292813044809e-22
-7.032585264945912983e-22
-8.158574765743829497e-22
-3.734505693323845718e-22
-6.544619350763863418e-22
-3.708715704312008039e-22
-3.044461558751306466e-22
-2.762600479579094261e-22
-2.347535713216807442e-22
-2.654376133003566699e-22
-4.401666346614714669e-22
-3.115678357038116401e-22
-2.055629431579099194e-23
8.202757857233422383e-23
5.139084585521417640e-23
1.958770079083485663e-22
1.552112186178567796e-22
2.808954627068959435e-22
3.418268601792944176e-22
8.063902288533086716e-23
4.798998284471645568e-22
3.746520688044578232e-22
2.438125441389189889e-22
2.931408977999608008e-22
6.105249317952997523e-22
5.325722338681071039e-22
7.158935700031170338e-22
6.266155677282910331e-22
9.527477157544529786e-22
7.288431241771877803e-22
1.050810548799641683e-21
7.914764991618642765e-22
8.084084918223572646e-22
1.050508711323053941e-21
1.014310574986603054e-21
1.067597486888470391e-21
1.035316788814005094e-21
1.214359043529962903e-21
1.128629444830192080e-21
1.170777369946502111e-21
1.065084666639743311e-21
1.206387383188235434e-21
9.608031115923821534e-22
9.306256523690566371e-22
1.298771340983899838e-21
7.965277296750161674e-22
1.125009603323991536e-21
7.980459827559165580e-22
1.135812129116408304e-21
1.022121836724662571e-21
8.381359689171388347e-22
1.167728808635396573e-21
9.843783233528137730e-22
1.146001772447998297e-21
8.606408493869400760e-22
6.548231561661217576e-22
9.100301606295477038e-22
7.425735924523971153e-22
6.748980665223627005e-22
4.809798444124386543e-22
8.229843343698922078e-22
5.215739120697240563e-22
4.569814682609468302e-22
7.301802637767207656e-22
3.446749031731762447e-22
5.257459509871066423e-22
5.196573054115702006e-22
4.519655076882238318e-22
2.948154785499536528e-22
2.864504522452071367e-22
3.096176420351841696e-22
4.262913010737202885e-22
2.717971120796089952e-22
3.417708683367324114e-22
8.276266963773574500e-23
3.568366958392423592e-22
-4.043289280184960813e-23
-1.166409654694292577e-22
-2.704490370425054567e-22
-1.981285756294822694e-22
8.554336101217113481e-24
-4.546987099056144354e-22
-2.867781409477206807e-22
-3.120142746060888661e-22
-6.116062705734045500e-22
-6.590780759028276460e-22
-6.249602737708943688e-22
-6.971214925061423719e-22
-7.950487778902550834e-22
-6.659672253307500712e-22
-9.579795810955756096e-22
-7.818491601225571231e-22
-9.870022006165752296e-22
-6.400724135856117767e-22
-6.618993468617647279e-22
-7.945987351510858302e-22
-1.118066015869907432e-21
-1.033918628623909894e-21
-1.057882163700650917e-21
-8.536836911804658992e-22
-9.656453331962848483e-22
-9.423970231197845543e-22
-1.093610680662767239e-21
-1.111018324288268231e-21
-1.057092658569918581e-21
-9.759955740665340727e-22
-9.887777875545789041e-22
-1.193244382963793238e-21
-1.033911990115952281e-21
-1.040686656775980538e-21
-1.058957417491093215e-21
-8.347491121669647591e-22
-1.251691057982148744e-21
-1.166132292202801901e-21
-9.071336399815094604e-22
-1.127161259466969198e-21
-7.587654162149464291e-22
-1.103462727819113974e-21
-9.541805960891502323e-22
-8.939934838965510384e-22
-6.232673380500298960e-22
-6.524301818758963689e-22
-9.078310823245744035e-22
-7.732904848816861731e-22
-4.942613458588977238e-22
-9.372475621487762614e-22
-5.012412780896088031e-22
-3.929076291679188210e-22
-5.472657722505976363e-22
-8.087810425424382685e-23
-3.053694260090638667e-22
-2.320399567508398210e-22
-1.896217644228361796e-22
-1.554217533382982570e-24
-1.213785205713685786e-23
4.579770771449059875e-23
-5.986203900236865575e-24
1.062962807303834091e-22
2.174307577179120122e-22
1.039911057012796217e-22
3.140508028585794662e-22
1.295332888655349363e-22
3.268792594868213566e-22
4.217704778154943011e-22
4.454972505621964513e-22
4.999466500069791931e-22
4.888918980548974513e-22
7.549656237081812654e-22
6.513291132038263049e-22
8.237815075632651861e-22
6.677323343579972463e-22
8.450704637369057250e-22
7.009183516197910128e-22
8.826458325513767680e-22
8.658850279448331943e-22
7.915637308558874719e-22
9.487473751352837900e-22
1.085787972924353572e-21
1.010019861339114084e-21
8.534926849984261309e-22
1.252137021708949958e-21
9.915070411534380039e-22
1.150471407555397583e-21
1.306917545438969011e-21
1.065399724012778820e-21
1.282268535891244957e-21
1.294683358287002887e-21
1.281777197080419024e-21
1.011689307770766409e-21
1.114361211700719519e-21
1.109020457039263411e-21
1.184071907096519898e-21
8.938011569552052541e-22
1.047258462253931057e-21
9.465941761427137306e-22
8.198804170401662145e-22
1.001232153324121413e-21
8.659849906939571981e-22
7.256439260418753928e-22
7.757033066989514368e-22
8.302023412385077736e-22
6.775272032888809597e-22
5.729840378198536465e-22
4.157026699994554459e-22
9.195748628754272466e-22
5.320148629591345723e-22
5.868827372985758353e-22
-8.027571891213831154e-23
4.448938075768729680e-22
3.984535601433141280e-22
1.321344485526095113e-22
4.336872743139554283e-22
1.329286228777721567e-22
-9.602608325785614889e-23
1.504769587192418336e-23
3.387786525156610328e-23
-1.729733651959173660e-22
-1.673306262349235170e-22
-2.412129297303632100e-22
-2.864402848782797407e-22
-5.205836676097036808e-22
-3.855046815451600302e-22
-4.793967186359849471e-22
-4.771011778220607011e-22
-6.500473694445137319e-22
-4.170584511035895609e-22
-5.625983123981602227e-22
-7.108536685831336988e-22
-1.021062655895949938e-21
-7.310096804608433812e-22
-9.681244725609589531e-22
-9.753083713145426029e-22
-7.923152122115783746e-22
-8.049459682082106860e-22
-7.359177427714484997e-22
-9.297968932205260317e-22
-1.215018923520380235e-21
-1.037247874512922201e-21
-9.778805371950003916e-22
-1.063951290704142515e-21
-1.246106224778970627e-21
-1.290694240558941962e-21
-9.395588759562127073e-22
-1.292380155863468744e-21
-8.435580200741462493e-22
-1.199141029580728679e-21
-9.910085987432589551e-22
-1.119807645152988562e-21
-1.041960848187768300e-21
-9.462075866368080415e-22
-9.173157854064855364e-22
-1.022995937738973817e-21
-9.849836989883717504e-22
-1.125331373860601162e-21
-1.013421911542479630e-21
-8.301885514518231340e-22
-9.652018827981728008e-22
-1.045729456508374886e-21
-8.718030320591308432e-22
-9.148581275721986537e-22
-7.403238763945329885e-22
-7.031385409544454399e-22
-4.918429195625710249e-22
-6.086407972105994332e-22
-4.010091549914717502e-22
-1.518352004026992214e-22
-3.918149932322261747e-22
-1.149187919605515859e-22
-1.216585842054044093e-22
-6.041093066584380789e-23
2.035263089578644629e-23
1.145646195901439197e-22
1.482533281455950608e-22
2.795859506532438775e-22
1.029351932014347089e-22
4.679418931547012222e-22
1.583515005199389863e-22
3.680482237398044962e-22
2.864631823139113739e-22
3.214675591692019210e-22
6.081683086056989164e-22
3.802575420515339766e-22
7.431450071931566473e-22
4.021738642518536485e-22
9.561061502314727855e-22
5.628569158377657947e-22
7.643060940223258238e-22
1.055167422120095990e-21
8.595139651502550138e-22
1.048228240265568410e-21
9.967217445732319848e-22
1.204455091857788536e-21
9.922265213880694364e-22
9.709951444009644851e-22
1.217428590449248870e-21
1.101239106504537204e-21
1.273696848695074411e-21
9.348240474924048051e-22
1.223819391759361782e-21
1.089528607706157627e-21
1.276623211705865913e-21
1.125079493307190688e-21
1.209375071639121857e-21
1.058108668903256104e-21
9.956966509283807208e-22
1.156740367488571910e-21
1.146699895017236528e-21
9.388559287793500987e-22
1.008265552560358815e-21
8.861055092191853217e-22
1.132750977030008142e-21
7.965541420685124904e-22
1.081104915639185429e-21
7.641145796247582137e-22
6.971281713528870815e-22
5.308573708663560561e-22
6.480557282867200275e-22
4.208079349862207404e-22
7.602857057213873092e-22
2.400252363942522476e-22
4.654145856389232189e-22
1.095724248295333277e-22
4.075197249157607265e-22
3.047474987523741937e-22
2.592757216063833509e-22
2.946530360940135631e-22
3.672320574211538699e-22
-5.209466614049895906e-23
2.556733281013895092e-22
-5.550666364354280783e-22
-1.128194207734249502e-22
-5.688414244502344286e-22
-2.633813986229415704e-22
-4.588903729868467090e-22
-5.155760799383926616e-22
-6.919256991222023472e-22
-5.709138093947016508e-22
-7.074766367707507982e-22
-9.512462675436727509e-22
-8.119931793908414785e-22
-8.460558115261389858e-22
-7.392256564927226225e-22
-9.561551617233907164e-22
-8.949069842653304961e-22
-8.367290405640530049e-22
-1.057584858548987382e-21
-9.244635111318539572e-22
-1.257764616219486927e-21
-8.949915371604864795e-22
-1.382089542524646030e-21
-1.209728153721383532e-21
-1.210009443890501743e-21
-1.273441889441763712e-21
-1.313558264718190628e-21
-1.129432870060492115e-21
-1.386411708070803116e-21
-1.143173502016235539e-21
-1.132826662193183700e-21
-1.252141926475806114e-21
-1.094231921764296347e-21
-1.197637916719318148e-21
-1.062601881976028812e-21
-1.035025344660942593e-21
-1.025915133705766878e-21
-1.071801430691885589e-21
-1.113630697334642985e-21
-7.922260834770997448e-22
-6.397186224559400730e-22
-9.520648050228438971e-22
-6.938824769375172202e-22
-7.153493857191221830e-22
-6.138872664819602790e-22
-3.113077490373017094e-22
-3.499067493422573179e-22
-2.943765972331047588e-22
-8.199144619502812416e-23
-3.045047038100749598e-22
1.074486685030440993e-22
-1.001226129161047114e-22
5.384871566068928338e-23
1.954625278232868287e-22
-8.205133599970058013e-23
2.451126962285105604e-22
2.083567919788292766e-22
2.978845313017227741e-22
1.505062987230656804e-22
5.036151901591726696e-22
3.549492920054480884e-22
8.496062107171885885e-22
8.773602829159359059e-22
7.262024900771380749e-22
6.659360052393878517e-22
9.618966802917715614e-22
9.099930218298754180e-22
8.634435794159723360e-22
1.303159627424474553e-21
1.177939246588452862e-21
1.048345238275576405e-21
1.255665113132807981e-21
1.274949450828405242e-21
1.124791164837127367e-21
1.135068230326169273e-21
1.027114128631611891e-21
1.029495558179925029e-21
9.302473778224931739e-22
1.223715506948853063e-21
7.128975118323760005e-22
1.075231881415028563e-21
1.133031716004111598e-21
1.134282162574800365e-21
1.208829619274732244e-21
1.003906821007763872e-21
1.291753183603985614e-21
9.779610019495744118e-22
1.007040898339688418e-21
9.866457393987909111e-22
8.631577393564234175e-22
6.803877136399738811e-22
9.013773727739296468e-22
1.056275909886848849e-21
4.602787688655129012e-22
7.248691084228593764e-22
6.859747072296954323e-22
5.458143225484762865e-22
4.920251685268783670e-22
7.031068970419826180e-22
5.773991395450635242e-22
4.948110004656363460e-22
1.901829517328012603e-22
-5.305317672368823528e-23
5.641841766348542765e-23
8.983375079180072346e-23
-3.198016006304178727e-23
-1.028676082196270933e-22
-3.135090475519212167e-23
-3.180094539101590182e-22
-3.607770705806040357e-22
-7.645521195992021336e-22
-4.758970729848643901e-22
-3.721115640850621449e-22
-9.539327993599346770e-22
-6.249273250197685222e-22
-8.974656669364622076e-22
-9.640915667107565895e-22
-1.100380668241532370e-21
-8.954412747465843361e-22
-1.034419026741167595e-21
-1.105488388482356532e-21
-1.180903677048582971e-21
-1.026771050825696087e-21
-9.562166507984833128e-22
-1.275383611356717370e-21
-1.182979975687861577e-21
-1.261175094056180069e-21
-1.457144472056387832e-21
-1.110746128851299308e-21
-1.422240785549133264e-21
-1.282804751728764890e-21
-1.187739837523322437e-21
-1.163190994054339546e-21
-1.150297183259253039e-21
-1.040114651651564862e-21
-1.260164762120690721e-21
-1.159781725891297087e-21
-1.196774046495459799e-21
-9.839868255493969053e-22
-9.306777245349702264e-22
-1.021432855312840548e-21
-8.752773592354373770e-22
-6.485103811359987254e-22
-7.070416035788116038e-22
-5.779282972373713481e-22
-4.667239735781843392e-22
-5.575736827945150155e-22
-3.969014746446866006e-22
-6.142617667693422596e-22
-5.467544367095537392e-22
-3.682434841359330960e-22
-2.504276221453159240e-22
-1.818135142989364236e-22
1.382395752633995085e-22
1.739740749150185195e-22
3.893987457411904954e-22
1.659800724021426346e-22
4.844198797464615145e-22
2.029253830314339402e-22
4.891912974418011605e-22
6.826782958829222292e-22
5.304187609075696192e-22
7.225982133024646706e-22
8.365808341703702037e-22
1.062702587096721786e-21
9.473257709732245487e-22
7.133100752108372121e-22
1.339340023788238831e-21
1.145101114463610104e-21
1.255755391632331977e-21
1.157844094141588586e-21
1.477789218159041095e-21
1.220650399433220541e-21
1.267132661875487328e-21
1.462946746147704802e-21
1.104200516511737881e-21
1.397586188798232967e-21
1.334052541351238231e-21
1.280716424913384479e-21
1.214981554590748326e-21
1.543021518925616420e-21
1.241439774920513704e-21
1.221586354866886647e-21
1.131808977748861412e-21
7.851494101656529701e-22
9.923912684236167034e-22
1.100941011198128900e-21
1.020643894212218579e-21
9.210251595067791459e-22
9.945528934439543966e-22
6.506596988084926879e-22
6.504878827063390549e-22
6.344018167480799216e-22
5.330216515189244078e-22
6.954449127848494112e-22
3.165150584415129299e-22
1.322012379410120214e-22
2.887983035323018475e-22
2.271496425365066529e-22
-1.061404080673528163e-22
-1.186272053844473027e-22
-4.534693618254956611e-23
-1.846104131092875551e-22
-3.696341550158015571e-22
-6.043778757913688179e-22
-4.036881863694473722e-22
-6.753362001635349788e-22
-7.372752490840214769e-22
-4.994746060111161205e-22
-8.616878839394830474e-22
-1.058366351326182723e-21
-7.457587458157927776e-22
-1.124108944685145641e-21
-1.194882497853363005e-21
-1.028734457039752045e-21
-1.360625579155146658e-21
-1.275230304431598465e-21
-1.434668063192857306e-21
-1.577299335447354323e-21
-1.486264984650480727e-21
-1.396738769510223541e-21
-1.580070745001165426e-21
-1.445756116058509832e-21
-1.489760237981334641e-21
-1.356919415473664593e-21
-1.346947944770579917e-21
-1.136617150637951059e-21
-1.167943637562176457e-21
-1.106729275768177095e-21
-1.056267382102907384e-21
-1.183846646212562260e-21
-1.010297393682861599e-21
-1.003392484008957818e-21
-5.184040082323420109e-22
-9.372828341396017062e-22
-8.925424966079746742e-22
-3.562982340442720555e-22
-7.729169807873439299e-22
-4.306490014827599332e-22
-6.187648649983333076e-22
-1.101851616989120103e-22
-2.656362617103750751e-22
1.282948362723371878e-22
-1.477750379195897669e-22
2.624562285262262817e-22
1.731140068700021808e-22
4.322632481723602581e-22
3.113283228680013489e-22
5.687182383308454939e-22
7.703950391354491299e-22
4.741678414289909948e-22
5.734479947192914160e-22
1.032740317752396369e-21
8.662811897097957178e-22
9.856369108001960520e-22
1.033317585630198358e-21
9.906481115647632540e-22
1.149816875896868605e-21
1.324903721972380885e-21
1.253532638764851123e-21
1.403416610823263263e-21
1.288027046475622210e-21
1.381601345146796787e-21
1.230303267341065847e-21
1.438271936533100386e-21
1.082792041597972129e-21
1.479685005945221799e-21
1.408790540127927560e-21
1.386723362640461519e-21
1.106069210359508506e-21
1.470678696984542668e-21
1.233290512423118354e-21
1.073958603206298778e-21
1.100810281871133994e-21
1.146099337570647869e-21
9.883982240696083859e-22
1.194062531413657795e-21
6.355065402892663303e-22
6.013852469211960127e-22
6.152879305720243365e-22
3.224447072263992274e-22
4.580297165508783391e-22
3.859509836101780431e-22
9.612617635387468433e-23
9.975385958285480427e-23
-5.622044454982696982e-23
-4.258273114963364574e-23
-2.144523918778891285e-22
-2.249619080545316476e-22
-4.247066875264956744e-22
-5.784030177763267508e-22
-8.262313621437656481e-22
-5.789416195643846512e-22
-8.793009281032602270e-22
-1.187205495000338383e-21
-1.064561029988583636e-21
-1.249486466577045339e-21
-1.325272760810424305e-21
-1.177926642990743045e-21
-1.268061179753201709e-21
-1.630648072566089909e-21
-1.309693414113397717e-21
-1.405679911653239199e-21
-1.345600412679433807e-21
-1.552259164953486699e-21
-1.324579655340838953e-21
-1.488352694264974720e-21
-1.467898721719295600e-21
-1.355350478900553397e-21
-1.413537163637936126e-21
-1.121039555650256793e-21
-1.435762884904973110e-21
-1.187406441728598137e-21
-1.281313357084270225e-21
-9.986416469729516342e-22
-1.187948585393479694e-21
-6.674277541449788016e-22
-7.820652605937819669e-22
-6.062060585822682680e-22
-6.980703443632596162e-22
-2.595069253117463364e-22
-2.536939900350121541e-22
-1.925200230846745957e-22
-7.029709378896197771e-23
2.930479761999656928e-22
3.338621376582637607e-22
3.897587246493453822e-22
6.810153121043805746e-22
5.311147735690344897e-22
7.466528438101138784e-22
8.264141476383266498e-22
7.807555459331786449e-22
9.690790626991644963e-22
1.102823803700948114e-21
1.387752242431158875e-21
1.363386898085787369e-21
1.371708061729725546e-21
1.512006213688297186e-21
1.628651884673489956e-21
1.623013988434066993e-21
1.584163840682402763e-21
1.626919429739745562e-21
1.503473688615855091e-21
1.512036544501811005e-21
1.758866401253598592e-21
1.491856022356231316e-21
1.406379149940830453e-21
1.297622597859756126e-21
1.358707913722735423e-21
1.225753558965265831e-21
1.120795174837319257e-21
7.831480437180621107e-22
6.477198690221004137e-22
6.282307580860369677e-22
6.010318543118976421e-22
3.626753348859417721e-22
4.595379219687437939e-22
-4.642610479205977540e-23
3.201176955772965365e-23
-2.847306831707887271e-22
-1.502557679176789901e-22
-5.469532869040707222e-22
-5.720991562672170032e-22
-7.619882924867802075e-22
-8.730374769875916033e-22
-9.714711030404736256e-22
-1.175684530390085224e-21
-1.121129296408061711e-21
-1.288000570425979599e-21
-1.421464177869633421e-21
-1.487130771034629731e-21
-1.420390378045010854e-21
-1.600144239791191079e-21
-1.493291460641632311e-21
-1.782273006464520127e-21
-1.582044009249569180e-21
-1.559663534808519125e-21
-1.657561024291910540e-21
-1.616618809705254692e-21
-1.626374515699806321e-21
-1.441202325373664861e-21
-1.201690708655589133e-21
-1.257219876313169407e-21
-6.327194613562199325e-22
-9.751346895633316871e-22
-1.115342520867618126e-21
-5.257003634331219005e-22
-2.707134831957164561e-22
-2.557255893871418675e-22
-6.533516222926236526e-23
1.565353168334309684e-22
1.127794191037216165e-22
3.469612544555854047e-22
8.723533190409127541e-22
8.788576730324844779e-22
8.365430254852081271e-22
1.073291243473190554e-21
1.217063669919496322e-21
1.233697491813299686e-21
1.688030157589426436e-21
1.412116352580872863e-21
1.606002515706103627e-21
1.711425765759669959e-21
1.997926012116362822e-21
1.774460674094677152e-21
1.949842283213560622e-21
1.654711002800708067e-21
1.922798754959178193e-21
1.417420046155520526e-21
1.632779286483946737e-21
1.152599504679232139e-21
1.188818693703714153e-21
8.868676094881499514e-22
1.135634149768002727e-21
5.671062363433068820e-22
5.305545179351158545e-22
-9.260737060205572455e-23
8.899808998477107027e-23
-4.144276786811010077e-22
-6.590539197115125967e-22
-8.039962480000758509e-22
-1.190555379728629764e-21
-1.051502922516888960e-21
-1.372181788413971814e-21
-1.770063650379622004e-21
-1.837297197850549534e-21
-1.832523428799041186e-21
-2.054776856393382333e-21
-1.761276728734055845e-21
-2.150244575950279246e-21
-1.941906435473019672e-21
-1.947685167626869382e-21
-1.831455331071650458e-21
-1.589737555706611309e-21
-1.333134978427450059e-21
-1.319090638209134747e-21
-1.108763656579954372e-21
-4.601446251564577752e-22
-4.733112024852198319e-22
-4.510878904943583566e-23
2.254833313311303334e-22
9.152576683368809339e-22
9.964825094112739563e-22
1.425211989757140751e-21
1.664457318743779001e-21
1.954269662117082647e-21
2.196149080647870892e-21
2.387828875829730560e-21
2.223534854683201807e-21
2.368550240824990915e-21
2.368058256219058933e-21
1.832423085738942426e-21
1.715366972964684463e-21
1.400963680307534540e-21
1.096487294643525747e-21
5.318939977373196676e-22
6.748020322398291226e-23
-4.192896017690302247e-22
-6.546100719010736108e-22
-1.257813082483689562e-21
-1.764846459445329769e-21
-2.132316254755738217e-21
-2.520946945574318669e-21
-2.283381313753652369e-21
-2.115432629143606287e-21
-1.899741590146083759e-21
-1.912786369892872755e-21
-1.376381139017494773e-21
-7.727942568031634192e-22
-4.824263697379436474e-22
1.948441881299058464e-22
8.943303340960054224e-22
9.175959232741252902e-22
1.507038266201371830e-21
1.435471423003010815e-21
1.953094984590515448e-21
1.680988541244435581e-21
1.470166385981019808e-21
1.272667563411024366e-21
7.942264392939755314e-22
3.615519751000189519e-22
9.869326180646966325e-23
-2.881607201594516630e-22
-6.638832060653780346e-22
-6.999861356123134627e-22
-1.148654018163602346e-21
-1.021922936953768955e-21
-9.621361812887651297e-22
-6.863814825686755337e-22
-8.252358553314112063e-22
-4.223123974970981527e-22
-4.564462016767446138e-22
7.670922412876486523e-23
2.688610422127074222e-22
4.118792585757163934e-22
4.194663284454376810e-22
6.281150766902223620e-22
4.206710429344440614e-22
5.284652443853213770e-22
3.903603349812743952e-22
2.103660724807343101e-22
4.876809983160920738e-22
2.370776207454127442e-22
7.439744939861876729e-23
-3.922182721704886320e-23
-2.291065319609730658e-22
-3.847495777229171466e-22
-4.043083370940311061e-22
-3.629320004018940706e-22
-3.716373979676331090e-22
-1.169799463255535844e-22
-1.917520587036944773e-22
7.697091032155703336e-24
1.578026671113902100e-22
1.241592857862553187e-22
-2.046299591945244198e-22
3.630133852366637500e-23
1.512463772729209298e-22
1.126341191915418483e-22
2.485575086422287011e-22
2.389918786096322445e-22
-6.378348796079445563e-24
-1.328059830685542548e-23
-6.170983441560598504e-23
1.801401012052193030e-22
2.349642109428399255e-23
1.421745130622256647e-22
-2.674306162714341864e-22
-2.685344291809597075e-22
-5.482167739197373706e-23
-1.651197594580759393e-22
-4.390458247826971226e-23
-6.784767299927605499e-23
1.199522816272482191e-22
-2.350485151635007898e-22
4.467781189153377570e-23
-5.678686446599814783e-23
1.505701600074940475e-22
1.674094256589911120e-22
6.274115595434810230e-23
1.082888297999049750e-22
6.573691944287258898e-23
1.605030299380441778e-22
-4.467234227508644320e-23
-1.315030694796065608e-22
1.283171972967076804e-22
-1.085594957050082132e-22
1.409639050989892959e-22
-1.721368989819177076e-23
-4.557975796711700227e-23
-2.014330171976326350e-22
-1.648078403981647897e-22
1.672213514963895881e-22
1.228892377120768410e-22
5.052608384451452292e-23
-5.344542431293325689e-23
-6.143379375594928235e-23
1.036252170155709328e-22
1.536962870509167953e-22
3.062461651386987454e-23
-5.725301811178001940e-23
-3.176486486941885832e-23
-2.994614894768445803e-23
-2.357417002060207870e-22
-2.230466824536047659e-22
1.013610723397225285e-22
7.906885877964386402e-24
-1.477753703510042289e-22
1.524358112929983747e-22
5.932444126754274482e-23
9.032859610534947760e-23
2.233598091513198206e-23
-6.276458922937821478e-24
-2.194878868549572820e-24
7.467690385656228482e-23
3.049547471807808099e-23
-6.651022511798756999e-23
-4.034219442438053770e-23
-3.313857601867422163e-22
-9.549903045159136349e-23
2.349808876649200399e-22
3.452511623701749653e-23
1.148579057314539325e-22
-9.933869966934769275e-23
1.656715980964837802e-22
-2.009682667036663582e-22
9.596767182964984957e-24
-7.533156566094496848e-23
1.664816315254175765e-23
-1.248510858764832992e-22
2.299247828137234940e-22
-1.302943684689122460e-22
2.474108007941498481e-22
-5.991696450034021092e-23
-4.387332014121803762e-23
4.518885887981958412e-23
-8.032110085468478492e-23
-1.323927489775144481e-22
2.796416241551138866e-22
-1.639814356821766444e-22
1.669443803137296950e-22
-1.113587600338377647e-22
1.496778093788106910e-22
1.086796970057965826e-23
1.096662809317559516e-22
2.681097465131996349e-23
-6.852461885384947277e-23
1.612036661484121907e-22
-3.625230974723435291e-23
1.177213908500960734e-22
9.320611647855799352e-25
-3.223519486661577159e-24
4.579590341983378319e-24
1.373340037142807031e-22
-1.278978201178282452e-22
2.496676851977713168e-22
-2.601994772586032543e-22
2.002124234762072342e-22
-5.929710085684972300e-23
5.849386408357499985e-23
-1.614275250385538907e-22
-2.275586156807945262e-22
-3.031072385875566806e-23
-2.969875650514786657e-22
6.214311278590799852e-23
-2.180118935838780482e-23
-9.441122716575412997e-23
3.821997754432190179e-23
9.445336584361887971e-23
-1.716643020485184867e-22
1.302510640925774014e-22
-1.365412001927906805e-22
3.046006315471951386e-23
-1.078829456494143625e-23
-1.755472125224478656e-22
-8.377583273847182937e-24
2.500670135147402520e-23
-2.203798473044910063e-22
5.069721667706383343e-23
-5.883778493862221689e-23
-1.083857847167330968e-22
-2.909425925665430334e-23
-6.012212900673110664e-23
1.864506638357234066e-22
-5.037542272118093714e-23
1.420927531709374509e-22
7.075905946955054526e-23
-6.793410095032604027e-23
-6.689153096205671809e-23
1.312244194706366441e-22
1.688360715093937008e-22
-3.246617149646354554e-23
3.844504720677064676e-22
-6.161136856270724562e-23
2.269336529307761260e-22
-4.050382283462010968e-23
3.436276572968373251e-22
8.881400172936852600e-23
-1.272516545476115115e-22
3.441022569669546620e-22
-4.800561279489037265e-23
6.584885293001130291e-23
2.256830528046879870e-22
-2.015598135717530041e-22
-2.325285284007902024e-22
2.228860709539653203e-22
-1.636504047085897121e-22
-9.128457449663931226e-23
-8.849495799444967231e-23
4.749333036324215904e-23
-6.650770642360960614e-24
-2.047004593354519273e-22
-2.745419880494072131e-22
-8.044236247126142972e-23
4.545663345755772084e-23
1.689004622632433084e-22
1.186422474946953639e-23
-1.339979253852792022e-22
7.309575839142362311e-23
-2.393117592369236205e-22
-5.307508588373334620e-23
-4.528893631303984932e-24
-2.387183385749939098e-22
1.078126186050157788e-22
-9.155900660682808682e-23
-3.094433865575931815e-23
3.301030430082760468e-23
-1.273840380827834132e-22
-6.488494084348452625e-23
-8.401932009524606529e-24
7.363000141950585717e-23
1.463260698849869818e-22
2.184537860283230367e-23
-9.164918249466242014e-23
-1.267817657791014520e-23
-1.921473860844144051e-22
1.155770706468078988e-22
-1.414915680406795947e-22
1.747950949829070890e-22
1.024379985391331475e-22
-4.241888738750183437e-23
-7.550961094946084545e-23
1.782434344906327979e-22
1.266949321286541891e-24
-1.666159056131797905e-22
-9.079230102254402981e-23
2.098499464895340499e-22
1.893257604406614038e-23
2.993563634423389974e-22
-1.018257132639098674e-22
3.257555185998590748e-22
2.350805761109917504e-22
1.269887827916664994e-22
-4.319801407840106322e-23
1.258478659032031173e-22
-4.656630098360766165e-23
-1.152045198649666803e-22
5.873137428684132991e-23
8.678718471394002080e-24
-4.215875242523927708e-23
-5.872177571309634688e-23
2.440365318426630763e-23
-8.844013417976426883e-23
1.889053470699681215e-23
-1.045672591699788787e-23
-1.092108025846201013e-22
-1.800127250116358413e-22
-1.331836103455851090e-22
9.058854547688326618e-23
1.119755583834599567e-22
6.488658165230416669e-23
-8.231148164900575120e-23
1.068068128924885219e-23
8.173140649559162900e-23
-1.102084000874688563e-22
-1.334106259889095490e-22
-8.397487327430547264e-23
7.367301828575324923e-23
-1.549273047616272364e-22
4.444698632742707774e-23
1.973599955167019292e-22
1.230480630705735773e-22
-2.353227388644389009e-22
-2.763751327927580880e-22
9.458580661750699297e-23
-2.111691110098093869e-22
3.110384834853945295e-22
-1.183042579957262035e-22
-1.251444086085509721e-22
9.649958965316572173e-24
1.712670750426704012e-22
-1.422548116606568332e-22
7.464499319605797810e-23
-1.283202499685015419e-22
-6.050450973284607341e-23
-2.102473615323185508e-22
2.586071053758344261e-22
-5.783474817061522337e-23
-1.224488193283304386e-22
1.336398488079836467e-22
8.418852721612209286e-23
1.325347525304240557e-22
-2.443919199634743363e-24
2.071876011599439065e-22
-5.507171494597235596e-23
1.132759581587007925e-22
-6.886217242940766649e-23
-5.503038272588416142e-23
3.580192900409259090e-22
-1.638599360692420549e-22
2.531058307357227707e-23
1.237341194327425658e-22
-9.195425796255059236e-23
9.957294524185840652e-23
-4.009970489916351230e-23
2.113832730178294497e-22
1.532593536803295364e-22
-4.914967071952748726e-23
5.767330368777193796e-23
-1.635696948941076791e-22
-7.642093552090289940e-23
-1.289754279626418242e-22
-3.751662647887595696e-23
-1.127600215293783840e-22
-7.224298906736557913e-23
-1.449785837327266199e-22
-1.034599099100791298e-22
-1.241286716355874987e-22
2.057491933001539494e-22
-8.313139748817958593e-23
1.917455039913393049e-22
-1.398246400445656912e-22
-1.140787646907799087e-22
-1.108346500589052907e-22
3.061457721054794095e-22
-7.952917937640144345e-23
-9.413077327214316565e-23
3.661666677914563213e-23
-5.303194891961926246e-23
6.801920835579263244e-23
9.336158561110419927e-23
-2.133189598741438540e-22
5.954686934434889183e-23
-1.638585663912957031e-23
2.675327800738635883e-22
-2.876247558924941155e-23
2.403069610299407773e-22
1.426662878284971843e-22
8.042175629149048332e-23
-8.853671528080994203e-23
6.842679404387665928e-23
-1.155170419141741624e-22
8.604154393189506840e-23
5.833550127411701696e-23
2.372334433833181857e-23
-2.003000547675516025e-22
-3.223509738396922674e-24
2.331659557791037663e-24
-2.319689276595963371e-22
2.686614282179537834e-23
4.676522142304279393e-24
-1.296760793906451171e-22
-5.204325247363315040e-23
8.141598602983625347e-23
7.954651405532498141e-23
1.241454461623293978e-22
-2.236224079336005182e-22
-1.622941828302592813e-22
5.914369279149267005e-23
-1.253156734734797284e-22
7.647567389969614349e-23
-6.963650884397755876e-23
-1.971769046701815526e-22
2.642860642115946676e-23
4.660946927636938137e-23
1.552460771360111334e-22
1.251723928707171351e-23
9.237063776305708063e-23
-1.346626481533853791e-23
-1.080091665677200449e-22
2.550007927058671380e-24
1.196562879423181219e-22
5.292757103244650667e-23
-7.055096482971008511e-23
2.708254511910177124e-23
-2.898091902216821593e-23
2.467002034358559906e-22
-1.322655655375096613e-22
7.433288787593545901e-23
1.088835581967755074e-22
-1.538664016983368466e-22
1.112168699868791986e-22
-1.695334656752043349e-22
-1.411181464787914841e-22
2.071049119464278340e-22
1.065649458650953029e-22
-4.616835328973917990e-23
-7.644497510013963548e-24
6.939347184330338959e-23
1.751866082128914145e-22
-2.853944374748832129e-23
4.557230786169608572e-23
1.333630763138997259e-22
-2.065615541321306780e-22
2.147944071254559008e-22
2.504807191201328352e-22
-2.702537686768314921e-24
-1.977306769543999414e-22
-6.956809042130783145e-23
-6.885080394563633193e-24
3.565919441021249479e-23
-1.586220288121866430e-22
-1.300253461969595494e-22
-8.250057864970470983e-23
1.572862300520239740e-22
-1.968868052846629615e-22
-1.928213407306901902e-22
1.572199900271002581e-22
5.304553743882102976e-23
-8.530607424013120640e-23
5.390573144706415527e-23
5.634692392066786812e-23
-2.126043045240813286e-23
-1.382424455359500310e-24
-2.132354364187399967e-22
-7.852850880410867886e-23
-4.407276885219610226e-23
-2.440684073577710575e-22
5.866884468970089481e-23
-1.337787183765242089e-22
1.401259089571425535e-23
1.816721507257673430e-23
1.394471554746002410e-22
-4.552566761911300927e-25
-2.686470116379646129e-23
2.777411360373607045e-23
8.482003442263060974e-24
5.563769262163491847e-23
-2.271966575227576833e-22
2.247868425530876396e-22
2.273362339787856006e-23
1.673857601823591858e-22
6.819613836936039500e-23
1.195419927363206264e-22
3.046770759341380442e-22
-2.900124964637704944e-23
1.633564977430478956e-23
2.753898331521395329e-22
-9.311292451029129841e-23
-2.962722378688795778e-23
-2.569216442408135358e-22
2.421376316562184170e-23
-6.144518843391276578e-23
9.242685204512684297e-23
3.835802744678381936e-23
-2.153365164393794048e-23
2.566620744400525696e-23
1.266829556794027271e-22
-2.753883766166425550e-22
8.051683486609458280e-23
-1.582420902060045174e-22
5.589024380790719183e-23
-5.941077785725428254e-23
-3.330345722147524764e-23
-1.849558866402222499e-22
1.120999229937589806e-22
7.950139194805012686e-23
3.471474629187024311e-23
-6.235181485795513550e-23
-5.327479495681309619e-23
-3.199345454056216458e-22
1.376645152922473709e-22
-1.169945175818631540e-22
7.008225763905722148e-23
1.948411242898564846e-23
1.818594672752009654e-22
2.420997099107677097e-23
2.862850558244449745e-22
-3.889358774137816788e-24
2.050883093501540997e-22
8.460057631040385808e-24
-4.832365047054716784e-23
-3.918400669708385030e-22
2.241448208484502106e-22
5.081216057877001158e-23
9.556379642324490056e-23
-1.844516146842778605e-22
-9.795887496847727985e-23
-1.247339826786355825e-22
9.325969866268496679e-24
-1.342648653686755698e-22
7.087711065027954644e-24
2.328674598797523328e-24
8.528108818299665192e-23
-7.679682994779277346e-23
-5.699074630451299280e-23
1.848570708303646073e-22
4.888334884985814346e-23
-6.727274811351568750e-23
5.753263245397347998e-23
-3.017514945785198233e-22
-1.079622950148048104e-22
-3.200842788629196144e-24
-3.509482276432581243e-23
1.006085287306260006e-22
9.192560562201682236e-23
-1.195255178581633620e-22
7.134077485343479839e-24
1.244197040469714758e-22
1.587820301488548635e-22
-6.079895380433780369e-23
-1.872427958976968065e-22
-6.051831227843519367e-24
9.116827711855296949e-23
1.453071162924800152e-22
7.876206295797572643e-23
-2.034860780160532091e-22
1.388513204855816897e-22
-5.256243558418326425e-23
8.893231950778315183e-23
2.511925850348307461e-22
6.687806564594582895e-23
-5.871860859768296904e-23
-6.949137902824230443e-23
-1.598532198078756434e-22
1.302360233721522577e-22
2.380274663774454620e-23
2.067569226676408772e-22
2.127686811657846463e-23
-1.526479777991672418e-22
-9.358424290247727717e-23
-1.560885209731224607e-22
1.435458991661550989e-22
-2.742742378806364148e-23
1.212192356135057066e-22
5.316908256062445153e-23
-1.646595769181249146e-22
-1.627231268436696293e-23
5.665905396425741880e-23
1.576088038967094237e-22
-1.038486390429770608e-22
1.144060172980661661e-22
-1.035508905282286711e-22
1.552986172080498409e-22
1.327590354747175405e-23
-9.804089748146690186e-23
-2.257582001811044596e-22
1.435751155417369400e-22
-2.480418589758816698e-23
-2.115891119555784455e-22
1.546191877780980363e-22
7.006497864204633580e-23
-9.371631770232150782e-23
5.645000125830630488e-23
-2.159141529503961182e-22
-3.032195287260068044e-22
-3.786179374228577524e-23
1.128897335173116031e-22
-9.180103568805233724e-23
-2.334203284103909793e-23
-8.471759117855539935e-23
2.448713053650687861e-22
-7.893693957304131405e-23
1.876673298687712416e-23
-3.246778029054653484e-23
-1.985460952765630356e-23
-1.669043680771995212e-22
-7.545629520837114266e-23
4.319957154196593591e-23
1.158005156756857951e-23
1.427866211842480385e-22
2.839401802763779968e-22
-7.500879059950300110e-23
1.263652903771597957e-22
-4.236430735602408465e-24
4.286304463404427350e-23
8.825626906685168392e-23
9.809926392796525522e-23
-1.777605033892364882e-22
1.234365659803743653e-23
1.894051616335373825e-22
-6.954528481113758409e-23
2.068032893863153180e-22
1.337743980378639175e-23
-3.487118375855069613e-23
-3.517072288490063134e-23
-4.561855392639181615e-23
-6.079841094404572479e-23
-4.054425571659563293e-23
2.912229155129998587e-23
-2.095120939142412515e-23
-7.546033218585235070e-23
1.902563157250000105e-22
-7.772358372116879613e-23
4.763572761964620935e-23
-1.857668123213592011e-22
1.210692663803227930e-22
3.611278852989324172e-23
1.105132971350709544e-22
-2.075548064482546694e-23
-7.219855768745331699e-23
-6.600532657112582780e-23
-1.656217642357693344e-22
1.814390652177213146e-22
-8.830556175299166588e-24
7.289923112222046235e-23
-6.917993181469408230e-23
3.711588316818555207e-25
7.266691894530332295e-24
1.032869861007917575e-22
3.213560179570204428e-23
-3.015681027581604826e-23
9.081753378561484429e-23
-3.967393808991820169e-23
1.209445012436788713e-22
-3.956794272625051991e-22
-1.133589415771624161e-22
-1.900734356025753690e-22
-3.635120005081556086e-22
-1.012120868200843304e-22
-2.490728913682622100e-22
1.645503588311221434e-22
1.580573100377699377e-23
2.458390219623344480e-23
2.374046110455063260e-22
1.881502594440189744e-22
9.701638564964013113e-23
4.330778895154104867e-23
1.105668712305595627e-22
1.076960560877750086e-22
2.624343905380702908e-22
3.365949066226647898e-23
3.118063543001827346e-23
1.743901124558538828e-22
-1.601529876954186970e-22
-1.700794674073559387e-22
-6.697481906410679253e-23
-2.497527987822454521e-23
-2.755391364110714191e-23
-9.761970250714314467e-23
-1.488814398052553202e-22
6.175679088774701858e-25
6.887416665369247723e-23
5.709584141437804490e-23
-1.205589659980684485e-22
1.054868596109717704e-22
1.679637119447289055e-22
-1.723369617313944951e-22
3.946505321758571095e-23
5.516501884191946729e-23
-5.573706169496718512e-23
-5.210170678709493929e-23
2.380382203280773683e-22
-1.816737487429460773e-22
-5.075156463380077723e-24
-2.602457678008999810e-24
3.862002992216338059e-23
1.103364838329314312e-22
-1.045609627643162667e-22
1.906834210027009841e-22
-5.045163017809575600e-23
9.217203946785985260e-23
1.321723957173464492e-22
-1.941488506931448565e-22
8.861226485916016276e-23
-3.888258359946740586e-23
-2.153234318773055243e-22
-8.737970062915897547e-23
-1.093537177794311539e-22
-7.796250933857487767e-23
2.019656142384372676e-22
1.639337637573583449e-22
8.551286574245996872e-23
1.631782323995455274e-23
5.249727782834947615e-23
1.018043680694834292e-22
-4.722439530963335886e-23
-1.631903117090823187e-23
9.020053605984778217e-23
-3.618069975546450138e-23
4.676307594783107477e-23
-2.972537640168863975e-22
1.187846915450913983e-22
5.420044773079019601e-23
-7.062522160342354307e-23
-5.379905636467392993e-23
-1.698214761836747975e-23
-3.212991146013516759e-22
-1.434972075731350656e-22
-8.690925088131357366e-23
-8.860499031227142804e-23
-1.115879648585112727e-22
2.116963516661094309e-22
3.078821846969123692e-23
3.385874724578806219e-23
1.524680781020088312e-22
-1.408255620055406906e-22
2.475800208329553464e-23
1.132654405430596401e-22
-1.651202954288260263e-22
-7.476731484040561759e-23
-2.893201056168290733e-23
4.383496131395129092e-23
9.861636751045368608e-23
1.505947990970527139e-22
-6.501837514130458791e-23
7.323389523882149405e-23
3.537307303312027774e-23
8.962727935602250710e-23
1.113806968497353641e-22
4.071541629201812674e-23
1.518172881802682067e-22
-1.620615705665484476e-22
4.562240776005586460e-23
4.536017118587941652e-23
-4.306086098624541963e-23
3.596328323614934309e-23
1.064752758061582747e-22
-7.143993077929719085e-23
2.886809188927981949e-22
-2.545270352182958763e-22
8.750146750019742419e-23
3.309837101190436373e-23
-2.420915382948592720e-22
1.453122676050346480e-22
-1.693603205440441737e-22
5.258436256553348385e-23
-8.686183381032494125e-24
2.834145307044334985e-23
7.333347016614128828e-23
1.501804609934956107e-23
1.122020051085187818e-23
-1.684488350925586448e-22
-4.768250455485731377e-23
2.639301008779691700e-22
1.362447575411822026e-23
3.987381726649737705e-23
-8.046260058565370458e-23
-2.384010986643176053e-22
-1.440647987031561478e-22
-1.551689899599898656e-22
1.527632417564316773e-22
2.312507169869348799e-22
-1.686021896862325169e-22
1.540961539103606585e-22
-1.197974659205957496e-22
-1.253585705207125975e-22
-3.033383226912921817e-22
-1.193469885302825941e-22
8.981606789901356344e-23
-1.324032927010558374e-22
2.076690771791846515e-22
1.119665025462216434e-22
1.268351347996854996e-22
-1.276077243096402899e-22
-1.077044720453015100e-22
-3.045415108211883920e-23
-6.788495765892338776e-24
2.753842486862059410e-22
-3.371845141522663318e-23
2.369718706520224958e-22
-9.147767462689219367e-23
1.298556613764359178e-22
-6.926356533913016980e-23
1.098474552605813648e-22
-7.319696943140490401e-23
6.306268402295220221e-24
-2.910412581624281727e-22
-7.977535927533710403e-23
1.368066698218445904e-22
1.293323020191272459e-22
-8.919447154532135945e-23
-2.114354990506881464e-24
1.748148846151667136e-22
5.329175554225601140e-23
-1.359432984281642371e-23
5.932278084365028002e-23
-7.220249883180306107e-23
1.336275895442671426e-22
-7.588580372113190409e-23
-1.794129335433367965e-23
-8.554278940452035932e-23
1.276360512397399138e-22
-3.471013769976279970e-23
5.702142167749806799e-23
1.451247712905178757e-22
-1.527554221459114465e-22
1.308532078187644195e-22
-2.775946520073315574e-22
-8.706209444028154113e-24
1.782064005974789750e-22
-7.728441052786597152e-23
1.853067703722950946e-22
-7.215395714960663454e-23
-1.126808365656505501e-22
-1.101786955815611362e-22
2.125112943274182334e-22
-1.906599596816006319e-22
-1.726102796154449517e-22
-5.557128078878471786e-23
2.008887199966776735e-23
1.124042196295773219e-22
2.423101744981286518e-23
-1.729992834974153661e-24
2.226739995560146687e-22
-1.482562161973738129e-22
2.704012897309880927e-23
5.615958695424868499e-23
-1.046791287323482641e-22
-6.028509489698593825e-23
-6.258835147686432790e-23
-3.854812695185382364e-23
-9.682981439605303412e-23
-1.924149245439413662e-22
5.440852128643276216e-23
1.033342134758747041e-22
9.871862784420022094e-23
-1.416764278641789631e-22
4.475434577447679310e-23
2.893101096678535030e-22
-7.688851700431620748e-23
7.820793405524124450e-24
1.889708022120053079e-22
-3.188740595635121379e-22
5.820498231080911499e-23
1.603762587178514173e-22
-4.292202813570299250e-23
3.943941239763944790e-23
-1.600857788656010720e-22
-4.005413272550844598e-23
1.410289039965372342e-22
7.150173165297612018e-23
-3.843195257958238319e-24
-8.496759704962918863e-23
9.051233858763665108e-23
1.654732351657713026e-22
-2.320341150488073737e-23
-6.615351931112539512e-23
1.566476711026124418e-22
-1.549354666564466094e-22
2.575215986214823681e-22
-3.017743537601079638e-22
9.761545650356931948e-23
-1.069257836147084423e-22
-9.385487092850058348e-23
-2.121365169761085122e-22
3.491185227916462884e-23
-5.077974230138929430e-23
4.752736806710908634e-23
1.632751327731766215e-22
-2.375635873442757327e-22
1.494022700264608569e-23
1.525849990875431182e-22
-1.234221010661727440e-22
6.800471939688106615e-23
1.259856096380666351e-22
9.323081633493725989e-23
1.111785891792511661e-22
1.336310488549701785e-22
-7.346212731590619464e-23
1.511525920841417568e-22
-1.179275352979953267e-22
-1.175248795366862884e-22
1.060159721020031157e-22
-1.364477195582639590e-22
-1.470117779268966971e-22
5.182443660390273349e-23
-1.648661369156765332e-23
1.105292448236049208e-22
7.274045090357130323e-23
-8.926435209284139261e-23
-8.851088367075966197e-23
4.687704751968944487e-23
4.682706242732507943e-23
-2.269316889753445967e-22
3.763266306561372945e-23
2.325383443856458857e-22
6.768764515170427632e-23
9.041592109412992783e-23
-1.436626150058719531e-22
-2.702991599978485130e-23
-1.599649270426112938e-22
1.103983177656041773e-22
-7.993044805761629147e-25
-1.504314175075449473e-22
-6.995563975562958385e-23
2.059013694407788066e-23
-2.668800358508125509e-22
7.634165786290313648e-23
-1.842183832530211254e-22
4.471662359915248553e-23
-9.382073290641504002e-23
5.631293665366096181e-23
8.177386042245926617e-23
1.370912677976692876e-22
1.841148919446065046e-22
8.730307000295808704e-23
1.057414532573065174e-23
3.383060722551345656e-23
-9.501415331326131558e-23
1.451218371046835801e-23
-1.499482235440734928e-23
-1.229371700960706952e-22
2.830483161929610381e-22
-1.305501728329330719e-22
8.840156497471409548e-23
3.616883034789132433e-23
3.934877901891604901e-23
-3.339893977934726044e-23
-4.207118271480476198e-23
9.724425816616090622e-23
5.725161740860462758e-23
-8.413540340989019355e-23
-1.596317298615164324e-22
3.565523949621427554e-22
4.447306786291745490e-23
-2.918693207821046366e-23
-1.135021869807257139e-22
-1.120825010434132508e-22
1.016848023704029916e-22
-2.580357290525889319e-22
-2.248011718902318440e-23
4.506100246570626474e-23
-1.397452095522441190e-22
-8.718846213924672090e-23
1.323454238104960418e-22
-2.771278125609860081e-23
-1.817833695632457397e-22
1.267431089226704978e-22
2.803878191226552618e-22
1.985540785086825452e-22
-3.748044507675365846e-24
-1.659883894476939063e-22
-2.943906559863949036e-23
8.951686351385820934e-23
-4.402086081940776231e-23
-1.456887494172537256e-22
-8.500760221947784808e-23
1.070797374714614718e-22
-2.483953936362947701e-24
-2.961856698091782527e-23
6.835461900619711279e-23
1.484486849831744973e-22
4.154533596110027675e-23
8.276060226944760961e-23
-1.535888178211028605e-22
-6.181394587136404144e-23
2.392971364369844627e-23
-3.042514080666532798e-22
-3.070825729830657375e-23
-1.156099058101515580e-22
8.089839657057589333e-23
-9.285060978799654311e-23
-1.282262357353293808e-22
2.002007174323829490e-22
-1.907787608005299139e-22
-4.767685822385314978e-24
-2.673327017703059359e-23
-7.843997276417147049e-23
-8.233788796497709779e-23
4.107401617646621469e-22
5.588433536193997799e-23
2.028474223259291860e-22
-3.465344246557848355e-23
-2.006981967632507617e-24
1.014407807494086815e-22
1.495240466572245305e-23
2.304100581914006412e-22
-5.073097689032806388e-23
-5.737852279420447953e-24
1.244392079611736185e-22
3.976917457746784173e-23
8.391685813418487166e-23
-1.537602277578479165e-22
-7.820394716934535790e-23
-2.821551099153272803e-22
3.813844894117300052e-23
7.010428641347416218e-23
-7.169285718596430078e-23
-1.839989104523249204e-22
-4.982292831037218354e-23
-4.682296406540368130e-23
-5.211983992155785912e-23
-4.153817222405454738e-23
3.037410775688036174e-22
-8.650204807469274726e-23
4.905783850965631167e-23
8.321509812750795142e-23
1.564090555619728020e-23
-5.539833474304599940e-23
1.528863540351182936e-22
1.874586400625954272e-22
-1.621696827062730297e-22
-1.306719777453037857e-22
-1.683278160159938225e-22
2.459952140772960463e-23
-2.412300148833026533e-23
2.123887302777999936e-23
1.181022150903953674e-22
1.674530599613451267e-22
-1.116277941428397109e-22
1.610133409202514279e-22
9.174289943587731831e-23
-1.052481429360569362e-22
2.121450337604707691e-22
-1.015576211133645064e-22
-1.809470702508078634e-23
1.414111297419236454e-22
-2.756687435293052209e-22
-1.094978360571705885e-22
-2.675916897498993657e-22
-8.836181920528955647e-23
4.838370964192749496e-23
-1.617779768226308224e-23
1.011571371475530106e-22
-4.430069403008585790e-23
1.455508688368388225e-22
-8.395185174385112466e-23
3.165792939985844327e-23
-1.865009135910929666e-22
-3.609648090057518391e-23
-9.546887823545492207e-23
1.458657991136279777e-22
5.551772023767573084e-23
6.313626102260894937e-23
1.852907850806932179e-22
1.420583478372090942e-23
-5.158713572561322349e-23
-1.749211022181263571e-22
-3.078106771092479943e-23
-1.831252077620952963e-22
1.023966155349477211e-22
-2.467425737565171898e-22
1.613366802642746100e-22
-9.895737740195889230e-24
-1.439076676092318393e-23
1.501413584633931928e-22
1.770497281396060806e-22
-4.834975181166456289e-24
1.697249408255229711e-22
8.585978995680201943e-23
1.069485408266652735e-22
1.680921376724772303e-24
7.807555542101218950e-23
-1.067606910609733013e-22
1.143814886355567059e-23
5.868258303010506325e-23
1.678344811642657580e-22
6.101024832400040281e-23
-1.566202736257348283e-23
1.855657164786128535e-22
4.044429985134243671e-23
2.526622738971171774e-23
-1.084810487872739124e-22
-8.591390342021824838e-23
1.249727177884997582e-22
-2.474410299061864820e-22
-6.142097116533666394e-23
-1.965296345874865943e-22
3.961904020239350867e-23
-3.135853894251497279e-22
-2.381444853515807034e-22
1.505069228917543899e-22
-1.245358520739487974e-22
1.519993731434873203e-22
-7.080254779963563090e-23
4.806500302716253585e-24
-6.867232705266146128e-23
-6.978572843675119645e-23
1.788100506590816013e-24
-1.074204737993885758e-22
-2.314620192494703756e-22
1.871978081005148596e-22
9.606834630830044471e-23
-9.439287086104256883e-23
-1.337621799931674846e-22
5.802219074450334817e-23
1.330962698984335783e-22
-1.019829223884869196e-22
8.467811903010066402e-23
-9.071802179370946422e-23
9.039027128132106162e-23
3.722032985215731284e-23
9.215398625119597734e-23
2.567136999534186547e-23
2.088664699384194187e-24
1.515251995997421021e-22
-1.312454771009268931e-22
8.484064968695901932e-23
2.164256116101590812e-22
6.776611098487967453e-23
6.958326039491765815e-23
4.115488162042226001e-23
9.921802627951260727e-23
-4.903006303009691983e-23
1.990195463089407014e-22
4.918961615257535409e-23
1.504791955965352340e-23
-4.154379174032404685e-26
8.870196516227358222e-23
-1.726152548930969064e-23
-2.030077909911703062e-24
5.223645843350623768e-23
8.080981031978731878e-23
-3.029317032853832180e-22
3.347785300313577077e-23
9.061101085713326352e-23
3.429975573949732574e-23
-2.559905208456462745e-22
2.525608834432899414e-23
-7.772454964934010325e-23
-1.132098651927641784e-23
7.949669112071428770e-24
-1.183584435567117835e-22
-2.951307535501472130e-22
-1.128116183393041106e-22
-1.933531860064162537e-23
-4.196191405039623285e-23
-2.843751716248004177e-22
1.077828992341524697e-22
1.235198505152784634e-22
-1.160194656111722804e-22
9.465988028787159455e-23
-7.279239260640505186e-23
-3.387207493872215333e-23
-6.911065595775973502e-23
3.277145551600608687e-23
1.170223718625558066e-22
8.150755660679876682e-23
-1.301841850697201060e-22
-4.171600132728272448e-23
8.053395596910939056e-23
7.189132770021865644e-23
2.436316104192247184e-22
2.041363909878017533e-22
-2.145675273904501270e-22
-2.426755204280576182e-24
1.871271650747754708e-22
1.422191189805985042e-22
2.345030453298050295e-23
-5.824282488019981132e-23
1.686306721272965638e-24
-2.213658842136238665e-22
1.045459574029279396e-22
1.707117349112293558e-22
-4.324033829324775911e-23
-6.378490412944558049e-23
9.549837928537353980e-23
-1.282697086050468206e-22
-1.980128630909782322e-22
2.091059022757036186e-22
1.427357719849460359e-22
-9.386996543909233975e-23
2.353050876587710517e-23
-1.808273006393740415e-22
2.575331279338015090e-22
2.445955869427113716e-22
1.366691546243299094e-22
-2.582151688675331919e-22
-4.906079029900294970e-23
-1.281647785837513947e-22
-1.024753480248493113e-22
-1.972130475887755494e-23
-1.743612561452988507e-22
8.162046318384406687e-23
-2.592562916253618771e-22
1.084795428837618005e-22
7.735160163762928239e-23
-1.446851630987019886e-22
2.044818651288467923e-22
-6.036173178952239762e-23
7.105502143662496380e-23
1.826790180856868551e-22
-8.783118999529006108e-23
9.005198997982787835e-23
-3.912796613878476379e-22
1.703767707365289641e-22
-5.205984191816447278e-23
-1.177695843106537116e-22
1.493417278569160137e-22
-4.970248809394224967e-23
-1.138278169623158232e-22
1.255865861455735685e-22
-7.991982796639669666e-24
-8.812983502895351663e-23
1.034067050848805251e-22
7.726567527936128118e-23
8.806673312545037997e-23
-1.383572705904080020e-22
1.484265531776618897e-22
8.703258814821201167e-24
-1.126921699052853953e-22
1.447536584077959428e-22
-1.773541641878788175e-22
1.260446115227231644e-22
-3.172726256883134391e-23
7.469984343908423677e-24
-3.529265117586997163e-23
3.228476253087234148e-23
-1.655529541263256551e-23
-3.004599611893709033e-23
1.212942410533590213e-22
5.161797683341381178e-24
8.939039525579782393e-23
2.469644487179680068e-23
-5.645230709163443118e-23
-3.689827677777577719e-24
-2.931913968339456459e-22
1.585969488289314223e-22
-1.673575729029821015e-22
8.649842315082608510e-24
-1.014725050004738334e-22
1.265273042303428290e-22
1.383623014532878107e-23
-1.473973692062912402e-22
-1.062262790442116469e-22
-5.849410134597407902e-23
1.941403232081502250e-22
-8.915781755806157905e-25
-3.182579229784147481e-23
1.560498912424443085e-22
2.046778104344339364e-22
7.016785155959475902e-23
-1.300410985791256855e-22
-1.193472922460047079e-22
9.401657184647575532e-23
-4.193805691779621134e-23
1.178264579951322744e-22
5.037759635558477873e-23
-1.261889957289834178e-22
2.214392018654072532e-22
5.885308392590871817e-23
-1.166981396340692030e-22
2.202097519062007740e-23
-1.761924469856747340e-22
1.821648857202908189e-22
-1.277528254742982632e-22
-9.261179904538276335e-23
-5.639399375874129792e-23
2.242563037502925562e-22
9.410434943475935813e-23
1.415824060757932208e-22
6.744184479313435561e-23
-1.456798821082617758e-22
-1.638121617004495599e-22
3.534045549460561591e-23
-3.496065803660691752e-22
8.409023908333430486e-23
7.260539717730263191e-23
-7.548685953588291310e-23
-7.068790466932525586e-23
-3.716885558297291036e-24
-7.202407117591892657e-23
-9.372968204080822290e-23
5.428923962854472181e-23
-1.943336811498492939e-23
7.939595378844850371e-23
2.764663923582256314e-22
-1.350214283086454773e-22
2.709098657682916325e-22
-2.509469011148737648e-22
5.396120546607424950e-23
2.753941876451540248e-23
-1.849964947509626178e-22
1.539524834467307555e-23
-1.847535738836477455e-22
2.726250958499504706e-22
-3.765275685083725426e-23
-6.731771855124203443e-23
-2.755143610785346533e-22
7.228193172812497976e-23
2.275620741210281614e-23
-3.110930053803594560e-23
-7.456730855374116400e-23
8.825056676549571964e-23
-7.229911342614531360e-23
2.317837958396147134e-22
1.043605027392142412e-22
-4.436653018990562049e-23
1.442884488587367986e-23
2.996955546234170607e-22
8.799602922418104985e-24
-1.449386203681277615e-22
3.099253282945076630e-22
-4.044304362144357945e-23
1.571164564981864854e-22
-2.311090511389447244e-22
4.823169197421208040e-23
1.349411400535351686e-23
8.558226646765405122e-23
-1.629561179110047776e-22
1.881217512576839302e-22
-1.558763367344138131e-23
-2.167925866543396738e-22
-6.612156109665534394e-23
1.046981580972125813e-22
-2.182248425644958540e-22
1.150214423258007135e-23
-2.003695565653432904e-22
6.170209916824411524e-23
-8.498083723715464683e-23
9.098357018042427352e-23
-3.528922635838157450e-23
-1.902998693584248874e-22
1.811028905344828308e-22
9.141876714585128121e-25
-1.178094903831732407e-22
2.174200324510146887e-22
1.167899250168992475e-22
1.403152372351628853e-22
5.315017264714800317e-23
-1.179746588178002470e-22
7.859267903259512111e-23
-4.886889766286805610e-24
-1.557805523307523538e-22
-8.534558841681947439e-24
-2.039446901473159806e-23
5.077924483204618452e-23
-2.741615726119993023e-23
-2.200778794934062960e-22
5.727410149684578416e-23
9.712570517076994321e-23
4.098081834429936967e-23
-1.205710873287425541e-22
6.774741525164183058e-23
7.805788535087003305e-23
-7.487764409049830547e-23
-4.026621927645366110e-23
-1.942290359527462850e-22
-2.995736248092019152e-23
1.473983664349641171e-23
-1.071489855405755169e-22
1.511894829739769173e-22
5.756587383469481520e-23
1.640867404111841911e-23
2.365293990301182833e-22
-8.462238674698289001e-23
-2.246727862589392641e-22
-2.410911548616658034e-22
8.553765389977226281e-23
-1.142208572277848193e-23
2.729305288852529552e-22
2.248198796780941315e-22
-1.414922508295272401e-22
-3.928826751108611748e-23
2.978608714133963285e-24
1.572359337934403005e-22
-7.558242283339896506e-23
1.448146021882522081e-22
-1.100362244768772311e-22
-1.622049760550027873e-22
2.502721150050221026e-23
-1.626498929772904232e-22
1.078631406174750325e-23
1.812196658536052596e-22
-1.326424904890245550e-22
-1.555436378933157680e-22
1.216906922890411807e-22
3.326902321822439919e-22
3.928633597842312554e-23
2.482127077799863725e-23
5.028123435900122691e-22
8.675407851263244195e-23
1.599811106066324513e-22
-1.075763778541739653e-22
-3.899776930680003047e-24
1.075505931303941445e-22
-7.580517475497398780e-24
-2.326683906405838316e-22
1.063871058622177036e-22
-4.318985985034763991e-22
-4.830628022863853166e-23
-1.017974517450675278e-22
-1.623536900521588419e-22
1.806570660615235265e-22
-1.748743357374173011e-22
5.200828220639266537e-23
-3.474386191380949195e-22
-2.114840434301957863e-22
-7.318597068471935043e-23
2.376083688875324614e-23
7.423361671588379365e-23
-1.843336095553759282e-22
-5.694154843078456167e-24
3.799488976427800141e-23
4.097929755022868473e-23
-1.474174289184778371e-23
3.630069458288908838e-23
-9.729280735662356211e-23
-9.990680892885119088e-23
1.744165230655543145e-22
-4.856091943552063309e-23
1.790480287219580210e-22
-5.135972914654128729e-23
2.783469840903630844e-22
-8.547857848271522032e-23
2.033517391083138109e-22
-7.611899110171659408e-23
1.271436163600968065e-22
9.658544501467707755e-23
5.124896958630065683e-23
-8.849592066264718167e-23
-3.573219177990257128e-23
2.452355244801314121e-22
1.314936628028036816e-22
3.559793031648112130e-23
-3.813403196989611619e-23
-2.031115145472176536e-22
7.436226775468625781e-23
3.053249417083279518e-24
-2.725821607902855938e-22
3.440220399060345994e-23
-3.112682416628909410e-23
1.316639190635575653e-22
2.173234642005568246e-22
-5.508328859637598981e-24
-2.803795834009464283e-23
9.542555078446110218e-24
5.547591544152356010e-23
1.251017622338663982e-22
-2.117779671879003107e-23
-1.384442724417181479e-22
-3.188097989244056027e-24
-1.491119429485915011e-22
-1.169229736297395920e-23
1.782429325912334450e-23
-8.850549626342407724e-23
1.502262043467572169e-22
-1.149919067878272189e-22
2.304835997208635484e-22
-9.846220653670811376e-23
2.111188890606643975e-22
-3.663459354703820800e-24
-2.685525717892040964e-22
-3.209845099132991765e-23
-1.393482800550687633e-23
-2.776610403046880548e-22
1.331311472351650624e-23
-1.394346135642270844e-22
7.580124117550474956e-23
-1.614333126858875228e-22
-1.587784784438095039e-22
-2.465856868695887592e-22
2.074408015287342247e-22
-1.085303391432633809e-23
-1.956808415453254797e-22
-1.847986836531067973e-23
-1.217194623800476494e-23
3.705474817349140318e-22
-4.302722331964788052e-23
-6.066690573934660207e-23
1.756775515484116671e-23
1.029036638023944325e-22
3.061404179866111365e-23
2.527226242585819529e-22
1.335744339315071239e-22
-8.236799369499606232e-23
8.077768614882851095e-23
8.557768983859523832e-23
-7.663667225128292664e-23
8.347799137629805621e-23
4.286468551838504139e-23
-1.733156745089248410e-22
6.778816608107710903e-23
-4.606975251456628495e-23
1.568968449119007616e-22
-3.697784838524132375e-24
1.401476294360104029e-22
1.501824938064185345e-22
-4.140338225685010302e-24
-1.356494865763512243e-22
5.088669026999421314e-24
-7.909738586999061536e-25
-9.915143366087371990e-24
6.301566181569821703e-23
-9.335075360184239584e-23
9.872999435728983587e-23
1.880195091340930260e-22
-3.484797860737336747e-22
2.115032618835869238e-22
-2.139549241127238928e-22
4.365439622509846842e-23
4.954787491092328955e-24
1.005629436675157512e-23
-1.121976516202525614e-22
-1.278910415505811920e-22
-6.793446528002499527e-24
1.430065150336283949e-22
-2.060027778955261827e-22
-7.866166446166623750e-23
-1.664331479101310366e-22
-1.111650536903554099e-22
-2.770961898857807420e-23
-1.419661365598740557e-22
3.058657100392381278e-23
2.197439195172274205e-22
1.783052961068377742e-22
1.973521937038997018e-23
-4.744757681306257144e-23
-1.978637747778923792e-22
1.704501700294353846e-23
8.184861332846235060e-23
1.024232665989665014e-22
6.612426370571200914e-23
1.615053648652547850e-22
-6.865319571632925411e-23
9.930197934292765475e-23
-1.110361794056870039e-22
-1.590639834930548809e-23
2.112580755652510083e-22
-1.249159574128159498e-22
-2.902557355848762638e-23
-5.751008652615367462e-23
-9.134228009208792478e-23
7.988832507073733189e-23
1.692913342401901566e-23
-1.110652206344556519e-22
-2.245087506245618269e-23
5.114105805768786906e-24
8.299278551308720955e-23
-5.944360152437462760e-23
1.675962261535720161e-22
9.376992068823457435e-23
9.110769775802207987e-23
-5.791880055704979085e-23
-7.676393351070508609e-23
-2.278117824031963594e-22
1.593747741172232957e-22
-2.964697112616366951e-23
-1.540219868398298609e-23
-3.032504125150419080e-23
1.289482064480728481e-22
-4.937993367217105737e-23
-1.254847260850381685e-22
-4.901564185951326699e-23
-2.403493665097235268e-23
1.188906466797278779e-22
6.187893334974639914e-24
1.834553281700850169e-22
4.285684800971173524e-24
1.676693556373341346e-22
-1.819217975873461373e-22
1.375251559988184229e-22
2.280470500991284517e-22
-1.309096292209127029e-22
-7.117924506779974434e-23
3.522488471752808017e-23
5.287190325686290971e-23
-1.991911993652665120e-22
6.664683706343608849e-23
-1.561721236156792105e-22
-1.117135870797081409e-22
-1.937976813126686828e-22
1.120344935861986502e-22
1.847672021643211942e-23
1.496932848713411386e-22
-5.373512532616451905e-23
-1.052665350434733811e-22
-2.007016954923291821e-23
-1.580208445295133461e-22
6.199712986002383235e-23
-3.632942256945856959e-23
1.009095673908114006e-22
-4.110457025094494680e-24
1.601855351836240241e-22
-1.659807972506112750e-22
-3.132378408159260306e-22
2.215307856524884356e-22
-1.025821415515180242e-22
1.229441454421479120e-23
-9.076365583983689079e-23
-6.150604846655919347e-24
-4.233011411494363992e-23
3.034464162763842416e-22
1.351045322602944628e-22
1.484772359813423022e-22
1.135811567175179688e-22
-1.188947721104674794e-22
1.866958445551879106e-22
5.432250999672691565e-23
-1.262983589492951609e-22
1.084384797356083773e-22
-1.454054535337058196e-22
-7.287146249115270141e-23
-3.440071361261688672e-23
1.143683871965493305e-23
9.070908701346564865e-23
-3.375971826444952171e-23
1.146779981224967403e-22
-9.520184976757486974e-23
5.711952434514295406e-23
-1.373468750466941679e-22
3.138818296595615833e-23
-1.202940720499090750e-22
-1.977557058370303565e-22
2.335009360839244861e-22
-1.690093932611717207e-23
-4.271649164823539465e-23
-6.335356180689996770e-23
2.342841775853141608e-23
-6.755847120512578467e-23
2.796964362218404635e-23
-5.057651499078073883e-23
-1.271629749972217755e-22
1.558284360957782205e-22
-1.544555670966016481e-22
2.665756181826995872e-22
4.330890804956364023e-25
9.575810570672932627e-23
-8.753079180725894884e-23
1.098610561199645820e-23
-1.772977156507898566e-22
2.489056335299612332e-22
1.395310758235989973e-23
4.558719753756569433e-23
2.513486299045691336e-23
1.372076269815255100e-23
7.714592126435427985e-23
1.060217707898894570e-22
5.078790506888166148e-24
-2.809942282008908074e-23
-9.063404033591482127e-23
-1.475614767376630276e-22
-8.996569593416398845e-23
-6.444335515824242130e-24
-9.314427577352560723e-23
1.199641191455980544e-22
-5.732031344118990466e-23
-6.515806187671204394e-23
-9.675443155562825277e-23
7.997154185602878735e-23
-2.191079230454329156e-22
1.744285971092228617e-22
4.805080741887777766e-24
-6.468481792201334104e-23
-7.059112083159464586e-23
5.858973884939561026e-24
-4.234469345839679824e-23
-1.386409699922149187e-22
-1.674859360177769524e-24
1.399194580734577509e-22
2.614190881711907770e-22
-1.593060960856764486e-22
-1.640433645884143637e-23
2.096603992593942939e-22
1.896300604976386683e-22
5.965865987901485744e-23
-3.284447450284638058e-23
-2.493611579874397556e-23
6.577713706387239726e-23
2.093400119676867976e-22
-2.577513052808602047e-22
-1.162917067777540440e-22
1.966802834625267004e-22
-4.481790087773019431e-23
-1.257781026940792676e-22
-1.311536121944787286e-23
1.020585933627109430e-22
-3.042658555916128503e-23
-5.374974575764242726e-23
2.179735476650320456e-22
-1.956508547942673774e-22
2.239145899318399050e-23
1.509042493112183207e-22
3.019162462296660301e-23
5.670333144223877022e-23
-1.912997294851346163e-22
-2.207447841156424712e-24
6.008336654394252312e-23
-2.137500849053275398e-22
-7.530599191739062821e-23
1.284513433691041904e-22
-7.796875801803391655e-23
-1.673774493214279020e-22
2.657549968927283687e-22
-2.255724278829965666e-22
-1.446897150811417954e-22
-1.261785778095307308e-23
-1.274944320013942353e-22
-9.325574379126641727e-23
6.873296725841151211e-23
1.782283645199344354e-23
-6.806125483529942469e-23
6.101771102155785224e-23
8.262733112052358493e-23
1.973453463223540652e-22
4.180869225889773316e-23
7.153871186350890900e-23
-6.361914230846406198e-23
4.913393980154385366e-23
-2.302406131610901151e-23
-5.315214275114674419e-23
3.827187358398642246e-23
4.877177403371382859e-23
-7.336486608283669027e-23
4.051964500268798881e-22
-8.525008191111162238e-23
9.950746065604739589e-23
-2.881698316564538464e-22
1.772018639278556671e-22
2.205690849698892884e-23
-1.894533103303951269e-22
-8.707051903066070133e-23
-5.929430008690429285e-24
9.154446790446260853e-23
-8.932077900585065001e-23
1.651285951700671474e-22
-6.588003654450869891e-23
2.921324739312422447e-22
-3.110068367566181835e-23
1.403966320516865261e-22
-2.089193546464284856e-22
-2.240235673131865321e-22
-6.173082036819084872e-23
5.481088067041727274e-23
-1.199725526127053370e-22
5.277804911065187124e-23
1.779079239718719185e-22
-7.997097967809912563e-24
1.170434329271503676e-22
2.905105922023902396e-23
-5.699165156852554615e-23
2.538346187367986511e-22
-3.340788206761619972e-23
-1.813715657776888412e-23
-3.636993327850601324e-22
1.954368054715329229e-23
-1.143703869265450905e-22
6.864473397673067833e-24
-3.969933322367656589e-22
1.021830865596800196e-22
2.058958619364266830e-22
-6.265036079627893792e-23
-3.877137684179164249e-23
-7.968454081645112759e-23
5.612487883336151579e-23
-3.615287398940455168e-23
-2.956564703322818806e-23
-5.252568173812945502e-23
2.641185348142165744e-22
-1.204390328798707075e-22
1.616262068155338071e-23
4.705394190083513480e-23
-5.376751863178045496e-23
2.037157636816082019e-22
2.408562511076862272e-22
-5.243113256393969983e-23
-2.327511425909346133e-23
-9.286066757180295229e-23
6.146350142347159253e-23
6.172119981279419305e-23
-1.234016427740604364e-22
1.045125381488981233e-23
-3.096690357623097461e-23
3.383406161346454634e-23
-1.389676640849350300e-22
-5.665069800330301344e-23
6.117246865184003309e-23
-2.177358536951567965e-23
5.879912138356122603e-24
1.321790153559724946e-22
2.068642416440618118e-22
-1.227591596599424142e-22
1.162326430678626476e-22
-1.293924801548514922e-22
-1.039998802973462046e-22
-1.085337353374447048e-22
7.563286959637485678e-23
3.179942603414658710e-23
-1.723165678095763117e-23
-2.935677434227268464e-22
3.417711344168787889e-22
2.552982257478891641e-23
-1.061688694073130917e-22
-8.839500056349555299e-23
-1.588241828712544836e-22
6.823947226200481181e-23
1.444528228889558833e-22
3.187522422781721218e-23
9.303992056876098749e-23
8.337742995674164840e-23
2.542859815596551097e-22
1.907128343175262611e-22
-9.435430132637062573e-23
-2.900110691845983566e-22
2.378512475206426347e-22
-9.973791738134135231e-23
3.118863335900465649e-23
-3.162747157691086738e-23
1.477951889115832403e-22
6.720749960333761339e-23
-2.434816865066723256e-22
-4.166199115004763393e-24
3.478308846091934708e-23
-5.085026541315080284e-23
-1.725623208902523775e-22
-6.605945200566383088e-23
-1.827859565918101968e-22
-2.849543093103672855e-22
-1.916333840183865824e-22
8.827824847881898614e-23
-8.877378939765730557e-23
-1.066089670553150606e-22
1.577011890590549299e-22
-2.129379391772575999e-22
8.804930101856758575e-23
2.120376789393929915e-22
2.408018973118249880e-22
3.600306102980026386e-23
1.577089497498338722e-22
-1.706790000728394016e-23
-7.150562544606462262e-23
1.122686487803649605e-22
-1.790613076896624212e-22
2.823160329001528644e-22
-1.587553248678823723e-22
3.870386591391397930e-24
7.485374835139673388e-23
-6.753859422333149879e-23
1.896804442294765493e-22
-3.703379878288066873e-23
-3.617053211955314113e-23
1.401930519932313216e-22
-3.024970148538960139e-22
-6.908241568782542862e-23
1.081021627950240839e-22
1.420244512940566425e-22
4.844424825279700932e-23
-5.479027444411189042e-23
3.593726160666716863e-23
6.579608507819151142e-23
-2.071750159830518197e-23
1.214887900118162350e-22
1.137588845514532823e-22
6.580013867231863962e-23
2.079342280103170893e-24
6.748170969006381590e-23
-2.630768647672659840e-22
-9.515278313028009835e-23
-1.501549585651703479e-22
1.140253816741806721e-22
-1.284859992273711101e-22
-3.563155113831099918e-23
1.183698485964532805e-22
1.211638401834771984e-22
-1.056578429114500176e-22
1.528654941819896676e-22
2.748933512213763657e-23
-8.888300764908440629e-24
-7.273250946532192176e-23
3.927575779990778588e-23
-7.417117815391794107e-23
7.981830914936953570e-23
1.257389488723538899e-22
-1.268737799145399620e-22
-1.525975684596169458e-23
-1.232573027991462154e-22
-2.857862398800329823e-22
6.593361047304734586e-23
2.732274928455660631e-23
-8.834886872157454257e-23
-1.656103840361558653e-22
1.530394067233092059e-22
-1.551441590700516539e-22
5.912165906810782590e-23
-1.236467008607228483e-23
-3.343205506314236977e-22
-9.282830550938367155e-23
8.919843782690846732e-23
1.570530156648108797e-22
2.324004546077727296e-22
-8.529500531309924202e-23
2.978802184770194918e-23
1.487989916560596539e-22
6.716169259063565469e-23
6.396645973976991465e-23
5.442106672991920606e-23
-2.817555638878520785e-23
-1.552422062079909282e-22
-1.234782154030841611e-23
3.245656597098333331e-23
-1.490173153125683351e-23
-8.770237310993027263e-24
1.328653900080781497e-22
-9.068664410069375539e-23
2.203813379168097981e-24
5.309234500057755380e-23
1.020289883847461323e-22
1.059896902131029662e-22
1.766333481935617308e-22
-1.675355210339907143e-22
2.058535722305620959e-23
-7.553953799062767170e-23
1.288104968652785814e-22
3.204138495132939735e-23
-1.155538128671279579e-22
5.372727492132022494e-23
6.097750029746692948e-23
-8.796731676043454590e-23
4.701312812610823924e-23
7.046656524624608281e-24
8.089171095155139485e-23
7.315539608191328356e-23
1.103540991666883187e-22
1.887186003253899504e-22
-9.554539137446743296e-23
-4.068732573488066071e-22
2.412481693468897580e-22
5.857592531512230447e-23
-1.931014308858465882e-22
1.265004701906126847e-22
4.995476018229078587e-23
-6.485772373486073492e-24
-1.369885509469620838e-22
-4.389520153507963602e-23
-2.098885064127856493e-22
-1.553635631435564160e-22
2.067104976613406758e-23
-4.619241347066795026e-23
8.165359260436982471e-24
-2.283235349478484188e-22
-5.327861006436967913e-23
-1.600330558795724943e-22
1.853731801959290605e-22
5.671029981793122839e-23
-9.321346359829596359e-23
7.652169739667227298e-23
-9.862373760826852434e-23
-2.135166285978331423e-24
-1.367000718930892523e-22
5.237196039724633648e-23
-1.432052348609042851e-24
6.713240915911220113e-23
4.458635012259071699e-23
9.547259177329799696e-24
4.305058044353476311e-23
-7.103421000642880150e-23
-1.499041734564619515e-23
1.586174578161788205e-22
1.265016548068619001e-23
9.077866588809240536e-23
-9.209539868121950535e-23
2.424991969386800672e-22
-5.492609951528172432e-23
6.929934742723340962e-23
7.764388942445373668e-23
-1.282519305659770925e-23
-8.783060868066737903e-23
2.861443709109519555e-22
-1.237428358336430249e-22
4.800507124240603009e-23
1.687027798272616958e-22
1.600281657056916871e-22
-1.924217256344640311e-22
-3.240660452214577415e-23
-2.886892297670155741e-22
1.886172538440377838e-22
1.156063650043747605e-22
1.397728581700489727e-22
1.487415260799752624e-22
-6.224815482562945369e-23
-2.751822830090585744e-24
8.814993647906266452e-23
-2.462328819589560161e-22
1.148097873576991493e-22
-8.087393219962618088e-23
-4.709318409879493843e-23
1.587698433930959572e-22
-3.311622373024742576e-23
-1.908353167004778163e-22
-2.270440157387272928e-22
3.974848634377166068e-23
1.457013135658643920e-22
-1.135850797892403368e-22
-1.224406287375263974e-22
-6.006745969785018470e-23
2.888861926653380376e-23
-2.174584414569930816e-22
-2.062604660004097990e-23
-1.148328189800591904e-22
1.430386520224772729e-22
-2.771260543039559016e-22
1.344464736334438886e-22
-6.685381560849257107e-23
6.153462889958671973e-23
1.435608382855454055e-22
1.385054616261178841e-22
-7.284945589751032242e-23
1.772110894228005562e-22
-5.892893350145841682e-23
5.670991223339695647e-23
-1.825707880854467168e-22
1.595468245398043123e-23
-3.235778441199075871e-22
2.185937891120503956e-22
-1.129851055234363291e-22
1.087046966641371704e-22
-1.026716634899838330e-22
9.611807964799670935e-23
-8.460817442271707330e-23
1.206944353867977165e-22
2.947830318899872453e-22
7.486506806479751363e-23
-1.261500369261044424e-22
-1.987452484344370883e-22
1.317174099716333195e-22
-6.178555001301892472e-23
1.859233675146179382e-22
-1.099803429437935434e-22
-9.337075971089878933e-23
1.573355077507724607e-22
7.806530285857004984e-24
-1.063121601754278932e-22
-6.370862445463341255e-24
-5.611752065462269871e-23
2.701923755736530197e-22
-1.583593912014372722e-22
9.218584720413648330e-23
-3.172826410315118477e-23
-3.020658846914803346e-24
1.982887088014851442e-22
1.648491104312902818e-22
-2.157668633919141034e-23
-6.127786642325442116e-23
7.682263723868302509e-23
3.091790254121968089e-22
-5.194791055224735647e-23
8.418926353668948275e-23
-1.723183064442700732e-22
-7.014493096451705951e-23
-2.420072283073969546e-22
2.701028313594834988e-22
-1.247159063376304279e-22
-1.213695255725131981e-22
-1.703443078360216435e-23
-3.237011894767377512e-23
1.427035340216619119e-22
7.416337590356728197e-23
-1.094106817230626605e-22
-7.629227789877260586e-23
-2.599629243473500002e-22
-1.668466873688861682e-22
-1.799806061879324334e-22
2.309274845274968061e-22
2.288203625985527762e-23
1.776680077293810105e-23
-1.992724101324726912e-22
-7.650355833339810074e-23
-1.360676625627499249e-22
1.519120412781039795e-22
-9.902352945260851671e-23
-2.512168942896212829e-23
-1.109835362406549173e-22
-1.633398619736635735e-22
1.477304757635944339e-22
2.302536028560432684e-22
6.619445056431031283e-23
-1.722564610978761074e-22
1.454142084400973229e-22
-1.639457417597484922e-22
-5.214313758002160769e-23
2.684310925919605779e-22
2.148775588973502761e-22
2.302141007278579573e-22
1.879713624405038441e-22
8.575413934681725668e-23
-1.598850176602341172e-22
9.733643199870683536e-24
1.157958543586025490e-22
-1.826162434545155283e-22
4.196672290461365457e-23
-1.149378601105706892e-22
-1.902689897543775540e-22
1.008662268075677952e-22
-1.853254864293291040e-22
-9.529237971645227788e-23
-6.841941403715337387e-23
7.104049211356569194e-23
7.461630111552066234e-23
1.215382142535851526e-22
1.049358593049784865e-22
1.253222981854244286e-22
3.513652289213418892e-24
1.087527731018538535e-23
-9.377803734013147888e-23
-2.484017854056539663e-23
-8.319384510968217529e-23
1.273493502566661625e-22
-6.275121449609637704e-23
-2.768345668141545701e-22
2.307494146363441843e-22
8.533713059667528605e-23
9.854874438384399493e-23
4.647170874646679738e-23
1.167311831406381474e-22
-8.314313321689385058e-24
2.861895901428965573e-23
6.428123466569725954e-23
5.407118266437207069e-23
9.170237632389525131e-23
-9.723777994820461647e-23
1.290921678303617805e-22
-2.594852391402874358e-22
1.437884746195403118e-22
-1.899306013653972178e-22
-3.086572657588468394e-22
1.619626038674021458e-22
6.597290499137217780e-23
-2.502474851436400132e-22
-1.493322415336265616e-22
-1.420242272793634283e-22
-5.044849036662651158e-23
1.537051432704130590e-22
-1.583728150895857325e-22
-1.140117196148722150e-22
4.240125665953466964e-23
-3.882156759133310244e-23
2.188125892557087436e-23
6.184956606447414810e-23
-7.653881830572834995e-23
-1.689132546479537491e-22
1.838236633121686181e-22
1.882096623100092198e-23
-8.537644162342841778e-23
-4.747937515928074626e-23
9.555797892547143544e-23
4.482321136967263415e-23
-8.060326540719608317e-23
1.322710643175077055e-22
-6.614872312204367525e-23
-3.885829941214543409e-23
-7.057943473785992137e-23
4.800647108426934790e-22
1.121089188424648033e-22
2.800905566043520256e-24
-1.675266415378920933e-22
1.250556272138025243e-22
-1.465902867046813193e-22
1.262664986787228014e-22
-4.531929157128093806e-23
8.671923682502342565e-23
2.082002718926614772e-22
1.302097430786049703e-22
4.343838494953038063e-23
1.375551859126455540e-22
-3.378706814627152727e-23
9.371241056712531676e-23
1.512287068938062663e-23
-4.790430026363804383e-23
4.087674896253064615e-23
-5.644218766843601415e-23
1.569775895217828946e-22
7.789422346977125910e-24
-7.809430050369881021e-23
-1.903002603060660354e-22
-1.768998586004334178e-22
-1.036131214190229157e-22
-1.968410454596959457e-22
-6.940426438374884052e-23
1.742940242163613531e-22
-7.475275229295333853e-23
-2.884390144116248953e-24
4.006047264073782149e-23
1.004760884587591985e-22
-1.891029196915405475e-22
1.914389766141111733e-22
-6.596612572260564785e-23
-2.328661040742511116e-23
-1.336918699491045114e-22
-1.519913834485965014e-22
-4.284648642471967715e-23
4.174223291220368487e-23
2.683707342141265951e-23
-2.142872989969449317e-22
-2.413835752583886674e-22
-4.312966400114701067e-23
1.374164514762193946e-22
-6.631708774690076978e-23
1.565352382215329437e-22
6.088424302282047369e-23
-8.732583804554668252e-23
3.884755036041660960e-23
-1.304040416891265832e-22
1.845831135912165575e-22
4.279030909827156453e-23
1.036861954033263379e-22
2.022277038754106027e-22
-2.526869038296615084e-22
1.328653271211948074e-22
5.219628871652904303e-23
6.860077775372459102e-23
-4.553511702927181742e-23
2.411819302672122943e-22
-7.125504328741235425e-23
3.084927219830332631e-22
-1.125048813393813285e-25
1.155893965307280800e-22
-5.933375935691072169e-23
-7.015012824191227319e-24
-3.039213654570739545e-22
-6.676368157627530330e-23
7.933973144192062434e-23
-1.672830878350563547e-22
9.881104687921454711e-23
6.572466512364776460e-23
-3.366572308502204522e-23
-9.438039985899084636e-23
-3.480379238792056864e-23
1.295471498026672558e-24
4.751326988524798913e-23
9.182884578782973391e-23
1.437397524655297983e-23
4.554849734156008203e-23
5.097934929798441683e-23
-1.727514612232195621e-22
3.525586607895680632e-22
1.611141030984494373e-23
-2.128170553605568501e-23
-2.757720863049704744e-22
-8.897082487853774134e-24
5.775003954544062185e-23
-7.436005012451405635e-23
3.514309218805996159e-23
-9.434508301584965532e-23
8.043988846257972921e-23
1.969976998597749288e-23
5.956588446872660419e-23
-4.273847927694296849e-23
-1.265624580428977632e-22
4.588520971953719596e-23
-2.715105852732598985e-22
2.025941872672671979e-22
-1.611737562662411033e-22
4.996545605736589263e-23
8.729054259195524058e-24
-7.012549499691496323e-23
-8.856791251832893020e-23
-1.202991631876405182e-22
2.207063595044704973e-22
-3.761204982369359636e-22
1.177906625888342042e-23
1.942250420452925622e-22
-2.192395925871516553e-23
-1.831440438872781484e-23
2.438997771844204056e-23
-1.212627024296207966e-22
6.217696389807987407e-23
1.047932633859098918e-22
8.259286970994591438e-24
-8.227756491043196107e-24
-2.412795542013617540e-23
1.774045740395695032e-22
-1.134153316776676306e-22
7.400836696221923015e-23
1.110877968098046641e-22
6.884400709456822658e-23
-9.073532643464928738e-23
2.857256581107276639e-22
-2.688590392199628397e-23
-2.624965130245267092e-24
9.563023223005226450e-24
2.348089322937297747e-22
-4.899081436904546118e-23
9.445309888535105649e-23
-1.418039284650155865e-22
-1.299540614277965210e-22
2.191409626727494970e-22
6.547692971633641737e-23
-1.315053218530617921e-22
1.464941843996584851e-22
-2.270019020705280070e-22
1.788046109235436677e-22
-2.148364182632846013e-22
-1.277224875462994064e-22
-8.217510621864632252e-23
5.871664546310034399e-23
2.120447894600606997e-23
-5.234207430736482687e-23
-2.886693814417802873e-22
1.860775669909134562e-22
-6.650378034867884606e-23
1.086028249406354053e-22
5.116149544127588145e-23
8.982421492634869455e-23
-5.098100664451175256e-23
-1.443142876334905397e-23
-9.516447744812395116e-23
8.287641312081396379e-23
-1.419409885435312981e-22
-6.845718880212395647e-23
-5.191151516720749199e-23
1.040997202371038986e-22
1.471273281550028498e-23
-9.763280001041012855e-23
5.988022100633860432e-23
9.118477546004748597e-23
-1.585155498226807707e-22
-1.098400302737001050e-22
2.156861094639861701e-22
-1.359007178838797474e-22
5.767369661876516532e-23
-4.656744337479346271e-23
-5.755139495651980614e-24
-4.407235731323783900e-23
5.718343013739448289e-23
-1.965294251459955735e-22
2.768126632667531506e-23
1.081182827334221687e-22
1.080459998577220981e-22
2.392814808111357752e-23
5.663840141168849646e-23
8.810741338923984704e-24
-7.096917802018933370e-23
1.778674268255206067e-22
-1.237218180661373765e-22
1.467584973598953727e-22
9.238547274929791889e-23
1.815856072353380953e-22
2.626400462116986673e-23
-1.248082978728514834e-22
1.813961329096552834e-23
1.003240906582895633e-22
9.773654625391814535e-23
-1.296523200998289507e-22
-2.293959926188279267e-22
2.477411684420462417e-22
-2.064828455823913880e-22
1.276853861024539624e-22
1.677223295588930974e-22
1.579990160209707398e-22
-2.249671755378043746e-22
5.099965498342707568e-24
-3.600013976929223596e-22
-6.827103396673896078e-23
1.256612539289269133e-22
-1.672787903601837300e-22
3.117635924624209184e-23
-2.116326521804818016e-22
5.822082964704774212e-23
5.959109756463055207e-23
-8.919797312064492842e-23
-1.230191325531803699e-22
1.527715647484951304e-22
-3.270802432359646382e-23
1.616387608989773860e-22
2.540148017913346669e-23
5.965226368271535981e-23
-6.632541131573760603e-23
-3.455285372037962140e-23
6.376356616360228127e-23
1.036652780801032931e-22
2.405189864751332256e-23
-6.799555819834788356e-24
4.522192912478653706e-23
-2.611221942652329614e-22
1.292318390483847427e-22
-1.637854438035086574e-22
-5.665726799690697656e-23
5.323487234358874318e-23
1.744784520610893673e-22
-5.866376183361865221e-23
1.550983245329558080e-23
3.786695589679976488e-23
-5.541540555450334901e-24
6.821771801016018442e-23
-1.075527918348891965e-22
1.483243181039317635e-22
-1.244477406797230536e-22
-1.243955313322279724e-22
7.583032147647729784e-23
1.838584895939874977e-23
2.280151591027097705e-22
-1.951820821701341325e-22
-7.308259842785777532e-23
-1.388488793201977631e-23
-6.962614167345778967e-23
2.295179898813885850e-22
4.989309632854351474e-23
1.533128173690699022e-22
-1.051311863809335061e-22
9.138042806769468914e-23
-3.731748377429500368e-24
-1.513732004497806900e-22
-1.506398881192555858e-22
-3.419661625718774028e-23
-2.879322914143817783e-23
1.754111710763377072e-22
4.476175693261600382e-23
-5.511997794937364518e-24
1.459781006972381056e-22
-1.005885938166340567e-22
2.824055357773199209e-22
-2.666326750480565835e-22
6.596493921959438307e-23
-2.989748495858308961e-22
2.801501814847730379e-22
1.764942472417325884e-23
-1.225377918280015082e-22
9.182610115541734389e-23
-9.009592651537196574e-23
-9.393159286635055075e-23
-7.855334673985381174e-24
-3.855401612147740748e-23
2.393818833372903496e-22
-3.186540122583753740e-22
1.889440367839127611e-22
-6.733977584936202747e-23
-5.931751323539798270e-23
4.273939406088065141e-23
1.689638620113850993e-22
3.451093017912491236e-23
-2.147147862866822979e-22
6.837809741682794115e-24
-2.597172827148111011e-23
-4.746129434082806547e-23
-4.662597316199328389e-23
-1.464863795479685207e-22
-8.629616795166930185e-23
3.493161686411885487e-23
-2.394709304723794981e-22
1.526808218228657272e-22
-2.027799349152866426e-23
7.557973585802560862e-24
6.274512718279887293e-23
3.080295363909057810e-22
-1.876634205707901826e-22
8.806593596043212023e-23
8.707630456284270068e-23
3.227909245279291432e-23
3.528854439604561274e-23
8.776430653673996845e-23
1.071465441014794940e-22
1.018398652522133779e-22
-1.032181892320153181e-22
1.076682895978793647e-22
-4.347318398614006562e-24
-1.369069989545686148e-22
2.880007416346268132e-22
-2.396210499024396066e-23
1.685637768421585218e-22
-7.165198897949037819e-23
-6.666280466655671220e-23
7.515633470530544212e-23
-2.356529733634875714e-22
-3.372158715469812309e-23
-2.554426923769298330e-22
-7.931490804195506992e-23
3.411756301367593036e-22
-2.170216779257190112e-22
-1.785197925131888162e-23
1.194555503592966789e-23
1.363344441527916215e-22
-1.621759830688385755e-22
2.140184781440545397e-22
-2.132388904662251228e-22
1.222552465246786756e-22
-1.415472587038272476e-22
1.057606086813543184e-23
-1.340379872558516240e-22
-8.082484568168273171e-23
3.599719763069555043e-24
-1.085799867205056458e-22
1.863957369432629736e-22
-7.029299057243231132e-24
-2.231341431645003228e-22
7.880582341648625445e-24
1.865456765474549665e-22
-1.491477963362358472e-22
1.286108732101256991e-22
-3.768662011727318240e-23
1.326050265305622878e-22
9.533508231809915115e-23
-1.257173878463884608e-22
3.333480275610452870e-23
-3.926585135617885996e-23
1.118304589406946024e-22
-1.680995917244071481e-22
1.122370333958515820e-22
-2.564358180577148442e-23
-7.564423210199942338e-23
1.440211853019044510e-22
-4.296328374581353264e-23
1.978124050376897040e-22
1.036333148107925589e-22
9.692982364939890286e-23
4.624935864827556392e-23
9.060365983985811572e-23
-1.821513537770223102e-22
-2.514781427552695035e-23
-2.605699132670961870e-22
1.101181956431829151e-22
4.044695622425178001e-23
5.286245172837873394e-23
2.211470745320533506e-22
-8.491102404979150750e-23
-8.478815149056094798e-23
-1.914059963747614703e-24
-1.940516127119558760e-22
2.936907355216337754e-23
1.378569923740776425e-22
3.463951280312212918e-23
2.247932429747469906e-22
-1.661670312570694820e-22
-7.030873378551393621e-23
-3.405866453567985305e-23
-6.510896733203669939e-23
-3.521682350247959624e-22
-1.938283878277157105e-23
-1.175833911105514426e-22
2.177305271107359495e-23
-1.175581666647927170e-22
-8.988755408776438934e-23
6.946536889412602094e-23
-1.674312196399380562e-22
5.580769057174544036e-24
6.848747707239313159e-23
6.240796662042370751e-23
5.710754602855977647e-23
1.222863810131908398e-22
8.109202044620185605e-23
-5.263487967930182660e-23
1.387491752743697912e-22
1.649605512185610800e-22
6.367988717897330756e-24
8.194076032891430550e-23
5.955576551080140550e-23
3.312014215248567061e-22
-1.343363446203163557e-22
1.286606155373023897e-22
1.125640338966710123e-22
3.205276000887025232e-23
-4.665391567754393297e-23
-1.983556095425445870e-22
5.567234961500655573e-23
5.102503304712263717e-23
-1.079321021958597515e-22
1.428096271604185372e-22
1.476012124184361591e-22
-4.478969421872020200e-23
-1.619188728768842109e-22
1.246560514819561572e-24
-6.774782277184121905e-23
-3.369947814003837972e-22
-1.888192894368953509e-22
-7.083406854163733467e-23
-2.626578657742406689e-22
-1.763522791019526973e-22
2.337229506598045723e-22
-1.642836774995833268e-22
1.261571153067673100e-22
-6.159336018532106219e-23
2.277857547071432349e-23
5.087962245988320967e-25
2.440969553954366385e-23
2.510557279284907396e-22
3.233950638537985445e-23
-2.639960731788908568e-23
9.751611145551842717e-23
-1.047987930627712767e-22
1.693834381695457375e-22
4.573085924826365746e-23
3.352821793723141237e-23
1.310506685039913667e-22
-1.817697347493476044e-22
-4.330044137535867507e-23
7.482610919322618667e-24
-1.509357745743604935e-22
-4.629131282153813254e-23
1.196652602779725443e-22
5.434384061241603959e-23
8.940501518473772070e-23
-5.843759311462435520e-23
-1.386174296875126973e-22
5.909098486665326405e-23
1.255505204589062267e-22
-4.196225617848907361e-23
1.164803600479070261e-23
-1.506019839606636575e-23
2.417921014406072445e-22
1.572128991916311825e-22
3.514012513821280750e-22
-2.234592933203475779e-22
9.199247650735388984e-23
-2.156896757463299213e-22
2.868724283945755408e-23
-1.424477390402093245e-22
-8.884592041036241817e-24
3.351576112297053456e-23
-6.613190166590883553e-23
3.039833787918535109e-23
-2.118282824015211035e-22
1.144804886097119788e-22
-2.146119505163357188e-23
-3.374187314675966250e-23
5.793023020552720268e-23
4.886398616640968007e-24
-9.413895625467903992e-23
-7.095445812952928144e-23
3.697023992704589355e-24
3.161462914291683282e-23
-5.630851316197550010e-24
-1.015694364324873634e-22
4.555367798907104633e-23
5.594666479318954920e-23
-1.610673755183956217e-22
1.333605620302903646e-23
-5.048576091812849601e-23
-2.367472058903411527e-22
1.594784913557332066e-23
1.187645371383256035e-22
-3.412813717778014329e-23
4.545680773421699005e-22
-3.405432498500865330e-22
4.675715673776045132e-23
1.201094972696873518e-22
-3.088016153424429724e-23
-7.552095982594286798e-23
1.100005574880416801e-22
8.100462467792717010e-23
-1.192558697219755742e-22
1.514687923531237675e-23
-2.870438230117169418e-22
4.583521716511238061e-23
-1.112213000192946668e-22
9.268852473764533672e-23
3.368911005944612700e-23
1.056026088948262092e-22
2.940054771663123784e-22
-5.182296164106290872e-23
7.641347843793239224e-24
-2.038144131533567964e-22
-6.834461268562986719e-23
9.831754444349388263e-23
2.459140065390163788e-22
2.185947513534328886e-22
-7.552602300295752741e-23
-8.054877193635034776e-23
-3.403296927158272307e-23
4.104094864468390294e-23
-8.894809690914097002e-23
-3.307682379638509601e-23
-1.517615302909641385e-22
2.089862085426993952e-22
1.203238761360647951e-22
-1.307944478906471519e-22
3.820937831575541544e-23
-1.289877280406879501e-24
2.263282133109655262e-22
-6.584004937795356134e-23
2.573778685137402073e-24
3.394699509989566281e-23
-1.254225861893793350e-22
1.950411235160367005e-22
-2.730453478822625233e-22
1.692802387222841546e-22
2.293450060148555055e-23
8.049591781763893440e-24
-2.130644588660960017e-22
2.268132003016795993e-22
-4.831067537413497605e-23
-2.856040879117093776e-22
-1.710227588482576004e-22
-2.167555948729201310e-22
-8.442972253647485529e-23
9.268582352410794069e-23
-1.300791370417396927e-22
2.204532259339077384e-23
-4.620891678475885282e-23
2.022034208799942230e-22
-1.824525789841094565e-22
8.674256000531788965e-23
-1.088172968004211123e-23
-3.551178129143084982e-22
2.568368877060243529e-22
7.685398472566969690e-23
2.519384418829808843e-22
-6.218146087514216051e-23
-1.285077690253939949e-23
2.358346409789391676e-22
1.966165028272186752e-22
2.399497781192807036e-22
-1.230231118636123401e-22
-2.856861673194673274e-23
-8.899002685105235635e-23
7.730393698990765525e-23
1.198128402391835815e-22
-5.468740262401164642e-23
5.015524646934139509e-23
-8.091401212312830222e-23
-1.954715921457807316e-22
1.529021983859699987e-22
-2.306650445408542161e-22
1.932189454402082807e-22
-6.833769926244205157e-23
-2.348988216486610421e-22
1.421604022090871956e-23
-3.699070645414122822e-23
9.635754870422660442e-23
-1.011359152353794955e-22
8.243507454093988848e-23
-1.055969508501884765e-22
-4.365296333506757450e-23
-1.659396536288559789e-22
9.557655097621390701e-24
2.706969477707784859e-23
-7.009090419222431994e-23
1.291867819018556712e-22
-1.313781663610361559e-22
8.843789661129516004e-24
1.271895372937796223e-22
2.230402980226927500e-23
8.579220754784692018e-23
-1.083007938264589630e-22
8.093959160052278724e-23
1.265366577557567965e-22
2.423960506033244450e-22
-9.437622952257715346e-23
2.025937696080654297e-22
9.131066832481428501e-23
-5.469716590925396373e-23
-4.566819391802891033e-23
2.020546518044993123e-22
1.109656513216148073e-23
4.748814456603106818e-23
3.044020586693017052e-23
3.851659847561378770e-23
-2.199472795525710972e-22
9.319473627454948039e-24
-1.549686992883327612e-22
1.826654001645434869e-22
-1.665798814381565101e-22
1.496101891154489925e-22
3.098354934409342174e-25
-3.349029311647876845e-23
-1.670856521578685750e-22
-1.119272639942782738e-22
-1.237449833401936002e-22
-3.164233962554507560e-23
-2.301632360607157147e-22
6.554908749802430867e-23
-9.948771395041985097e-23
-1.157843182975919234e-22
1.119590551738453816e-22
-4.180791485551063064e-22
1.334712402838413350e-23
2.161151021382413037e-22
-2.245669643749245028e-22
4.153201383738268997e-23
-1.320538462475839072e-23
-3.705617939334469976e-23
1.633006190360230387e-23
1.243099484944693580e-22
2.286326960170944040e-22
-4.279859820342802228e-23
2.532633799120215123e-23
1.954877150187280057e-22
-1.389856471747718706e-22
1.439142279451417122e-22
3.036163781781056183e-24
-2.346950514336672090e-23
-1.700247396781156432e-22
1.789679011526912215e-22
7.903791410864865335e-23
2.272298961591584578e-22
-3.076873416104759669e-23
1.720874868935959798e-22
-1.513705530519597582e-22
3.222556758294572369e-22
7.034344982112360006e-23
6.319625664619851770e-24
1.675866789140232480e-23
1.229254310719175686e-22
4.962232284688326824e-23
-3.566598110566009807e-23
-7.114755087164998677e-23
3.579016585804031834e-23
-1.514621717687323247e-23
-1.656423639160717011e-22
-1.287063010760052164e-22
2.804730496355035354e-23
1.246257690147548339e-22
7.533774226374658920e-24
-8.617877123784538054e-23
1.504357470193150776e-22
-1.196856063257790608e-22
-2.686832807122886888e-22
8.811333158642374021e-23
-1.038141701959362232e-22
-1.788653579997180695e-23
-1.015179759945782650e-22
-2.552635173372688039e-23
-1.273337703073116907e-22
2.831738882436920474e-23
-1.710683636742345797e-22
-2.675084266582866318e-22
2.405539976208098631e-23
7.278579530622504696e-23
4.069383252191030200e-23
-2.185310717757333935e-23
-1.491105904608139522e-22
-9.781026707550870540e-24
-1.733644958705175559e-22
8.337164205631491368e-23
9.716681887804222897e-23
8.863120571835067584e-23
-8.175206057133087805e-23
2.657641246491285869e-22
8.024751969970956565e-23
-7.830661912282828816e-23
9.441219472046564547e-23
-1.751624472638849965e-22
-2.138661412734758652e-22
8.849218133925893324e-23
2.167311218092160723e-22
-1.350773604829134848e-22
5.334431814730973632e-23
3.507428612816459383e-22
1.904513460195430463e-22
4.494930317033536144e-24
3.901970186223804886e-22
-6.464183379098495193e-23
1.006225300308475280e-22
1.359576532083839095e-22
-1.269404553940115135e-22
-2.053960006139024283e-22
-4.508623495725210767e-23
7.003139635858456869e-23
5.742738765031127665e-23
-1.113826696682651823e-22
2.200252330167646124e-23
-1.210267829159418402e-22
-1.120049541355678291e-22
6.879634711126381965e-23
-1.831435938174179150e-23
2.214216103239657456e-22
-1.574902511748182980e-22
4.564236629858871768e-23
-8.687140838253503458e-23
-1.107053319485931448e-22
-1.859827969724777825e-22
1.763825701468749599e-22
-1.068940099505062296e-22
6.193364048310307181e-23
8.052390620125296046e-23
-3.123235542820878523e-23
-2.462384292304299992e-23
-1.066081158194446010e-22
-6.788492567423449988e-23
3.137071056387857611e-23
-9.868578452512133183e-23
-1.800824710441464540e-22
-2.216928080137761709e-23
-7.384553056317602585e-23
-6.368013918237314263e-23
8.469010412905026537e-23
-8.012419260701827016e-23
1.111276348336785889e-22
3.120355678476448691e-23
-1.372518290530454800e-22
9.966839339075764783e-23
-2.103763978368640455e-22
1.501773256489104947e-22
8.725425585657395976e-23
3.450790185435478102e-22
-1.090327510022429132e-22
2.599506566171092443e-22
-4.444950458907047667e-23
1.315437380338193840e-22
8.548315682081599522e-23
8.736963939994643900e-23
-6.502103486651261869e-24
7.638179121630994702e-23
-9.276726132028264109e-23
-1.791991561319486197e-23
-2.227926671985546950e-22
-2.858126939058318433e-22
5.170867054968575244e-23
-2.176755914138434999e-22
1.257099651249232523e-22
-1.538820846295836248e-22
2.172777076283599421e-22
1.155322474152922681e-22
4.114811110632856533e-24
2.382839762785228577e-22
-9.189713178290108827e-23
5.233554047570360366e-23
-1.074245118099605407e-22
7.506700216235176398e-23
-1.292299317509755449e-22
2.615648195529014777e-23
-1.391717516521894551e-22
7.287744269116756966e-23
-1.477244173219164760e-23
-1.681241826236967377e-23
2.627034751372006896e-22
5.539669740814678186e-23
-1.936890677355458601e-23
-1.521965880175799768e-22
-1.291566152003828763e-22
-1.063506938454709916e-22
2.588436972006040514e-23
1.502478677073194665e-22
-1.863682518073864237e-23
-2.696980567743308979e-23
-1.665466838704466539e-22
-2.144566338056257114e-22
3.471253064797149131e-22
9.153538276647109372e-23
1.905250998865639346e-23
-3.685794625515509555e-23
1.358103007201131966e-22
8.593177715222284303e-24
-2.061144970263050064e-24
-2.036871571506588809e-23
1.501699395596251103e-22
-3.185706125509392913e-22
-6.708039979238302254e-23
3.332315202002088930e-23
-2.593813676737522914e-22
-7.158906149038214843e-23
6.953318511284659206e-24
-1.228289485577929267e-22
1.009703638684391546e-23
1.148200054248346934e-22
1.479245310515100911e-22
1.255827878281658249e-22
-1.670661602035498575e-23
1.275166280339241573e-22
1.441743480007615131e-24
1.529960715350894938e-22
-1.377896532822066496e-22
-5.566330526027768710e-23
-6.661957616257556494e-23
5.367583630421211362e-23
2.975717927371620851e-23
2.081096075205659285e-23
1.147613747281848507e-22
1.554619746007867360e-22
9.118988801561955946e-23
-1.042918991019356751e-22
-1.069515579952666149e-22
-1.722460976957640628e-23
-1.955462315987968708e-22
1.793677670912774956e-22
7.880522306884217137e-23
-1.069071977702826057e-22
7.103225877145187344e-23
-1.177472327554370549e-22
1.296769534223382994e-22
1.190816401202131565e-23
-1.975794543410729221e-22
3.916403477814105709e-23
-2.058445759998728246e-22
2.686590727069845940e-22
-1.677592312926693336e-22
7.952440268593659297e-23
4.300937198755365727e-23
1.453853750934698745e-22
-2.470423718383044088e-22
-7.352647684906098069e-23
-7.830597414128968556e-23
-1.349494702169717083e-22
8.258423853914283132e-23
-3.454311204844113335e-23
-2.341180354186677549e-22
1.558908349857979240e-22
8.283018940879172281e-23
-8.007908842061743321e-23
1.437637050990193078e-22
1.646756745769034570e-23
5.746565569068117784e-23
-1.036366838912228310e-23
-1.186717884638827081e-22
3.307223673613453457e-22
-2.301994966796920333e-23
3.805725663523951327e-23
-3.567950461342136032e-23
1.964608437447967563e-22
6.293495696889065780e-23
-4.979779160215669336e-23
1.008098330050135695e-23
9.833486571857631865e-24
-5.323156641711482345e-23
6.805254326006519943e-23
-3.488112028360828631e-22
1.175250330593009825e-22
-6.291685679663639865e-23
1.248884841732353750e-22
6.726731322572576657e-23
-2.096448588585734760e-22
2.136538622138506008e-23
1.941052629158789540e-22
-3.850031110632704678e-22
-1.296568487583544218e-22
1.077705504030109245e-22
-1.566122421459933141e-22
3.451691374804420659e-23
2.725709329649914090e-22
9.566064247090378145e-24
2.706972183678053997e-22
-6.894281981069048244e-23
1.814725812127695148e-23
7.304721318367968480e-23
-1.484022581569817238e-22
-1.075220283651604456e-22
-3.164120992857697700e-23
-9.764963189107826425e-23
3.174980482191029180e-22
-5.495530620444417841e-23
-1.134142941278956731e-22
-2.613455001339215464e-22
1.669982710473406455e-22
-1.084595534101377017e-22
1.741026885738403779e-22
-2.825206213005577760e-22
1.773667701263962390e-22
1.718116315716712867e-22
9.797785740078254467e-23
1.304626048108879588e-22
-7.266607861279308613e-23
2.465080835509040286e-22
3.887398810556785986e-23
1.700526917603585939e-22
-4.477913145075398202e-23
2.386751391888266524e-23
3.842765797258606023e-23
-5.231614739372979088e-22
-1.810240906805342481e-22
1.406068935037509159e-22
-2.322180611798292232e-22
4.170509296100464921e-23
-8.788994571186175555e-23
-1.832831966132227920e-22
-2.243727972417915916e-22
1.582207255703970511e-22
6.064066453126384922e-23
-3.197394680674238217e-22
-1.609428918533577508e-23
-1.407385598037397418e-22
-1.583952743703729961e-22
3.467575703594899066e-23
1.791532735607660713e-22
-1.054858579507559203e-22
5.510408075881626066e-24
1.140271063800514302e-22
3.702615280503906608e-22
3.449509925240443725e-22
5.702437336656386482e-23
-2.379740553691040196e-23
1.966264365428342874e-22
-3.424644117758447431e-23
7.453979081555677081e-23
2.720004865417038092e-22
5.754329798074976232e-23
3.164190278680017955e-23
1.798554165039208323e-22
-2.648982967127806136e-23
-6.624572542524513720e-23
-1.941553941946771041e-22
6.008945919123612119e-23
2.472275934271559637e-22
-6.501073534991264660e-24
2.195863653407602970e-23
-4.586778624995406141e-23
-1.313591246832563799e-22
-9.248559916622310782e-23
9.351091660270205170e-23
-8.643046133010056638e-23
-1.989030021837206774e-22
-3.790999518465087693e-23
7.704456838922636846e-23
-1.664487626441576002e-22
-2.015035025477592747e-22
-9.135770506646796817e-23
-2.040343327286672420e-23
-2.100214358807449856e-22
2.986573164167968372e-23
-1.717868474991061177e-22
1.532554317774641844e-23
-2.157812215035467969e-22
-1.960818333802048316e-23
-1.507737276353938921e-22
7.171920016478069863e-23
9.249789871552927689e-23
1.113497538699211253e-22
-4.872821414344951786e-23
2.637643844946378239e-22
-2.173658318334595946e-22
6.997571197389371430e-23
5.646527238262802843e-23
2.425103902917299152e-22
-2.978671992928418723e-23
4.105042999933249574e-23
-1.611728591785999358e-22
1.293531127297673460e-22
-8.070531281278738148e-23
1.238252004171766990e-22
4.767062907533317230e-23
2.716348569160195044e-22
-1.121542645018992726e-22
1.986839257080956430e-23
2.180188335408723896e-22
3.255710014714268860e-23
-1.061079855447629362e-22
1.220765290494534204e-22
1.247221081711741400e-22
-2.299511495967949089e-22
1.102707632109694358e-22
-1.769945989227070145e-22
-9.583351130441738304e-23
-1.091507890459261473e-22
9.952172573836134317e-23
-4.630153356868568035e-23
-1.654917503174728065e-22
1.171207395250612960e-22
2.158584915646497546e-22
1.283639537989867439e-22
1.774119817104290681e-22
-1.359419612432688536e-22
-1.849839753321486368e-22
-8.991359247927421046e-23
-4.248612036630647969e-23
5.304193183223720973e-23
3.600217747485361611e-23
6.548690252687668397e-23
-3.217230657050940871e-23
-6.262332060331200162e-23
4.603774479632644275e-23
9.080947344919521059e-23
-7.253798692767522892e-24
-2.755170707056757806e-22
-1.901262192129414423e-23
-2.928358719261165066e-23
1.417089739143600151e-22
-1.097323930248121602e-23
2.589508213748792509e-22
3.520772985987103240e-23
5.040598837229841208e-23
-1.334398841026095786e-22
-3.836565293739217311e-23
4.100687474754037586e-23
-2.779820712678831745e-22
8.583457568932601624e-23
-1.439406326300413668e-22
-7.360319284094012876e-24
-1.301384784803019901e-22
1.635051975584068397e-22
-1.700330300423949285e-22
9.388820865693195921e-23
1.522236064845419164e-23
-1.689165386542375882e-23
1.277480788305124238e-22
-3.805279022171777730e-23
-2.954015297155109387e-24
-1.462798068079101680e-22
-1.492586151525923277e-22
-5.419404585960069020e-23
2.054629598725114584e-29
-1.413258421427504830e-22
4.755260171251735109e-23
-9.293318062172628550e-23
1.256561300450492009e-22
-9.080213468918295225e-23
1.194976666340677862e-22
-7.284485666279076487e-23
-6.097146897948715051e-23
2.457656040817970632e-22
-1.607443143158372719e-22
1.292641481300256683e-22
-1.317357726020889487e-22
2.603522599062462784e-22
2.250917662697915961e-22
4.328229219667384213e-23
5.676649811413650642e-24
2.127181509333216548e-22
2.369678628488884919e-22
2.332344249417151139e-22
-7.077374262788651884e-23
-1.289309740732623119e-23
-1.085241766425532598e-22
4.560798868720006777e-23
-1.445352029364261688e-22
1.777422582639523254e-22
-5.462674352619044254e-23
-1.981654527926530651e-23
-1.726573905080996412e-22
-1.976573801946457725e-22
2.007077370009404633e-22
1.886681796663295344e-22
-1.265758857735319445e-22
-9.522215869553859715e-23
-1.180253616654189620e-22
4.212875123597493903e-23
-2.908159948518355622e-23
-1.591590059946682679e-22
-1.126401555856258746e-23
5.384552900560395555e-23
5.575885547362347103e-23
2.302997384587352750e-23
1.378375778449168796e-22
-7.106566471487722033e-24
5.308192460437242851e-24
-7.074774695779035057e-23
-1.636724444687275934e-22
-1.706741433393972131e-22
-1.423743997834987988e-22
-2.197837616483474205e-22
1.316789155997860371e-22
-7.004824635346931740e-23
-1.944418985900718719e-22
1.713094914080977684e-22
-7.098835780470542173e-23
-5.612277545381059625e-23
-1.494538840664360775e-23
-2.224401621988697140e-23
-1.294107145478914161e-22
1.779529132035022865e-23
2.121272495389685422e-22
-8.404768570527030328e-23
1.012751336016102406e-22
9.545642622892149957e-24
1.374846872999439040e-22
-6.064840699715679433e-23
1.385407108604884998e-22
1.190873099608154357e-22
-2.265274617566636863e-22
1.298263710830641553e-22
-1.059834375019562428e-22
2.735871789107113586e-22
-2.820505411574948083e-22
2.488763997293630280e-23
1.806522783411319773e-22
-8.398357521296991125e-24
3.302118519577413437e-22
-1.903115425601690698e-22
2.670928301905844964e-22
1.772241544724742260e-22
-2.486826288654349543e-23
7.293673517705209319e-24
-1.164875809621190014e-22
4.284440630678506064e-23
1.222561862906232633e-22
-1.048959932920587284e-22
2.237658342742644631e-22
-3.245829572909295278e-23
3.982259307935485061e-23
-1.834488254842934310e-22
1.356937180638615748e-23
3.149744597696117612e-23
1.750129507887402488e-22
-1.460795836150708225e-22
-5.593027593846154701e-23
-1.042376842702691306e-22
-6.956956292263176993e-25
-1.394537230599225543e-22
1.082128220469219199e-22
-7.398974936492710853e-23
-9.811159798036022739e-23
2.576320937778274276e-24
-1.821705766165862297e-22
6.387621461079228850e-23
-1.751466429813402665e-22
-1.157691048715218186e-22
-1.021524619874527751e-22
1.899153717432376774e-22
1.506679276525589640e-22
-2.508600829629216950e-22
1.001240665632609125e-22
-2.873802685201420548e-22
1.326623225444667930e-22
-2.177837722398014460e-22
-4.094807352755272098e-23
1.676497950517325583e-22
-2.276452110506932149e-22
1.144387498439550451e-22
-9.376100309601084023e-23
-4.043568373711676129e-24
1.189809861129033571e-22
8.750099923435468359e-23
7.336305249484305972e-23
-1.293316993722753870e-22
2.650231139730543094e-22
2.024243624418798672e-24
2.874598813695412079e-22
-1.510696028455184542e-22
2.493451814888298728e-22
-1.172334265123152351e-22
-1.946728540844927618e-23
2.048967427607551916e-22
1.424462957666763586e-22
-1.886075225840434116e-22
5.789622630309058774e-23
-2.285821566254292587e-22
1.787154247862826112e-22
-1.344541956774174999e-22
-7.057356713101669078e-23
1.228580986050787347e-23
3.271365134341555682e-23
1.742224334136605006e-22
-1.319725917829785987e-22
-2.392504217552841989e-22
2.882636687502111580e-22
-2.704300847836795552e-22
1.873667819257776165e-23
2.374310071247583518e-22
-6.167081478660047459e-23
1.648346022121316116e-22
-8.405104512481289039e-23
1.606122288039892281e-22
4.967972845613046904e-23
1.410162226428814727e-22
-8.065935888835595425e-25
1.050415495505811687e-22
-1.362218837336160925e-23
-1.382769205660889558e-22
-7.396197089777037746e-23
4.679655277694832588e-23
-1.314251319854989985e-22
1.208302406503360207e-22
-4.931188571833677604e-23
-2.590825831774265844e-22
-1.235516340100993068e-22
-1.447480594202662167e-22
1.501045113665232889e-22
-2.565721314021407490e-22
-2.488987952787050914e-22
3.128664999215443985e-22
-6.314195799443661510e-23
-1.711789925698457193e-22
2.210143077402958431e-23
-1.964415159486158685e-23
8.482479336884354781e-23
2.017197026697135019e-23
5.191183709298920448e-23
-9.526395796247566038e-23
-2.846199445260400288e-22
4.020674785456259408e-23
8.454704236897536063e-23
2.284854167961453969e-22
5.037758487665383281e-23
6.767077424721869115e-23
-1.533405910234354951e-23
-1.100495600517696743e-23
2.483191951654329509e-22
-1.352628412707409199e-22
3.656706790633266218e-23
2.926041702286948747e-22
8.490683966758666989e-23
4.059609510102916868e-23
1.562516507240778644e-22
-1.051653581128533375e-22
2.116735304534859855e-22
-1.717782906774119377e-22
-1.283959249086637601e-22
-1.335394665272932800e-22
-5.858726271093307345e-23
-1.202035627345699472e-22
1.601150568481113875e-22
1.030464700386346268e-22
5.290613502275044515e-23
-2.259229710354429774e-23
-2.094598421466312915e-22
-8.399654837260108802e-23
-1.648656346624323628e-23
-1.692080077936458609e-22
2.270707264201164339e-22
-1.398199168800806933e-22
-6.076204256955082380e-23
-5.558268792373967680e-23
1.740538916559804702e-22
2.333204419779397286e-23
-1.796530283566203019e-22
7.966071724977068444e-23
5.717955214122392434e-23
-8.941431657814763366e-23
-1.142732577447551943e-23
1.179433458327533914e-22
-5.516946023582520306e-23
-2.037613228277376925e-22
1.239572644993421825e-22
4.589683362479908396e-23
-2.486259450895225178e-24
-6.723451042811204996e-23
1.673454703199689863e-22
7.205758561321290985e-23
8.668654880323560152e-23
2.399037724606477798e-23
-1.117589486464294937e-23
-3.032291888766108342e-23
3.903540959644643433e-23
5.291286166835747956e-23
3.958747383334736974e-23
4.807607913421653343e-23
-7.375388202526398683e-23
-1.541557625698044338e-22
-3.791898548616847154e-24
-3.145047307988226944e-23
-7.770453754661757168e-24
-1.245954656300543159e-22
-1.327505631033288525e-22
3.200708685352389319e-22
-1.197117802337562713e-24
-1.252721986554465354e-22
-8.157414495225307176e-25
5.491879508058262779e-23
-4.692957171070948278e-23
-1.342378181517345098e-22
1.323472206064906520e-22
-7.439948698327154213e-23
1.448480604476098470e-22
-7.660981152885362824e-23
1.709156752900526518e-22
5.670085038238371121e-23
-1.264061868832061679e-22
1.872022357437978689e-22
-1.918953937846216307e-22
1.487117582219350793e-22
-8.374553234974322212e-24
6.883959438924715164e-23
-1.084397153204163133e-22
-3.427503530222744970e-23
1.323355347793650052e-22
-1.093188286459142756e-22
-2.522241067842117292e-23
-2.621906013328410867e-22
-9.521412573160882909e-23
-8.526141854905956604e-23
6.874696456743176073e-24
8.309064391511559569e-23
-1.816477522292046370e-23
-3.264506682801855303e-23
8.585447457028476200e-24
-1.641156665646826677e-23
-1.475331187535888836e-23
1.005950016394454062e-22
5.388856834656888647e-23
6.761621004236542607e-23
9.838697847932869732e-23
-1.751313480206494551e-22
6.581004572871399867e-23
-1.025518170698466554e-23
1.431218324332061555e-22
3.261977838849414081e-23
9.758353239058300077e-23
1.335833548997433220e-22
4.403384014272982608e-23
-3.085491230476588749e-22
-4.332448816379970874e-23
5.774137144533745866e-23
1.048361653124921877e-22
-2.505719083637685172e-22
3.951422075282032174e-23
2.729442367003234427e-23
-5.506831413761828432e-23
-3.208416860214498175e-23
-2.560816067891401652e-23
1.799449868161833703e-22
7.719503899900822776e-23
1.441144065291556245e-22
-4.845943287779112934e-23
7.385585275055789535e-23
-1.079203590309382014e-22
-1.135972062246908306e-22
-9.016341718194163820e-23
1.916795885434839084e-22
-1.315434920628699124e-22
1.337070311042267651e-22
-1.235073532944952188e-24
-6.503275222925157717e-23
-4.243069487016736877e-23
-2.296418639285581278e-23
5.873728462280306159e-23
1.383382255568745138e-22
6.711545903577205138e-23
3.960588237118514553e-23
9.611976212468008395e-23
8.410497042332158278e-23
-3.839121902314661743e-23
-1.422466875446729971e-22
-1.503726478214708921e-22
8.559092942203070544e-25
-2.702890538777591961e-22
-6.575816243672063490e-23
4.072818492025294064e-23
-2.446220673950832031e-23
1.936805837967968659e-23
-9.920235920802511329e-23
-3.950231044371718903e-23
-7.339777201749569537e-23
-1.517359801327979823e-22
-1.960700306863930975e-23
5.027742195192996948e-23
-2.120213109596907283e-22
1.787091844571735177e-22
-1.567272559691565378e-22
1.660699794158811048e-22
9.365922015579896873e-24
6.886394691845095063e-23
2.338709098135407806e-22
-2.178537812081416922e-22
3.125553478342601574e-22
-6.872201935574248678e-24
1.862882235782427163e-22
-1.084500191299859189e-22
2.114945296373267866e-22
-1.321206537437385520e-22
1.869905644318936612e-22
1.632713716845455631e-22
-1.565604058071379474e-23
-3.502084804565366285e-22
1.733488645513508480e-22
-2.069409319556285679e-22
1.197040350664134323e-23
1.216291505605543984e-23
-5.190781651399680587e-23
1.172747009472154461e-22
1.748120409064938371e-23
4.125996286502479884e-23
4.143932957457355135e-23
-2.524405842203425970e-22
1.724236007932523486e-22
-5.418345960342323460e-23
1.412809150801307969e-22
-2.126883627883234889e-22
1.608823699633352538e-22
-2.552096535106901597e-22
7.510161271417105459e-23
1.859835268639613742e-23
8.869977099004708694e-23
1.679926901849568956e-22
-1.084290347563455561e-22
1.650807161022308014e-22
-9.655039942626512567e-23
4.066852862017504528e-23
-1.093412941447757671e-22
6.115846604490544847e-23
-1.429302979083002352e-22
-3.128842499058735816e-23
-6.815231380997617972e-23
-8.833997169203402743e-23
5.603262891412202307e-23
8.395182910026478276e-24
8.496848033817912937e-23
-1.403454070475654224e-22
1.627519112664100405e-22
2.509486434336612257e-22
-7.212774257595369364e-24
-1.683660347178493366e-22
-1.492504600238709010e-22
-9.218329257788209976e-23
-3.871830183857330002e-23
1.389853929016698497e-22
-8.410393224125079073e-23
5.713596709144062510e-23
3.139898404603989346e-24
1.921416142522778539e-22
-4.441218349335685051e-22
-2.424895029118407205e-23
-1.954580101957904936e-22
1.596653825813273436e-22
-7.479214991314298191e-23
-1.174562364582263956e-22
6.844942265522477846e-23
2.843157512939887836e-22
-3.439861271137799854e-23
-3.186705744693385928e-23
-1.668845650195988619e-22
1.637209590025859629e-23
-5.402532802877068692e-23
1.368157107654800001e-22
1.041270426125323737e-22
-2.026108749569410133e-22
1.360053241777675007e-22
1.770138673223722942e-22
8.264752948391835029e-23
2.387688503242566200e-22
-1.618400350467606858e-22
1.950819334690290238e-22
-5.763220410825658389e-23
-6.288471461610413143e-23
-1.195438029832472770e-22
2.468114074963776689e-22
-2.427352422477219139e-22
1.965453569078900698e-22
-6.552805218957538429e-23
1.609311224795247819e-23
-1.185654674140088136e-22
5.482957395096609976e-23
1.347673529510895932e-22
9.491676261281504808e-23
-2.995232314951184259e-23
1.607464337536768928e-22
-2.033965565083427678e-22
3.190859490767396520e-22
-1.668958148326929604e-23
1.930337830371161944e-24
-8.126379940664362678e-23
-2.930521023646386870e-23
2.177703138015025963e-22
-1.259877837064362602e-22
-1.061921208861328987e-22
-1.524776271743996758e-22
-1.318324809240010209e-22
-7.169109537343921249e-23
2.219164877852741000e-24
-1.845249083746622192e-22
-5.813826956839943729e-23
-5.835220332277963394e-23
-1.910519447399233952e-22
2.282580133657344557e-22
-9.041082001133467592e-23
-8.821793249285424564e-23
-1.012890040995567434e-22
2.723448081868195039e-23
1.715573954573122835e-22
2.029557865570438457e-22
-1.514754713470519720e-22
8.117007409716687077e-23
-1.479365051815782374e-22
6.038534013771060249e-23
-4.337192286459098500e-23
-1.072491484512529633e-23
-9.263335151212826466e-23
3.938110637816703791e-23
-1.378392499129982098e-22
8.585217485879750231e-24
1.236097012868619811e-22
-4.890309154554566608e-23
-3.432221774665801967e-23
1.387466900471325995e-22
1.528668552517165500e-22
-1.400106091368494974e-22
5.002481504536666380e-23
-1.275866507443636674e-22
9.227817349074216997e-23
1.775718364814831273e-22
-1.056099506871949817e-22
2.503675767881912650e-22
-3.323916579599462326e-23
-8.257905376376205493e-23
4.888209936192895321e-23
3.466061962417378461e-23
1.228237105230878545e-22
4.272966885168023201e-23
-1.381239143144486499e-23
4.979329151415570745e-23
-1.375293956928491371e-22
1.804677930492325423e-22
3.603813170872165135e-23
1.092899265441712104e-23
-7.424316786792788158e-23
-1.701924284909841211e-23
1.099110048694454654e-22
3.028458126498829582e-23
1.503688415036002370e-22
7.326204941381457534e-23
-2.662144926805502292e-23
-2.823740632685297364e-22
-9.651196603405907403e-23
-2.435483752854046321e-23
-1.049650541235207479e-22
-1.351774819508857696e-22
1.897411034349175759e-22
-8.147692830821878920e-23
4.771674506174978847e-23
2.273680789172737525e-22
-3.263809442021270498e-23
2.878598797527984176e-22
-1.357007415159698273e-22
-3.899242884609769197e-25
3.373217080594371572e-23
1.816411209515642229e-23
-2.727969279643365367e-22
-2.528065964207123490e-22
-2.164323161727028644e-22
9.554995094268523746e-23
-9.326702495999049607e-23
-1.245379347572947865e-22
6.410440906454901050e-25
-2.389451394175252398e-22
-2.837904305305416766e-23
1.864989019150954412e-23
-8.177357489841055584e-23
3.758475109990206508e-23
5.257881494115151109e-23
-1.420513037014229137e-22
3.199139034527031980e-22
-1.408824426135125785e-22
-1.708087268555648915e-22
2.670871029587841463e-22
-1.156250275046715316e-22
1.480298884843796518e-23
3.039719989903261879e-22
-1.877380792455898869e-22
1.340028445825548133e-22
2.041227100602278316e-22
1.667380475845660679e-22
2.552730559249208468e-23
5.575254740852972280e-23
1.239348297900984040e-23
-5.561362425281495290e-23
2.998117007702574660e-23
-9.895122656188440118e-24
-1.951602877794843605e-23
5.604308014833646678e-23
2.846422931158224166e-23
9.165972285623105040e-23
3.334533314262378243e-23
8.068170167886660817e-23
-2.741590480551613055e-24
4.255369700149463422e-23
1.088087082184447355e-22
3.550536270642845426e-23
2.237530443374176350e-23
-1.171025729461312386e-22
6.263955121067880419e-23
-1.046475553504227638e-22
5.422594172576314033e-23
-2.810435385116205389e-23
-2.305882916005777773e-23
1.411923404483382572e-23
-1.421909384357178404e-23
3.790923701057454595e-23
-1.750208452632618985e-22
-8.450025065362585671e-23
2.803934611969689216e-23
-2.217318686705275394e-22
1.540496200859814745e-22
-1.542131716548426452e-22
7.635226963776137056e-23
1.035437687026112918e-23
-2.093492019397836785e-22
-1.931979739943477256e-23
-1.376846489092026561e-22
4.847986090086440563e-25
-5.464353639970121035e-23
7.627468582443907198e-23
-6.686924549030628230e-23
-1.522135507103356114e-22
1.603950721776651826e-22
-1.963542698997070227e-22
9.354690839040156999e-23
-1.305146957022281803e-22
9.489530075824239311e-23
-1.082033557256458239e-22
-9.051178685601297978e-23
1.576647526500557627e-23
8.580793413658057433e-23
1.018829460295795235e-23
1.448416113840085765e-22
-2.812217258708139342e-23
9.273843889519483528e-23
-2.542319478276762676e-23
7.774949601479827081e-23
1.349563127747720805e-22
1.314452068392995398e-22
-1.042369670132887808e-22
1.397809932802188017e-22
1.298460294831396027e-22
1.015200247322620427e-22
-1.542086636865505696e-23
5.060958934216185200e-23
-1.047386634238390838e-22
2.550756836908580558e-23
-1.046453527581470902e-22
2.069909805713540748e-22
1.246459229574899783e-22
-3.697100269675610397e-23
1.405824514883359343e-22
-4.616725642091785564e-23
-1.068252883022782178e-22
8.627095346883370580e-23
1.290819843287061537e-22
-1.236391948911744602e-22
2.534736881806165973e-23
1.221022445437920416e-23
-1.826967065013153689e-24
-7.454459496861448075e-23
-1.960155425649941185e-22
5.992187537334595871e-23
-5.363793679517764051e-23
-3.650539334929634273e-22
5.984964718381979830e-23
-8.826765045993281242e-24
-1.959913232740508331e-22
-2.224895108346019957e-24
-1.500430014408951559e-22
-1.566466624910685596e-22
2.012503187598771741e-24
2.999461643970193867e-23
-5.312649524420469999e-23
-2.060099554366721083e-23
2.061122320941548340e-22
9.142756507678342256e-23
8.869860767509956874e-24
1.193155522846425918e-22
-1.706822742807094993e-22
5.983630845807677859e-23
1.435980759623254311e-22
-1.986167867668394476e-22
3.101086299957354675e-22
1.856178507862295800e-23
4.614215585152197834e-22
-1.418513455293181540e-22
3.388046461349723005e-23
-1.154770228524083555e-22
-4.756738281200873501e-23
-3.173565369551625796e-23
2.503932147688865474e-22
-1.399858141591240241e-22
-8.232877098614668780e-23
-1.473058586604718767e-22
-2.598307217852529400e-23
-7.422796530446828880e-23
-2.517278304563622865e-23
1.377626006033934837e-23
-1.139387659046836885e-22
-2.670482492309054172e-23
1.395273495981239564e-22
-1.032506258800253765e-23
1.327553748990239859e-22
-3.972470271355677985e-23
-2.993216797479522409e-23
-2.115500332936887402e-23
3.183771794201514679e-23
1.988172676662396870e-22
-7.174497336981068970e-23
-1.956614138995791458e-23
4.572155344009449149e-24
1.848151763936670977e-22
-1.505522462938481673e-23
-1.376109962522247790e-22
-1.304567580480445163e-22
-5.871202941115014419e-23
-9.458081027510030276e-23
-3.579359775895498234e-24
4.382537333668017348e-23
1.708751825667888177e-23
-1.517926839930047943e-22
1.855929835701543549e-22
6.641984160558307958e-23
-5.569918929269281676e-23
2.561068166925783681e-23
1.815748646678395410e-22
-1.093053479493510187e-22
5.845643575007785117e-23
2.364341284232220163e-23
-6.340019083062850713e-23
-6.692492392043064435e-23
-8.224248482534723058e-23
1.485899537663551225e-22
-6.554062878399309717e-24
2.886869986514450386e-22
-3.749730097568234393e-22
-3.022461606272630808e-23
2.069085310284260083e-22
-1.733800619363244940e-22
1.594906435069031930e-22
-6.370697615263482466e-23
-1.834201227532896665e-22
-1.256867325573987976e-23
-1.292335286335056243e-22
3.141780968443020237e-23
-4.086714728487408064e-23
-3.640800168083502415e-23
1.354134921936161058e-22
6.132047330317001950e-23
1.211671715931669617e-22
7.726898311375154074e-23
1.104036742634059205e-22
-4.974030398809245635e-23
9.589254672341371155e-25
-9.267878583550653159e-23
3.338470048080253808e-22
-3.786000312700004823e-23
4.546640851834801102e-23
-2.562072086485355604e-22
4.177331706462638610e-23
-2.945004491322318151e-22
-1.094792777176154529e-22
1.030431934023062359e-22
5.553006193057425165e-23
-1.106144863687268969e-22
3.495348044536564503e-23
2.722231729394036992e-22
-1.056336736622294289e-22
-1.510131824490922218e-22
1.329921329218655705e-22
-2.135029836808268879e-22
1.088808840102661505e-22
-6.827163730024988496e-23
-1.122637027763451429e-22
7.932243985631009196e-23
7.071444497352170080e-23
1.863756695244875936e-22
4.428743704822451415e-23
-4.200467261447041703e-23
8.840506317425759570e-23
-2.848649441442846793e-23
8.857150297942207249e-23
-1.973382846899032767e-23
-4.841455969687979007e-23
2.807613239692477562e-23
-6.404964094378710792e-23
-3.507611530783854449e-23
-3.098755047099733309e-23
-2.631074380577272120e-23
-1.773911929571161243e-22
1.120437484113675009e-22
-1.930642044212342764e-22
2.752193625684355537e-22
-1.583925930060674163e-22
-9.632304371612325078e-23
-2.789486738656934015e-23
1.081531982356845603e-22
-1.932920500929264033e-24
1.930269529438009566e-22
-3.111804657846122416e-23
1.765773749791693396e-23
-6.759403335114625007e-24
-1.265796115072207035e-23
-5.614017884931936189e-23
-2.060308958113929635e-22
3.131945992597228591e-22
-2.532097842073326903e-22
6.367734569530824027e-23
2.092058171840444890e-22
-1.769183901393895258e-22
-9.731918884081982598e-23
1.378327191759990389e-22
3.294966572536333980e-23
1.240029725242568374e-22
-5.218919341322987160e-23
-5.604800699893541517e-23
2.080416273050392021e-22
-3.863148080828326973e-23
1.548354089003026282e-23
-6.498685246075438405e-23
-6.109334553829615794e-23
2.451160957869165615e-23
5.638098737928153501e-24
8.879542392166305418e-23
-1.048122331148283572e-22
3.864799043241723280e-23
-1.348064125551380396e-22
1.180055061964886610e-22
9.009082933179895094e-23
1.382980905362050792e-22
-7.558933861795675489e-23
8.645971894047897647e-23
-1.707440320866458929e-22
-5.559507733838506019e-23
4.654484589960204149e-23
-1.557806694416636496e-22
-2.082707033094778367e-23
-1.693886819483730741e-22
5.706089214000430945e-23
-1.232360472341087696e-22
1.823415437273045495e-22
-1.175635264397274427e-22
1.301733281466797583e-22
-1.072089816693253542e-22
-1.367502326976692375e-22
-1.556302232698538993e-25
-1.588552085575160022e-22
7.864795310241340838e-23
1.349967669718962188e-22
1.448487509668147007e-23
-2.883926690847044906e-23
1.695286270227351326e-22
2.467023700513684873e-22
1.181387883832649904e-22
-6.384975076322536396e-23
6.302402299216707898e-23
-2.152375633032963018e-22
1.391403005439594757e-22
-3.612599172212051885e-24
-2.006396394120510340e-22
3.516755524221030517e-23
-7.818667331869041139e-24
-2.204723416384445865e-23
7.503573864608722671e-23
5.845282590888508258e-23
9.010472789776984899e-23
-1.179620961386504537e-22
-9.731161849712855113e-24
-6.632328179816399528e-24
-1.330799522312588871e-22
-2.704753101196663112e-22
2.075359637276021892e-22
-5.915505622091622996e-23
-1.176254016250910027e-22
1.332248583713322589e-22
8.288467150331267528e-23
1.237308066542184000e-22
-7.391388490513304003e-23
7.400510178271497993e-23
6.212324534143260862e-23
-1.330572347851243124e-22
-1.107279654346164669e-22
-3.693028346265438125e-23
-7.225629042804945972e-23
6.014163395100500753e-23
1.868409873195857238e-22
-6.521356650643198556e-23
5.207968214953310729e-23
-2.333371313072081697e-22
1.063737490826117830e-22
2.277780368299075385e-22
-2.018028386317285800e-24
2.584488739395980665e-23
-1.136171740300017025e-22
5.486690566519166674e-23
1.901858686491595111e-22
1.722952448327865040e-22
-2.231083653684988919e-23
2.888896196420670755e-23
1.317631793909148852e-22
-6.716014641237300541e-23
-6.885104945891427211e-23
-3.011205028982249487e-22
2.598537200830643640e-22
-1.027743849854814628e-22
2.204318058675999667e-22
-1.252773668091311858e-22
-1.337697442514472503e-22
-9.457134319199439360e-23
-3.299853053542969662e-24
-5.111799663786549175e-23
1.323277138085924046e-22
-3.952743582002557955e-22
-1.479810285145498106e-22
-8.912518382059642243e-23
1.530490733567193945e-22
-5.010666308556846783e-23
-2.527276645821028202e-22
7.070624039502311329e-23
-2.258806652067364057e-22
2.454889458884930269e-22
-8.706075839768892089e-23
-9.311735725707797649e-23
1.657550552541359316e-22
-1.856213015189374338e-23
2.779026937316261644e-24
1.875810893025509522e-22
-9.601969975034341112e-23
8.568347050277598085e-23
5.270313978364825237e-23
2.066549450106564513e-22
-2.949824578063899690e-23
-6.223182578759899060e-24
1.344807131146854748e-22
-4.462312591891471385e-23
-3.522078610250251218e-24
5.030312448111564451e-23
1.157707242538255511e-22
2.610183240680041166e-23
1.947145586648450232e-22
9.252514883916797380e-24
1.929573575570155393e-23
9.973412925375417265e-24
-1.064104377670252091e-22
-2.284759328247275249e-23
-1.244993431388993905e-23
-1.414913480816660106e-22
1.323461679336037162e-23
1.222282703126285555e-22
2.832862501823138612e-22
-2.003615120807659158e-22
1.193431414296489954e-22
-1.304666588768016608e-22
-1.432564449313464269e-23
1.972315452253408976e-23
-2.726274653153343861e-23
-2.974606956506038988e-24
-1.247365392502266403e-22
-3.567482161588151352e-23
-1.196065065604569343e-23
9.344178604155927710e-23
7.838459734929989689e-23
-2.459827773172940235e-22
-1.439428070099465703e-22
-1.714396286490970614e-23
-3.214175620897971429e-22
7.626682454722344263e-23
9.871324215372960716e-23
3.352786001612373917e-23
-1.493758788821236056e-22
-2.671675898983282321e-23
1.583829927509191059e-22
7.264937201661088416e-23
9.692752737356290709e-23
2.148086488782899581e-23
-1.654807421685229366e-22
-1.077351450548874139e-22
-2.938723894046914945e-23
-2.947033788357364458e-23
1.051543098264307222e-22
4.563631503794859047e-23
-4.552467856696386221e-23
9.741742365048326821e-23
1.171612822366356438e-23
-3.669205324611913878e-23
-8.916618778830372898e-23
2.615935291434078521e-23
1.296349589222640474e-22
1.994664204107131349e-22
-1.605487835901045602e-22
6.593258817374550215e-24
8.561849268111472137e-23
3.925242865189382358e-23
-2.061301319005771373e-22
5.550688184545263660e-23
2.548520076144762426e-22
-1.898624096626129729e-22
7.703859739282522941e-23
7.316168353771371032e-24
4.953998489100846452e-23
1.222514757153270346e-22
1.563126378987046288e-24
-4.133185348846961513e-23
2.059318150444339119e-22
7.954202996053165196e-23
-3.354084840301816465e-23
-1.955362237411647789e-22
-1.257374592561763999e-22
-1.193874022612104831e-22
-4.797460820558712712e-23
-1.307114672430306253e-22
7.434064081170713524e-23
2.997064130790806728e-22
-5.990778579789992349e-23
-7.147405801971128539e-23
-8.902418660815815056e-23
1.143238199122920550e-22
3.528775562849875257e-23
-3.953742375904135366e-23
1.008314186756385496e-22
8.684638581101679214e-23
-1.648558817922102185e-22
-7.368618317216639927e-23
2.216417713965396362e-22
-7.049928130874949951e-23
-6.524108650830652223e-23
2.699378431802416628e-23
-1.085110196286327112e-22
2.169919693921007388e-22
-1.885305655400524653e-23
-2.763469659121726744e-22
3.618268383667274943e-23
5.642588196148063390e-23
-1.138170375527209550e-22
9.221578760001016997e-23
-6.576637502701567449e-23
-7.612725095907485983e-23
-1.010500625377642245e-22
1.735040243980284490e-22
-7.353947279227073119e-23
-1.544648005828993674e-22
-1.480493596327086377e-22
1.461389184753805578e-22
-1.060643698214111343e-22
1.672450976869381140e-22
-2.310065760658968228e-22
1.075712343395530309e-22
-9.076714374670223759e-23
-5.839944626107897608e-23
1.378873251548288654e-22
2.147145924961242720e-23
8.753371782404436557e-23
1.785807271150033192e-22
1.550528987818402957e-22
-4.196031506163631154e-23
-2.042433437249045602e-22
1.366797155065207488e-22
1.494690484153983466e-22
-1.139468056074875532e-22
2.153925997627156446e-22
1.585721934590210526e-23
4.459708074534730661e-23
-3.635074592001843524e-23
-9.506269184328555727e-25
1.070384262460057193e-22
4.844080276514297403e-23
7.162061912497531262e-23
-8.329791303029100240e-23
3.087165001171854457e-23
-1.099700305233749581e-22
-7.470326750249374841e-23
5.874513409685594601e-23
-1.506952269419449412e-22
-2.481826238641082087e-22
-2.318770229734734440e-22
2.752401267874184599e-22
-5.786257030365216578e-23
-1.463763219098606333e-23
1.932300625305437635e-22
-2.244253453473577038e-22
7.173823121287138216e-23
4.523021459508568149e-23
-1.055727183204013663e-22
6.708324034880832969e-23
-1.351946573799988212e-22
1.562047033149537010e-22
-8.786778572558278388e-24
1.869845485501792037e-22
-5.393711067998463419e-23
-7.826683288553802750e-23
-8.591638149621857172e-23
-4.333431105973446816e-23
-1.168903489107221080e-23
-2.031754703614310902e-22
1.726169369886344545e-22
-3.439275551561292653e-23
-1.153402850752235545e-22
-4.108568743786713926e-23
-1.788941218464384437e-23
2.692542263476035267e-22
2.237216580740799245e-24
8.658375291989400246e-23
1.508127230846500301e-22
2.076028950905534869e-22
-1.657128947995801736e-22
-7.366302303988637703e-23
2.484276883571988165e-22
6.837574115960532024e-23
-3.254930438155579780e-23
8.768002318834273701e-23
-1.583132387984321736e-22
-9.228618462234226658e-23
-6.009586842745355564e-23
-8.711434732791779997e-24
3.583382193428618951e-23
1.300148489557958368e-22
-1.997354410402838854e-22
-3.444019205689128906e-23
2.193999218439019937e-23
-1.284481790131306051e-22
-1.461576210759034661e-22
-7.245214039506414549e-24
2.059976758933920922e-22
1.660192907132972018e-23
-2.131387841881918253e-22
-1.076544712171612463e-22
1.153027558406729346e-22
6.941692339427005521e-23
4.014020844412449546e-23
-2.232633156668214336e-23
1.013114276606682859e-23
5.324343039432004250e-24
-1.219377158628552010e-22
-2.554507092209580333e-25
1.144654097396436741e-22
1.153784590616234377e-22
-1.586848187241000166e-22
-2.389415292418151906e-22
-1.125259060412232616e-23
1.654179046210479008e-22
7.709529775106307727e-23
2.896176579508815308e-23
-6.876315512176833042e-23
-1.093731240914189340e-22
7.078709183538773329e-23
1.622041024346583600e-22
4.303418385086168364e-23
-2.305894342513038032e-22
9.732924237590980273e-23
-1.395246006482488507e-22
3.694079175096473852e-23
9.725355540267690545e-23
9.001303057595522282e-23
-6.624646772208632112e-23
9.071769215666723081e-23
7.950671021997348066e-23
1.198799840809674859e-22
-1.391973398084483513e-22
1.784118990246202175e-22
1.907174712879864748e-23
1.328817098485853901e-22
2.882460349549017638e-22
1.913560329215834977e-22
-2.697021300488638273e-22
2.139674674236463764e-22
-1.046313974947109588e-22
2.866100620715115453e-23
-2.409497902667895473e-22
-1.060175514284455842e-22
1.406192457989786278e-23
-7.494017927434197530e-23
3.224037945082265734e-24
-2.369731489732895895e-23
-1.799041796199663466e-22
-1.631960378448523062e-22
-1.946613094409653211e-22
2.779562960884478973e-23
9.936152563148400484e-23
-3.686647030021831777e-23
-5.480977215285301223e-23
4.804742989943094417e-23
-1.577808396917008504e-22
1.097078940588456488e-23
-6.592145621486312166e-23
-7.032863904980660448e-23
2.250387628996049812e-22
-3.202326365846641366e-22
6.348686598196740877e-24
-9.997224204501860382e-23
7.093021559851090325e-23
2.860803468323385437e-23
6.717303251876302825e-23
-1.358766956465614462e-22
4.084094603958815635e-22
-1.937548956388993960e-22
-1.021636764998795875e-22
2.432526902894464334e-22
1.738190618159544485e-22
1.838418292247283489e-22
-1.684074715312136566e-22
7.669509626319005873e-23
-1.213078939168869379e-24
2.761539351416986541e-22
-4.072779784326509718e-23
-1.905360697792792138e-22
-1.304136424970082654e-23
1.229151114795401478e-22
1.874192645626970352e-22
9.951003858415565962e-24
-1.794746332427897455e-23
1.963106018242069470e-22
-6.303150813237033785e-23
9.996582768539243157e-23
-7.193449569919546187e-23
-2.468565346365913604e-22
-1.378139630699560982e-22
-1.116850369583431710e-22
6.154007251160240310e-23
5.335988150990462054e-23
-3.838427783851691611e-23
2.908027988489503957e-24
-1.611828748064817057e-22
4.471874975748048405e-23
5.096759269261193364e-23
2.140347207835917572e-22
-3.597575039633543076e-22
3.597111755108929234e-23
-1.664945680064805602e-23
1.119690113631519499e-22
5.894474767117288308e-23
-6.870074431437713141e-23
1.815811028228518259e-22
-2.499784962116514371e-24
-1.740312232684517794e-22
3.164974397887361995e-23
1.099018817530396209e-23
-1.326596624805942905e-22
2.238000619840566490e-22
-2.046190185975388082e-22
-1.096421250463014055e-22
-3.921235496342749090e-23
2.152641470313536705e-22
-9.477786233111499258e-23
-5.942075726596846075e-23
1.072275940510594201e-22
-1.008410614008969006e-22
2.035035564931196328e-22
7.753422211338989168e-23
1.122258415377452558e-22
-2.100953859250802262e-22
-2.667501371056543865e-22
-8.388203457164424433e-23
1.078787769622571300e-22
5.386684454248798469e-23
7.622005307053509038e-23
-1.150390013427685843e-22
1.040038919585085274e-23
-4.885036983180976080e-23
9.211650680533481939e-23
4.013034051219235342e-24
1.732575332841680827e-22
1.033275164122888337e-23
-1.546854921806889650e-23
-6.951624345002966616e-23
1.105921480252139928e-22
-1.940968906528540705e-22
-1.672461845310993394e-22
-1.277588678557917648e-22
7.228053881219817206e-23
2.387867093618973332e-23
5.908301953545967402e-23
7.889792498924247573e-23
1.479668712374274985e-22
1.451232137037930980e-22
-5.262647211825309111e-23
8.126268326980368219e-23
1.810943665902232744e-22
-3.853555207323884625e-23
1.713841540586947150e-23
7.771192760587099244e-24
-8.901991865707217075e-23
-3.688564533242075337e-25
-4.708375655442209305e-26
-1.275174204279866056e-22
1.653581940110921143e-22
-6.163123602525736580e-23
-1.959449867543681913e-22
1.048968314746058313e-22
-1.513739603426324171e-22
-1.783758453793015858e-22
7.524731157882634593e-23
1.050985995832034422e-22
2.011934740552037397e-22
2.480578840841944580e-23
2.248300253624391159e-22
-5.881396428089735953e-23
-1.825111804946466896e-22
2.675552984907265471e-22
-8.694698755696767101e-23
4.765295624141361971e-23
1.760232582449105547e-23
-3.118228374990273435e-22
-6.124550365349875336e-23
4.843118299405012586e-24
-3.684969877936990901e-22
6.217232796730439982e-24
-1.771865498462012311e-22
2.962001914602971428e-22
4.258151212702060397e-23
1.045662664988806478e-22
-1.800539647332781105e-22
-1.287843461088628441e-22
3.645906020775639932e-23
-6.177461730304600874e-23
-4.209797060307510510e-23
-1.074109946475070519e-22
2.923368273436362183e-22
2.424021051078943885e-23
1.547225823183088564e-23
1.630303759472635854e-22
-6.302622478273816102e-23
1.557638958287803991e-22
1.167343659093954238e-22
-9.780031175750175419e-23
-1.577059357249702028e-22
2.955184773302259793e-22
-9.188008455001310327e-23
-1.208106455494466784e-22
1.429101033237007322e-23
2.383160478018371399e-22
3.457258857871492934e-23
-1.095108321752016456e-22
1.187329892758426374e-22
-9.260148370326402363e-23
-4.856941710698748238e-23
8.115371227548214741e-23
2.520602779115513584e-23
3.848525980974918919e-24
-1.280769904169231891e-22
-1.065698719376418168e-22
4.259114588899765540e-23
-3.130083656701969583e-23
-3.354467296209241834e-23
8.214176313109383657e-23
-1.570606222565918795e-22
7.457683946208417998e-23
3.401589158614006190e-23
-7.962402298899500015e-23
2.118744500847199043e-23
-1.677006929542908066e-22
-7.094110434869487291e-23
-7.263284839637699063e-23
-4.609485772657866306e-23
-4.517904733386001427e-24
1.041512973246512230e-22
-1.405822225139102507e-22
2.005243191018801182e-22
-1.499834510208576811e-22
-6.332270256070068468e-24
-2.291347518305832331e-24
7.441883677892836446e-23
1.171691175536252058e-22
1.072046074655807510e-22
1.248578433678293443e-22
-1.363361782283188001e-22
2.728470538035929770e-22
-2.873432270901495082e-23
4.634649033043854646e-23
4.229074859525563241e-24
-5.397122089564728358e-24
5.017944818293645017e-24
1.732360156268162834e-22
-2.216968520176928879e-22
3.401471423413902717e-22
-5.139387507988912847e-23
-1.578920706587447410e-22
3.098895064505842600e-22
9.638783313612641642e-23
-5.186690250334751259e-23
4.411199140433125593e-23
-1.362579827507813635e-22
-2.401206889912826503e-22
-7.243496814796486319e-24
4.563017529124884032e-23
-1.622550544604447691e-23
-6.360305971475987655e-23
7.793389084452309913e-23
-2.026076292544598365e-22
-1.408124721750404023e-22
-9.213745910725879337e-25
-1.726601539947820836e-22
1.075042094786157638e-22
-2.132401880024365321e-22
-1.340895688179766521e-22
-3.984730036098840700e-22
1.433665980480461614e-22
-6.596462903279109061e-23
4.901372784646372415e-23
9.736682839719953829e-23
-8.719713350177438773e-23
-9.272295201456377273e-23
1.230194121205965625e-22
-2.476222710490773012e-23
9.489820852566461130e-23
1.488095718440379880e-22
4.704517322960330672e-23
1.477626946397953841e-22
-1.206120422883073145e-22
-3.439889540345284340e-23
6.306824775596133247e-23
6.176775509479735583e-23
2.100965204679371521e-22
9.152313460637972949e-23
4.434934019330644594e-23
6.470266101619314232e-23
-2.051386291454475372e-23
-1.945168731691195826e-23
2.759373647247479034e-22
-3.248041917348200369e-23
1.638994448510223921e-22
-4.993215109014908371e-23
1.504477993459496365e-23
-5.420454659765419682e-23
-5.038071196805346220e-23
-1.449681839898157032e-22
2.472588874351472569e-23
2.763191938969696306e-22
-1.145473153253503928e-22
-5.512159779453091149e-23
-1.282923009531442058e-22
2.139882488994268450e-22
-6.799897246240659671e-23
1.666186029622424096e-22
-5.426670216461074769e-23
-1.516925217771028490e-22
-1.745760069523637919e-22
-5.658446412364186557e-24
-2.241794899170894298e-23
-7.819041629199575438e-23
3.641795618795068383e-22
-9.295554889942002938e-23
-8.672839441219767971e-23
-2.476153327614963977e-22
-1.421414518151540000e-22
-3.866909106738315288e-23
4.035137874075667872e-24
3.165996939011571477e-23
1.014407840450977710e-23
3.785740161758298907e-23
-1.140565445251648484e-23
3.450289715323971537e-23
-3.366066952665499548e-22
-6.494082442739210570e-23
-3.527680677810084279e-23
-6.122365533935004121e-23
1.704751511752973183e-22
-1.244559098509724057e-22
1.234556849732451172e-22
-7.314414563093380781e-23
1.078842835469405831e-24
7.746188934020613532e-23
-1.379241496804386317e-22
9.591863851675526562e-23
3.520934929065077079e-23
1.506458344876451008e-22
1.275333982516382650e-22
3.094134915066476720e-23
-5.977594809517184975e-23
1.164005930732316839e-22
8.925140095866861329e-23
-9.604847306888229052e-24
1.442684554856177245e-22
1.277187441854867554e-22
-7.062920991782791337e-23
-1.256230369339633468e-22
-9.583288442803852688e-23
2.856430950925364581e-22
9.782875845862945335e-24
9.149185697918066614e-24
-1.315059572923224172e-22
3.117423206827182640e-24
-1.461593195563422080e-22
4.588611215254865831e-23
1.989628502804716551e-24
-1.103872435117373716e-24
1.017481381418639190e-22
-8.910273305381181560e-23
7.810954336226050913e-23
-6.912608881180474096e-23
-1.244222826477130296e-23
2.469157606081918533e-22
-4.664697733992629040e-23
2.048052972101503617e-22
-1.021056288949760242e-22
-2.642748791844930185e-22
-1.011310230540870608e-22
-2.056293587568478770e-24
-2.738071541493999256e-22
2.171668404647254381e-22
-1.467467071167345328e-22
1.783309260746480614e-22
-8.164826769429029362e-23
8.891180579478378902e-23
-1.182777487606510876e-22
-4.024371007594516220e-24
-1.461166812833762889e-22
2.025518047166540278e-23
7.170007179866547080e-23
1.622506424561922984e-22
-9.780267066749047687e-23
1.147962731842271737e-22
1.148700552329741937e-22
1.223568556667057891e-22
-1.597164013904251233e-22
-1.622104214029897975e-22
5.614262857061575124e-23
1.286683931141428109e-22
-3.078874641406479460e-22
5.259644885398078844e-23
-1.956446109167632408e-22
3.222958990226401270e-23
3.831050806729830827e-23
-1.231827591723147800e-22
2.209001900617041037e-22
7.032986184347941526e-23
-8.489920321237280407e-24
3.609096824184310733e-22
9.889463610725165164e-23
-1.326779309263404092e-22
2.586901221216520060e-22
-1.730602661289169960e-22
-1.670464512676358253e-22
5.607889693324444213e-23
-1.200629234328818196e-22
-8.532956777753954774e-23
-1.422187182741700348e-22
1.930675078206933415e-22
-3.451911079369407448e-22
-4.740639816759168329e-23
2.048707066670181969e-22
-1.381993307731320543e-22
1.129968304012659199e-22
-2.360743388061575579e-22
2.120812192582082840e-22
1.361480450106453904e-22
-8.231653992377004986e-23
3.232900376180800668e-23
-1.333945382232471692e-22
4.581850204307965559e-24
-1.360872566446436750e-23
1.956425694083227361e-22
7.588577157017433613e-23
-1.855893038462497339e-22
-5.349622549544568610e-23
3.185069608388993301e-23
-2.336524756198841292e-23
1.390150123874384960e-22
1.100233070689078042e-22
-9.407367244889891427e-24
3.321376054241383287e-23
4.192486516891381639e-23
2.257974018460092278e-23
3.056105926648134637e-23
-4.360260444018156516e-23
3.796163883589802787e-24
6.465247431540096217e-23
6.286846097049187719e-23
-1.431264164323330994e-22
-1.652103371927796397e-22
1.488645481096851190e-22
8.652023312250282593e-24
-8.980012079714616400e-23
-9.990462981159311596e-23
1.390549248282156214e-22
-1.381855824468655952e-22
3.401894176529893424e-23
3.259241642692268249e-22
-4.674138757245216271e-23
9.272638954118014242e-23
2.211855651905236178e-22
-1.245903332706024793e-22
4.892822851883241110e-23
2.290651360814207620e-23
-9.084275653612150851e-23
-3.442621843075589552e-23
1.855576508528277664e-22
-1.910026566526149135e-22
5.473191956892177625e-23
-2.230673577389465851e-22
3.203201302319501077e-23
-1.904957251095262680e-22
-6.242639310179261378e-23
-7.444669212521789549e-23
-7.349230816049572973e-23
1.968338012248696941e-22
2.752418509680179333e-23
-1.112395031939152288e-22
-2.344669652456729459e-22
7.369294556133993716e-23
5.240571707699183401e-23
-2.164941086759729660e-22
6.387583103818299627e-23
-4.379082977363435434e-23
6.697126140578662082e-23
-6.928215411504760562e-23
-1.380774509013149054e-22
-1.170889132784784861e-22
2.029645562199778917e-23
9.195429791305723486e-23
-5.677954210015057831e-23
1.381011264714943259e-23
-1.731397743847899136e-22
6.903990960989654023e-23
4.233210849358736694e-23
-2.094485718934494361e-23
7.723166628559881331e-23
-7.546292713321547740e-23
1.853951800371420004e-22
1.120784449987632479e-22
9.670512311042558260e-23
-1.269134772237244915e-22
2.231421984166910332e-22
1.720818822211713898e-23
1.247702312094561109e-22
-9.784748104213972450e-23
1.935559228363050991e-22
3.100648487722804496e-22
4.655330614635483570e-23
-9.790909026731756311e-23
2.063791103729168358e-22
1.112817334436037493e-22
4.722702401126758086e-23
6.679012889028424507e-23
1.494918863787378387e-22
-1.953300329543643163e-22
1.988459304061096554e-22
-9.623329894475464396e-23
-1.854621883602697685e-22
3.937014597397640717e-23
1.166924002005091744e-22
5.450914919383407572e-23
1.642886786333341433e-22
2.744136353430623799e-23
-1.066910535804352584e-22
-2.598647439056021670e-22
-3.544935490365956126e-23
1.276081563863985022e-22
-3.414599953473395696e-22
-7.939137814818109674e-23
-2.408842539725122555e-22
-2.437045506223959005e-22
-2.285788313666054216e-22
-4.858467203935664061e-23
2.282021007394711367e-23
5.504866060104750503e-23
2.859281684222114287e-23
-2.710381649437075350e-22
5.657025225087469509e-23
-7.087374917480815428e-23
-4.220702597346978701e-23
-7.247948814896368609e-23
6.808123528103131794e-24
-2.323431124526710356e-22
-2.411482857120152629e-23
8.183972817966121254e-23
-7.820791318972578378e-23
-4.430171398328845402e-23
3.332674002521328199e-23
2.254788947508856016e-23
6.751125493094274717e-23
-4.591356572838920288e-24
2.645178153516205702e-22
-1.911788855837559060e-23
3.290758542942318333e-23
3.046005353183431522e-23
1.259638228672641782e-22
1.782159916486311209e-23
-6.908546091220023367e-23
3.923805741398709945e-23
7.317574787246331534e-23
3.200579668415352319e-22
-7.146602412011205293e-23
3.389914807816141097e-22
3.288645635501328157e-23
3.046885075584942477e-22
-6.255715003177823905e-23
1.904553614993807467e-22
6.023409525783845310e-23
3.655088972269804830e-23
9.985101429030475333e-23
-4.322719445211993724e-23
-6.280472170495141113e-23
-9.989711923756920306e-23
1.103747645812803415e-22
2.089340068163141572e-22
-2.112015005384249110e-22
2.000166778044725012e-22
-2.806521099545295306e-22
1.057873607101386105e-22
-1.332555348789120282e-22
8.477674140421251812e-23
-2.987624266725948821e-22
2.848698970829318458e-22
-1.173508161778893464e-22
-2.848919499195674612e-23
-1.386069440145079453e-22
-5.484162740798072364e-23
-1.618363399122564752e-22
-3.168619905480973566e-23
-2.170703013736221941e-23
-1.711299916587751492e-22
-1.010532693182934711e-22
-2.312762582495752310e-22
1.996803503502607625e-22
-1.854420771824774792e-22
-3.292980475258711998e-22
6.152651864123756110e-23
-7.319125240017889283e-23
-6.149307515148124325e-23
-3.128706865784580522e-23
7.151941865784774893e-23
-1.316739582337319449e-23
-5.877938881973096419e-23
5.083051851105843782e-23
6.852306586750651959e-23
4.105594814403993594e-23
8.218314463857521507e-23
1.782140439277740305e-22
-2.296007418561857466e-22
-1.198769285050842913e-22
-1.368693736172042761e-23
2.399977159228308183e-22
1.330351399301769950e-22
3.613727944596216130e-23
-1.308495371048658465e-22
8.266212763232975520e-23
-4.457449373646423461e-23
-5.663345864571974210e-24
2.897445128907980307e-23
-1.405257055548808093e-22
1.903778475465477797e-22
8.001628672677518602e-23
1.251766800131366568e-22
-5.957572316543519345e-23
1.214251885998103863e-22
1.387117092588639742e-22
1.433977530524332773e-22
-4.606382348201812838e-23
1.464583804233037282e-23
1.165853822713502738e-22
1.431047862976326960e-22
1.296011745145114146e-22
4.693693350938603905e-23
-3.600617312188570550e-23
1.312749234070263922e-22
1.235404158070573639e-24
6.340861418363597567e-23
8.305326608945083197e-23
1.642538337364195556e-23
-1.405944580720547471e-22
-2.104639195528941200e-22
-1.475743141220463887e-23
-1.500432117557455185e-22
-2.808869517723880944e-22
-8.390047050286360596e-23
-9.324119219628612706e-24
2.270395897415265682e-23
-2.370498026840013419e-22
1.748533628203146228e-23
-1.665293198791318620e-23
1.594252742357164782e-22
-1.250507023161368472e-22
1.662416918633643676e-22
-7.106292125424826302e-23
9.164335698855751940e-23
5.428461914571792490e-23
6.271598971754842211e-23
4.394117055837722694e-23
3.362515139180197408e-23
-5.777838527901915035e-23
5.630369673734007139e-23
-2.069965280020289255e-23
-2.634425427831695206e-23
-1.913474165902286579e-22
-1.144694256105894805e-22
-1.865259834797090584e-22
-1.976624161898103593e-22
8.230383761244995649e-23
7.981816852015449583e-23
5.348099297872406501e-23
-5.252035567545000067e-23
-1.115723902599676127e-22
-1.006334419021900437e-22
-9.747072178056611741e-23
-3.745393943152246264e-23
-2.368525449605969801e-22
3.323365914377793474e-22
-1.182168901003001222e-22
8.113501932190490286e-23
1.915952944850061960e-22
-1.124952375733174512e-22
1.460825293975963122e-22
3.108365901179686411e-23
4.178972518786003121e-22
-1.262497882083951480e-22
1.710679415727253546e-22
-2.259696699375389654e-22
5.916509184183074367e-23
1.190876391978766380e-22
-7.339085061791651819e-23
3.844971346969389521e-23
2.386495200284300295e-23
1.824112643817279044e-22
2.094388858942149069e-23
-7.156764684156229619e-23
-7.649423548536698581e-23
-5.920084565636101509e-24
1.005582797259355731e-22
-2.073788193339311881e-23
1.565888842924775288e-22
8.236355385323413224e-23
8.626708218732582188e-24
1.839201398574337790e-23
-4.293350948786406329e-23
5.365599999823537669e-23
1.221245015812683551e-22
-2.432483600325822969e-22
1.229371031136694905e-22
5.497329195144605577e-23
1.138599306661368706e-22
-1.291314287055458068e-22
-1.330601077038863567e-22
2.711293943876422680e-23
-6.548261069002047884e-23
-5.016705826512185014e-23
-9.712547217826475583e-23
-3.285522986380337761e-23
-4.617946598563432332e-23
-1.161260587914028488e-22
2.813606734582766528e-22
6.775713655284108015e-23
-2.534211016625364126e-22
-1.507152973983387244e-23
7.044359863357297955e-25
-2.653086282477762000e-23
1.265740028763260106e-22
5.191506979398218770e-23
-2.230901704694929775e-22
4.897159264439117223e-23
6.850272632147489088e-23
-2.142767836141913159e-22
-3.205993684154576916e-22
1.334818705847524617e-22
-2.519490890825057242e-22
-2.164518981571122657e-23
1.371517454973903709e-22
4.563296296760816340e-23
-5.533572794623252305e-23
-7.317345910105873370e-23
1.474902934468187981e-22
1.628102451858558635e-22
-8.110958805560585706e-23
-1.909148020207601342e-22
-1.327792524283384326e-22
4.434551473849327178e-23
-1.134866561520676310e-22
1.792551902569445062e-22
2.272850558408899446e-23
-5.404299641222156638e-23
1.191791958282501613e-22
1.116137275069590920e-22
5.089460365951970578e-23
1.330901520153162680e-22
1.559627574940302189e-22
9.896044429572268957e-24
9.240362014198858617e-23
-2.506394426915485146e-23
-1.575519053347096052e-22
2.402401946784529065e-23
1.186810820415498188e-22
4.374021557278134442e-23
1.139062503458236823e-22
-4.260460724467940389e-24
1.501867437663226397e-22
1.171514844117279117e-22
-7.145376085070679000e-23
1.203327123783966894e-22
-3.642340941017637483e-24
1.212815375673929784e-23
-1.601414222705840850e-23
-1.498246503361268998e-22
1.230641771158837711e-23
2.015936600635286651e-23
-1.727664129238013737e-22
3.387009656438377683e-22
-2.303840708095845314e-22
-1.385125969263507878e-22
-5.702652434127702138e-23
-2.520722275356052687e-22
5.964800171251811783e-23
-1.009502725699924723e-22
-1.259583129182987544e-23
-9.628118982779762669e-24
8.162912916030481349e-23
1.425631224473501900e-22
-5.737135842971332026e-23
-5.213267116726336010e-23
2.432714529874166735e-22
-5.424587056678749939e-23
7.769568508614777634e-23
-1.831976360428267698e-23
8.220097059145525175e-23
1.019554118551181217e-22
-5.233241329103605596e-23
-8.764126082332962244e-23
-1.865546170781218725e-22
1.099202316650721735e-22
-2.283106195524609725e-22
6.072378765344632729e-23
3.488503755611522672e-24
-2.986208329002948010e-22
-2.166791382338273955e-23
-1.380085976471801719e-22
-2.390378008251969630e-23
-1.832224036033406949e-22
8.039253472043362541e-23
8.962350534380078543e-23
-2.468940825473856467e-22
-2.135144785613100627e-23
1.687596854299404824e-22
-3.075179747507953699e-23
-1.333507420192681173e-23
3.678679824383330681e-23
-8.777293654799616235e-23
3.800104079610161721e-23
1.753033360734506678e-22
3.241802004142709068e-23
4.481139351468848700e-23
1.429039684281165451e-22
-1.350005611923835472e-22
1.979496410846752890e-22
1.063611927303070844e-22
3.185685167600453315e-23
1.378615179774558916e-22
1.853517116366488397e-22
3.240999148221824766e-24
3.517965956526677722e-23
2.106543725431013073e-22
-1.369088286230354991e-22
-7.750529692163956255e-23
1.523145052181410118e-22
1.746749109305216125e-23
1.194963816368428151e-23
1.129940741741080610e-22
-6.932517789175674532e-24
-3.201153542845610092e-22
-1.867620647580162031e-23
-2.955181213456946382e-23
2.624716511075837557e-22
-1.631330171652822757e-22
9.929883966695799680e-23
-1.664162477029159852e-22
-7.400931808704292458e-23
-1.929148418320063696e-22
2.999448805104070030e-23
2.646697214386359163e-23
2.745014673857774940e-23
6.930158343086732340e-23
-2.898544938026849615e-22
5.181038578125619042e-23
1.504528503202007218e-22
8.228887521995577548e-23
1.631416881107665286e-23
-9.905896840475808213e-24
1.625002091188014929e-22
-1.011393855008436427e-22
-1.125629222122229965e-23
-2.795216111039647966e-22
2.834371689065524400e-22
-2.546930606506573663e-22
-8.565912324908566862e-24
3.361382272276306481e-24
-2.457094096318871658e-26
2.525928644901560238e-23
-1.452355150495106994e-22
-4.245802544773994925e-23
-8.994255270888996848e-23
-1.636486649368372205e-23
-3.427013918112295798e-23
-7.745751344334581412e-23
1.151407142881623654e-22
-8.555209630389542984e-23
-1.859605786438771571e-23
-9.548373273620426716e-23
7.327927523332076768e-23
-2.947225421089152381e-22
2.435027051971502538e-22
1.199309120536178773e-22
-3.822066549662724234e-23
2.106076267852495648e-23
5.708718967774148853e-23
9.288005941678482626e-23
-1.158038852956881927e-23
1.456754102445635855e-22
1.035725424522376040e-22
-1.192602832489762634e-22
5.875417673762545413e-23
-3.691273759774384593e-23
-1.895478571384027337e-22
1.608251918950553403e-22
-2.026462148633100966e-23
-4.416811312713887667e-23
1.820054040431146140e-22
-7.066706308076304932e-23
1.112253973866404979e-22
1.352559319645832010e-23
2.422758111742808522e-22
2.211926307967869674e-22
-2.240526269134805006e-22
-9.060588022835284060e-24
9.599426716330187706e-23
2.547025429704709865e-22
-7.824727337870896397e-23
1.106182550204135415e-22
1.685718194771458936e-23
-1.085682480375555296e-22
-1.053105964504267409e-22
-9.207025705271184972e-23
-8.755211098687686166e-24
-3.962936183530357963e-23
1.166367269282127888e-22
-2.032390060077510984e-22
-5.437250695712677332e-23
1.134892499171089711e-23
-6.988183855841279467e-23
5.302223785991061828e-24
-2.682105853965299266e-22
2.619831118621142640e-22
1.467898837832619924e-22
-2.265996730887738486e-22
6.444463894386408120e-24
-3.972652552465584016e-23
-1.839836269795232976e-23
-2.128955678050302345e-22
-1.539153543916099079e-22
1.305308098422718636e-23
4.928302866338961364e-23
-7.009633676341549631e-23
-1.274759053923065986e-22
-4.863211405136369485e-23
2.639397953859062870e-22
4.698299869145333078e-23
-6.817392267052983994e-23
1.888806568570095169e-22
-6.481594883447113352e-23
1.104676072609937933e-22
-1.424762528924388241e-22
-1.963504889196024764e-22
2.838650248078968283e-22
-1.022168179097059199e-22
4.634175898704457605e-25
6.945562739455705215e-23
1.594835652812630392e-22
-9.868137786468921959e-23
6.652812678192423625e-23
-1.343149814260430039e-22
-9.174689946606575369e-23
-1.285603272424788353e-22
1.373813865894032162e-22
-1.207675869692229071e-22
3.075907790809126222e-22
-3.047735343116214538e-24
1.912253740603480753e-22
-2.144881559290020196e-22
1.906334661957255715e-22
-1.748923289920965439e-23
1.393348864823519645e-22
1.211133180467695437e-22
6.944774739437447729e-23
-1.904957679396606058e-22
-4.953927295929325964e-23
-8.227500261405666114e-25
-2.943373022389358170e-23
-1.985730889184714926e-22
5.428146901591070790e-24
4.921079482768165608e-23
-7.401174179102920730e-23
2.239365148837193464e-22
4.521797059165320263e-23
2.135984042575398508e-22
7.215801506001418976e-23
-1.226828068210252082e-22
2.059039393720847188e-24
1.119206571574994925e-24
-7.618630017441798844e-23
-8.416663771451536806e-23
-2.073070286416913875e-22
-7.597638383922846536e-23
1.211374383101211706e-24
-2.682810872503392307e-23
-1.474953481023626148e-24
-1.484077061517939814e-22
-1.325809121492418519e-22
1.377623523265136076e-22
3.653230010197445870e-22
-8.958667788254780891e-23
8.538409065119379930e-23
-7.672156780022519661e-23
-2.197848611061420318e-23
1.276631274438775343e-22
2.256084711243298492e-23
-5.782627084083632763e-23
-1.026932499609758331e-22
1.786828983695250024e-22
-1.400300394448654287e-22
1.518266696459272772e-22
-1.790915267767756279e-22
-1.280967953133804593e-23
-1.155758262436953673e-22
1.019012297564601571e-22
7.044380684701804607e-23
-1.679415356344709212e-22
1.489545534267833275e-22
1.331096683465673404e-22
6.451178045390048814e-23
-3.803877609967847698e-23
-8.780649795797607299e-23
-1.568180286333749239e-22
-9.926213964931958194e-25
-8.395835905913230253e-23
-1.557904989612070385e-22
-1.979599895539532701e-22
2.673819028107521072e-22
-1.873853630084651631e-22
9.782602533441097133e-23
-1.001869374011039168e-22
-7.067221382631272756e-23
1.354365269744202171e-23
5.177300938815066980e-23
4.313476351270203984e-23
-7.338086372051971720e-23
8.208321978478804187e-23
1.442423465051119430e-22
3.369608389386821260e-23
1.149472778813184534e-22
1.569643722866687725e-22
5.488257283215711420e-23
-1.609241749536287684e-22
-9.033344269156293009e-23
1.274607263982561896e-22
1.541044772571062101e-22
1.204891916638883984e-22
-1.417943266254696216e-22
8.133447413728292450e-23
-1.532220388566964736e-22
6.474295958460918389e-23
2.470839896051192329e-22
-9.570613893898444171e-24
-6.121565672777997304e-23
2.957712640751795482e-22
-3.015906387257097553e-23
-1.625250144569312854e-22
-1.268041908052458509e-22
-1.765010649750208344e-22
1.699986221447938626e-22
1.223745765617509357e-22
-2.521968009156373906e-22
-2.184043653505251441e-22
1.479910104932950013e-22
8.335061040872589008e-23
9.670989152755799604e-23
-2.189455588095367760e-22
1.506548757591335021e-22
-8.947532614072032938e-23
-1.005885043888962889e-22
1.449478187518720453e-22
-1.385229944648527286e-22
6.197171394191684028e-23
-1.762611638784202017e-22
-2.972622663497110079e-24
1.175257379639485740e-22
-1.469133873052446651e-22
-3.035102958361188029e-23
-1.563643840838176621e-22
-2.189900715700709921e-22
2.693797061530674420e-23
-5.258753766484483027e-25
-1.334552336455936191e-23
2.026244480460924977e-22
8.363975591265281053e-23
1.581517550618903058e-22
-1.185708664367272222e-22
-1.080271175587873758e-22
-9.249225764569897919e-23
1.525200533689639633e-22
-1.324682127659204288e-23
1.467582326865232232e-22
-2.433883877692888504e-24
2.658873055537439203e-22
5.390648692331451217e-24
7.302761266754192781e-23
-1.438723453291126563e-23
2.063433129271812176e-22
-2.588731097929639881e-22
2.323589537236305868e-22
-3.437287780981190052e-22
2.742126064291042092e-22
7.655536253139265542e-24
-4.746893141501054228e-23
-8.098696167198543564e-23
-1.065128318656818681e-22
-1.713875183659562370e-22
-1.589246442702977512e-23
8.304778795714599494e-23
-1.240556245329354145e-22
-3.617051353603384444e-24
-1.841875594760374036e-22
-1.939341471162940737e-23
-1.919206223535077834e-23
3.376460689333490648e-22
-1.142512048088490104e-22
1.287022617636700481e-22
-3.874896555312351156e-23
4.678773336554318165e-24
-1.448688695285398771e-22
-1.921447952847721985e-23
1.404144556175973897e-22
-5.328998557489508747e-23
1.121914883371633989e-22
8.871672504559177643e-23
2.088461624147943772e-22
-2.072592744671220084e-22
-1.573669092555283114e-22
1.855577271319919760e-22
-2.124943138334035009e-23
5.991534105939596608e-23
1.155898166723591014e-23
2.544783522208056392e-24
1.680856223521863170e-22
-1.006007922295522213e-22
-1.511493101603196992e-22
1.663856868980005304e-23
