3.841610186206016852e-22
3.408867644866935564e-22
4.326499657143201754e-22
2.154036503020072608e-22
3.711353190674263312e-22
1.344343533874452758e-22
4.856126458579689906e-22
1.440340887873743642e-22
1.354620591912584602e-22
2.714975407525733261e-23
8.708114042853084058e-23
-4.442218072700371766e-23
3.167996915493522190e-23
-2.186937834436425281e-22
-1.334008477720036431e-23
-1.291700586062517407e-22
-6.224563894297529633e-23
-2.673648155586265601e-23
-3.155077293317211170e-22
6.538402294607631350e-23
-1.915512883220363022e-22
-3.234599895674765298e-22
-2.358873475802125949e-22
-6.538376874411779680e-23
-1.626936593174460747e-22
-3.650913816339572765e-22
-3.663045765729698791e-22
-1.783165788301529674e-22
-3.637918433721205840e-22
-3.030271620021000766e-22
-4.491478229911128748e-22
-5.068871453430528552e-22
-5.123588392712163457e-22
-3.500591339336663924e-22
-6.913160894558029928e-22
-4.531074762978186445e-22
-6.572936286629151967e-22
-6.080793218885614415e-22
-6.939301978895100483e-22
-7.512396394318114761e-22
-7.306585062362068975e-22
-6.303194357230528348e-22
-4.661500905226061461e-22
-7.094018096104283332e-22
-8.558257278650201027e-22
-7.001776296939479067e-22
-8.147997613223368494e-22
-6.305433275803161094e-22
-9.983045569326772321e-22
-8.530784529901423581e-22
-9.359450410689919912e-22
-1.000243552643292740e-21
-9.392501058597221188e-22
-8.005002874137994424e-22
-9.058090422892713412e-22
-9.139364904590195919e-22
-9.064288527219755523e-22
-8.014256440682672659e-22
-7.924232124453417734e-22
-9.849519543565995441e-22
-9.405527745387951282e-22
-1.070393059721827479e-21
-1.041391005290594011e-21
-1.148795456854824000e-21
-1.170305229795046258e-21
-9.776748528460745664e-22
-1.107203993916423277e-21
-1.027567662567584074e-21
-1.038452253752932613e-21
-1.061311947635999726e-21
-1.055947789490522895e-21
-1.352231767835912771e-21
-1.008599702104646152e-21
-1.224153522378161107e-21
-1.277947082190710857e-21
-1.092913586256106334e-21
-1.171845442718156422e-21
-1.229759293102108236e-21
-1.345464093692955117e-21
-1.059950379508560059e-21
-1.160940298304930587e-21
-1.290697980012392207e-21
-1.157993811842641996e-21
-1.034823938045346401e-21
-1.243880936101650763e-21
-1.114688441432335202e-21
-1.124242114445465407e-21
-1.111315905511811957e-21
-9.979965062601966949e-22
-1.260713895179028262e-21
-8.891922823584765182e-22
-9.861746361053301655e-22
-9.553992986693433473e-22
-8.920255293238922515e-22
-9.360279649066724199e-22
-1.090829882844767395e-21
-1.173280986930797662e-21
-1.058572083537717109e-21
-1.013783054181663424e-21
-1.145883845147458004e-21
-1.077210715958155629e-21
-8.546924657072117393e-22
-1.046706035402971684e-21
-9.440459356256120383e-22
-6.183427881192236180e-22
-8.880460941533371217e-22
-9.317148506971021737e-22
-8.815099955204809032e-22
-8.059827537509514824e-22
-4.663089244265775666e-22
-6.360849649317757293e-22
-8.597138721926466314e-22
-5.947179784572933019e-22
-7.226654853080056178e-22
-6.745567358726462016e-22
-8.196057108809697414e-22
-6.030689498790737806e-22
-8.618985979071849218e-22
-7.695115417483270441e-22
-8.951181626870353389e-22
-5.888551695194808213e-22
-5.561796528906277943e-22
-4.308875483723659641e-22
-4.407005509358540424e-22
-3.917346896618689927e-22
-3.781494640139438482e-22
-4.939706994311550986e-22
-5.192708689293551575e-22
-1.722492319251978665e-22
-6.015407399841464932e-22
-3.393171217991246341e-22
-4.538674188235227349e-22
-3.640239632739956986e-22
-4.121890218401105497e-22
-2.748411143728852715e-22
4.010681325042409347e-23
-2.789857591307093817e-22
-1.379749099073966074e-22
-2.169258458882777746e-22
-2.612331253277042483e-23
-2.076397209311363330e-22
3.491247206199712865e-24
1.094414909727542727e-22
-5.522847190951380637e-24
9.067901218027919159e-23
1.848044536336180007e-22
1.481012183153597667e-22
2.956237672232101914e-22
3.034480129900601349e-22
1.822877386413264626e-22
2.070465917795762061e-22
2.345584589794107086e-22
4.127436907035489335e-22
2.883137603150141509e-22
5.560978717191635387e-22
3.091429726389023926e-22
3.956940169840325137e-22
3.076456391116630294e-22
5.176618337761155752e-22
5.167699164332211420e-22
6.385951797071701812e-22
4.143680498576640461e-22
5.541073443612700921e-22
5.751809901477769516e-22
6.732004525827758985e-22
4.365060298357922890e-22
6.169315996028414373e-22
7.401656762027540371e-22
6.407187865664926086e-22
7.062224647196774942e-22
5.643844534101242986e-22
6.280174054296864023e-22
5.885974132455838944e-22
6.153693755401733654e-22
6.931549191590747956e-22
9.285210873142282564e-22
6.982355673141510762e-22
1.020858418972949425e-21
1.037777526010311307e-21
8.053472423945077543e-22
9.049908038657300497e-22
1.127929539952199811e-21
8.845834162631010383e-22
1.018810311784796832e-21
1.125313944725238783e-21
1.088786384633081163e-21
1.020514627161986323e-21
9.344528935377292752e-22
1.007108343838461795e-21
1.033161882770248033e-21
1.070603739905605231e-21
1.182362594257591289e-21
1.142042803964084601e-21
1.040310944735434704e-21
1.158013674498113987e-21
1.178742980909246065e-21
1.239117091542064480e-21
9.892202120389210233e-22
1.308683861020828872e-21
1.051155788702495607e-21
1.365314874591029760e-21
1.057874458171622804e-21
1.173898268084542461e-21
1.033147814081408872e-21
1.154698848935648203e-21
1.296258864275610853e-21
1.177822330169856269e-21
8.532224612223109603e-22
1.139684278777136701e-21
1.112628307160830886e-21
1.307348033407746597e-21
1.080154290265685009e-21
1.119153240523988593e-21
1.035082921187549722e-21
1.276745852872051242e-21
1.183495317217458236e-21
1.116848250004597654e-21
1.099413919753279657e-21
9.319644585856008874e-22
1.185821107818200474e-21
8.886887417591483999e-22
8.068001564685227314e-22
9.890550566471972981e-22
8.428119999321789475e-22
1.002019834520314724e-21
1.098410457793046216e-21
9.201232327032415305e-22
9.823100457698603865e-22
1.161098645988360140e-21
9.305000927274571564e-22
8.162684322496237382e-22
9.277250502512837404e-22
6.251061564859200513e-22
9.738375605356868752e-22
9.118888013309609128e-22
6.988815593710672229e-22
1.008780035366055496e-21
8.035087657758129490e-22
6.675030872797785955e-22
7.387420485303630248e-22
9.071143162391650686e-22
9.445066816831097614e-22
7.121222619564851688e-22
8.308246362530294740e-22
7.335845973169923008e-22
6.965188234673147210e-22
5.501062228473127884e-22
5.003140364284738988e-22
5.671396888976127500e-22
5.364318923724201603e-22
3.157364469337866591e-22
7.246967165836272084e-22
3.029456934158730358e-22
5.546833364296856348e-22
2.938854985211918403e-22
3.780438705564168398e-22
2.727045218199555504e-22
2.704642855448446613e-22
1.415352814298549558e-22
2.857496780344847684e-22
-3.821356690351299724e-23
2.993331087533869174e-22
2.136583503533913924e-22
2.679517861701966824e-22
-3.930541952211059723e-23
5.346493589181080306e-23
-1.187266141482881731e-22
1.864507867313649129e-22
-1.320621389893591860e-22
1.908019293866901241e-22
-2.902166999589054176e-23
-1.679125485575574126e-22
-2.213308039313484188e-22
-1.996974240391208787e-22
-2.036392122589789468e-22
-2.285779864003642094e-22
-2.988694464652524227e-22
-9.361827775890002813e-23
-2.801582900572857978e-22
-3.569208781626029569e-22
-2.653810658288631301e-22
-3.272177019063948803e-22
-1.238178048062211402e-22
-5.379269574138067395e-22
-4.296535627042665271e-22
-5.687002127278996641e-22
-6.430250202703944931e-22
-4.116850292377194466e-22
-7.874901230102255728e-22
-5.380869666899327710e-22
-5.995667021848736368e-22
-7.374845400429884893e-22
-8.000864363775178248e-22
-7.895121225401007321e-22
-6.325671638207441173e-22
-5.866856719695144200e-22
-7.424030111325485719e-22
-9.134345313536510623e-22
-8.801840014331106954e-22
-9.676272286270302554e-22
-1.042690092666207911e-21
-8.563598041432904043e-22
-8.301627016517249122e-22
-9.731495294289564204e-22
-1.098264404692665675e-21
-7.192110721540004230e-22
-1.125586595708531902e-21
-9.970794877357903777e-22
-1.006309062455126477e-21
-9.576095768531998855e-22
-6.992099923195371224e-22
-9.091065105170444215e-22
-9.470980689123632568e-22
-9.992906258546999126e-22
-1.167287032681733339e-21
-1.044269326166833915e-21
-1.267715254348061767e-21
-8.538935852967094792e-22
-9.703700845997517288e-22
-1.169964576485609215e-21
-8.649962060573797559e-22
-1.043263519206327658e-21
-1.361307473473700918e-21
-1.259899460656714249e-21
-1.203942234562397913e-21
-8.878784177126833961e-22
-9.662015110256606863e-22
-1.046071653967693296e-21
-1.065866953168731870e-21
-1.152601380629801121e-21
-1.314120273212500417e-21
-1.233991155573250626e-21
-1.135490686174901723e-21
-1.280410460014392043e-21
-1.322730411663980305e-21
-1.362689931040156917e-21
-9.028052542332273673e-22
-1.372829113234832515e-21
-1.278992072509190247e-21
-1.312490188295656433e-21
-8.977728903416537718e-22
-1.027570386285405795e-21
-1.141173719464603688e-21
-1.045694781852042108e-21
-1.159063582689856638e-21
-1.175059404207703451e-21
-1.208569868461395764e-21
-1.061766701988799305e-21
-9.951285221375045802e-22
-1.095436121257584220e-21
-8.404861960830080687e-22
-1.041387390973517870e-21
-1.147689669769382687e-21
-1.045705614473699687e-21
-8.983045736590508549e-22
-9.366988278709206481e-22
-7.715808897989424962e-22
-9.134519907723368280e-22
-7.673035039611681143e-22
-9.334711403910056341e-22
-7.277523635061669713e-22
-8.600434150224915118e-22
-8.112478818265756099e-22
-8.357954019384199379e-22
-7.201190033228994992e-22
-7.052491139473997093e-22
-7.016982371339951471e-22
-7.058515493176848980e-22
-3.755799178367741088e-22
-6.743835281862773394e-22
-4.246200831541880870e-22
-5.345252479225096357e-22
-3.265854913730779790e-22
-5.840171781236678639e-22
-3.233580297178088416e-22
-5.583524909501155723e-22
-2.059883859510014937e-22
-6.358074814363944883e-22
-3.148076814756253151e-22
-5.017913400655957538e-22
-2.483821225573652844e-22
-1.556596472858750359e-22
-2.616961773602366116e-22
-2.684265746202183478e-22
-3.564476001621416691e-22
-1.910235377702477731e-24
-1.390526077693957055e-22
-2.331765556546164755e-22
-2.214301415758682766e-22
-4.230753284055684423e-23
5.065385882284210134e-23
2.629589554572656980e-23
-7.293584495291063956e-23
8.993234630928307103e-23
-1.403793197580823361e-23
1.120128031392020273e-22
9.560384038977961653e-23
-9.355506560664994798e-23
1.117819348498139121e-22
2.252936901341845471e-22
7.569325559646924959e-23
1.147991225335243158e-22
3.553483898422164840e-22
5.026012584994750426e-22
2.987070892454157680e-22
3.038355931310785929e-22
3.938272209409124547e-22
1.968879348255950701e-22
7.948282553260757092e-22
6.963656323030121419e-22
5.503800382975396533e-22
5.304395266519531293e-22
7.972411556048435938e-22
7.836264479481981476e-22
8.463315988900097566e-22
8.426628302369295149e-22
5.564839519511493121e-22
5.456134846967584672e-22
7.313093344612784584e-22
9.466131331987648035e-22
7.725387778345665228e-22
9.708688045202709298e-22
9.877931213223176209e-22
8.336721831932118768e-22
9.370985766609463057e-22
9.470195010002650913e-22
8.960051720896973120e-22
7.977110930622824800e-22
9.036033397550332558e-22
1.068198926856234101e-21
9.721670892902689132e-22
9.949395401350079618e-22
1.269804563080866156e-21
8.498324128590269044e-22
1.245710676647497495e-21
1.022526776346766608e-21
1.322169042304442311e-21
7.049595367858149646e-22
1.119500948612336957e-21
1.106874913404503124e-21
1.136509863863513210e-21
1.057243512254858156e-21
1.121052182788658914e-21
1.042620847192581960e-21
1.088688943200539700e-21
1.266388910060293865e-21
1.131083629575280278e-21
1.201408680832049062e-21
1.239855931406660149e-21
1.096474088739580062e-21
1.024645323570609586e-21
8.334612317827355116e-22
1.087274783876526212e-21
1.192425768562141280e-21
1.010726040666751521e-21
1.284891308345438637e-21
1.158892802255633838e-21
9.315696014593997346e-22
1.308505725795887323e-21
1.198243652355666070e-21
1.064128854864789107e-21
1.196586033511657365e-21
1.004061154503099156e-21
1.166498587547361838e-21
1.131474336333093732e-21
1.202147011069232882e-21
1.198117954272407534e-21
9.684024909962718724e-22
1.445702147876259510e-21
1.068835085940588676e-21
1.213766776012975631e-21
1.095370702055195504e-21
1.254968594368546782e-21
9.138141721847719972e-22
1.122288274013606763e-21
8.550138163695911580e-22
9.851558461807135570e-22
7.097661671826496133e-22
9.257981737181436796e-22
8.631864755090969056e-22
8.658919761629861653e-22
8.617153655012356866e-22
8.613525627981939632e-22
7.834344857973209944e-22
9.799732313003434040e-22
6.698439257508286758e-22
8.299958478627089926e-22
7.635284122427214263e-22
7.581073956716620099e-22
6.284992350219882514e-22
5.395438738216884676e-22
7.257246449293974070e-22
4.989965875342125998e-22
6.761935234044209025e-22
6.165868038995469551e-22
2.687729991611122603e-22
5.453373724331219155e-22
5.599654593856358876e-22
4.472141438967111845e-22
5.981848176269537317e-22
2.269214479519632775e-22
2.093130661922748311e-22
3.526297319810445789e-22
1.954195810656454154e-22
3.167039479035191170e-22
1.705314354066421235e-22
1.933876974964810460e-22
2.687365168879752678e-22
5.719008433743026109e-23
-1.849474711832485380e-22
4.947285518152266746e-23
-1.962662818849451162e-22
4.208713189954064624e-23
-6.336660592908104824e-23
-1.343376153329809954e-22
-2.305837788137963548e-22
-1.477857231050315527e-22
-2.674947464998912320e-22
-2.078584348282861428e-22
1.696504694184778219e-23
-2.585811067606951130e-22
-1.793502705779451804e-22
-3.255531276126527076e-22
-1.436810077137775677e-22
-3.807422549653833450e-22
-5.287419153633694933e-22
-2.322403595546658686e-22
-2.916313947140244565e-22
-4.919863354078005565e-22
-4.390096670958427970e-22
-7.049638734809265478e-22
-5.919678056225564585e-22
-6.846221131891097143e-22
-4.854311843456128519e-22
-7.964705667745446558e-22
-6.882341655140304423e-22
-8.787752755316410843e-22
-5.981739400405588657e-22
-9.450910411004253943e-22
-3.170204427349212935e-22
-8.797360884900774153e-22
-7.616880254063754342e-22
-6.239113430950207933e-22
-7.040335765933504287e-22
-9.086722966199772907e-22
-5.621119864175119405e-22
-8.904994031966913499e-22
-8.075041677311639726e-22
-7.105836989939741870e-22
-7.593729282060863721e-22
-1.313670719083401114e-21
-9.476019599045620691e-22
-1.108844567902255209e-21
-1.273528015661472091e-21
-1.224834743118620345e-21
-1.132505484244552395e-21
-1.214672489318740637e-21
-1.020028479153031009e-21
-1.178768415034196004e-21
-8.421695426159753792e-22
-1.276836772750207574e-21
-1.280724624706535325e-21
-1.204741319409878902e-21
-1.024567158128396908e-21
-1.212373498012987454e-21
-1.304943036490944127e-21
-1.308071442727163380e-21
-1.369777085378862881e-21
-1.021927732955992588e-21
-1.108631189483016254e-21
-1.363303227055721097e-21
-1.341178135656051987e-21
-1.370540143190450963e-21
-1.221977052314273832e-21
-1.290390364978008246e-21
-1.213390156537269820e-21
-1.107423093660369029e-21
-1.250578461525285296e-21
-1.102902419681759437e-21
-1.274936987365846310e-21
-1.158597605272481189e-21
-1.008177053604219401e-21
-9.368882763010995121e-22
-1.116905676592010843e-21
-1.154834027205197925e-21
-1.095878304653955715e-21
-1.176296877402809222e-21
-1.038239108116342482e-21
-1.143187568594547756e-21
-9.122702863047616763e-22
-1.054177657945387859e-21
-7.616461814899950235e-22
-1.041813616623307694e-21
-1.103707444108984297e-21
-8.166444244610607255e-22
-1.136820108143849771e-21
-8.780196317745686693e-22
-9.066521561260038625e-22
-7.357368022136648240e-22
-1.047678357862676054e-21
-8.416353412121183443e-22
-8.932410256467427476e-22
-6.701992502229519478e-22
-8.053615992945769227e-22
-8.678194021104564356e-22
-7.183399317238081007e-22
-7.031998937483444979e-22
-5.334768184879495239e-22
-5.831200012432362894e-22
-5.975565034409007956e-22
-5.784468097458383484e-22
-5.876784607102684051e-22
-6.539003058479256756e-22
-5.883217457083951376e-22
-4.292204285142669017e-22
-5.838729530349318300e-22
-4.180575751836006309e-22
-5.967405710743576979e-22
-3.182988694971924587e-22
-3.972050493083416265e-22
-4.427352676162416448e-22
-4.633525140876545088e-22
-3.560771379504052105e-22
-3.075067669614183138e-22
-3.042820558453893171e-22
-4.102555085436859644e-22
-2.535733152065965967e-22
-2.553826016444663937e-22
-2.737352705746365138e-22
-5.251056180016922740e-24
1.708158373252953732e-22
-2.743587018266414625e-23
-2.994190089753307462e-22
3.246916548672132081e-22
3.934127399711451276e-23
-1.111840192886929442e-22
1.858527918216707341e-22
3.891814847926195781e-22
2.809441787682946688e-22
4.165838300136525784e-22
2.078628649736914211e-22
5.404102819946457092e-22
3.763610837109308975e-22
2.971255643869709054e-22
3.862678982805313023e-22
4.905493634917175312e-22
5.628552453059752242e-22
5.362381629759719319e-22
7.134586051806430440e-22
4.080373980912951615e-22
7.935053770949239293e-22
7.334369461584152079e-22
5.204653582766852416e-22
7.034936336461147739e-22
8.442576140988407319e-22
6.991776840030985150e-22
7.695050664457546721e-22
8.300630730520500875e-22
7.201215652033669010e-22
9.542946342253420145e-22
7.154443465733889213e-22
1.040852336154615431e-21
8.028982550408238395e-22
9.494819630872473357e-22
1.162667278109167418e-21
9.429151312725866842e-22
7.477157132471392301e-22
8.840664129970026246e-22
8.104571384313376034e-22
7.625950152074300037e-22
7.936281933962925102e-22
1.219625767798154993e-21
1.075904289999409691e-21
1.039797783676404186e-21
1.312418345264640818e-21
1.184384660208611300e-21
8.861283230702709988e-22
1.230452767516014130e-21
1.224162743492771142e-21
8.728283295161571886e-22
1.303049816036572805e-21
1.216033770777807980e-21
1.189995916292617518e-21
1.201547261851936832e-21
1.043506167444980118e-21
1.092528364581479602e-21
1.390552877518171722e-21
1.240724456062637644e-21
1.069877899877951603e-21
1.327541154387190270e-21
1.385974249222897470e-21
1.191397999994445685e-21
1.175046879022567384e-21
1.377820488211314026e-21
9.836923795763605906e-22
1.292489054365976791e-21
1.209488542141084115e-21
1.543973357222836181e-21
1.087699866053900415e-21
1.234933647509291646e-21
1.209812720376873188e-21
1.046623853808903810e-21
1.110368523206787126e-21
9.030892158103553483e-22
1.106807492875597298e-21
1.100032115684262339e-21
1.076074490287090517e-21
1.060625930511145586e-21
1.097553401542601173e-21
1.054385408568000523e-21
9.731740522989306581e-22
1.120049944961200783e-21
8.196592190321597866e-22
9.486123337227518835e-22
9.460920832607120245e-22
9.677619629545560196e-22
7.847286634265557401e-22
7.955642985723567153e-22
7.336682588746706228e-22
8.054283505764550032e-22
4.798010664959804560e-22
7.674286412802126757e-22
8.183593617963698148e-22
8.870192666488849778e-22
9.158623840349057856e-22
7.266811141046436575e-22
7.550449754149673465e-22
4.578576874942675719e-22
6.491093322226696195e-22
6.225009267428993750e-22
7.187402034153729066e-22
5.436696864353397917e-22
3.714424631143006827e-22
5.499394294985401941e-22
5.231652708045390850e-22
1.071132281335537095e-22
7.244811707706070428e-22
1.544356445652266882e-22
6.100090013717000651e-22
9.471300952208339394e-23
5.532841588907160968e-22
8.791892633139728162e-23
-2.922920660686670839e-23
4.065566717091824248e-22
-1.070696298826255004e-22
3.374930151940721993e-22
1.086510944912687600e-22
2.243002126741239562e-23
7.366860894125448886e-23
4.731095848657581800e-24
-1.924281058817822956e-22
-2.250868452624240263e-22
-2.432445958854096119e-22
-4.539555394599363606e-22
-1.986813410801447379e-22
1.314018037271406088e-25
-2.962054618230304097e-22
-2.491175933880396092e-22
-5.817760599309783842e-22
-2.454206962560495218e-22
-6.223810989153312607e-22
-3.981050338172543265e-22
-6.175468071563606805e-22
-5.850644288213885520e-22
-6.014735186841602656e-22
-6.668872820548100079e-22
-5.383048366044209852e-22
-7.838221492712708428e-22
-7.504026525256267620e-22
-6.512095090398846097e-22
-8.620908375300436835e-22
-5.914028634947285738e-22
-9.022805756196839688e-22
-7.137311591282049655e-22
-9.129014890994090753e-22
-8.123743207406899754e-22
-8.157723286501999610e-22
-7.430987862655858505e-22
-8.283467135501861487e-22
-8.576914888744152852e-22
-8.916920984268578907e-22
-9.908076842717904626e-22
-1.079536171497098527e-21
-9.552900446245865298e-22
-1.033275751624879606e-21
-1.116012608358452072e-21
-9.608659229854181903e-22
-1.064763950393599425e-21
-1.004409091148967534e-21
-9.439131377814902969e-22
-1.136879969886224534e-21
-1.079385971525956176e-21
-1.251630585157005203e-21
-1.188095807860202901e-21
-1.089476341704157928e-21
-9.832117773272405909e-22
-1.260169779170404087e-21
-1.135670753574840446e-21
-1.241776804949090901e-21
-1.250774347773772521e-21
-9.412163290250115169e-22
-1.110242109097941355e-21
-1.180153696644917850e-21
-1.586185248834546643e-21
-1.210341663581580575e-21
-1.356791786260471132e-21
-1.151053587284174878e-21
-1.353405905622080260e-21
-1.223514276600792796e-21
-1.298538430007019093e-21
-1.277125740597569369e-21
-1.342949146995978405e-21
-1.090752494740515192e-21
-1.209645628649045415e-21
-1.224648346777028326e-21
-1.158684386237420642e-21
-1.081579359062384323e-21
-1.458387594165170986e-21
-1.217684254755254233e-21
-1.140033215040390294e-21
-1.028727989389653633e-21
-9.934623205106727424e-22
-8.906859196272790161e-22
-1.002066041676595299e-21
-9.640539981297183066e-22
-1.055845598069642131e-21
-1.071031513626962931e-21
-9.936354308527148335e-22
-1.039530806710566436e-21
-1.079181465691004039e-21
-8.931903832952579295e-22
-9.218525204269938463e-22
-7.700295748532589506e-22
-1.086612330349064935e-21
-5.631816851051756595e-22
-9.104780720887091377e-22
-9.049104028355913925e-22
-6.622711715192451580e-22
-9.369278457018477572e-22
-1.025786902153844253e-21
-5.246246115630206954e-22
-3.294647044082083329e-22
-6.325106848279122339e-22
-4.586075268892571908e-22
-4.886327898031138686e-22
-4.388523066829958946e-22
-4.923654130768469648e-22
-5.194278600563726675e-22
-5.474512091044193711e-22
-3.856541233576804630e-22
-3.971451688999812655e-22
-4.256515794769104445e-22
-1.270771135660747295e-22
-3.151614430230262385e-22
-2.214104961402493066e-22
-1.481133902715231325e-22
-3.800429138196508922e-23
-2.109488868075883554e-22
-3.603674927767788323e-22
-4.672928391176436417e-23
-1.744463164141909998e-22
8.933665161371485624e-23
-7.855100356618037466e-23
-8.061815511724417744e-23
-4.800000333143925150e-23
3.152372630801001757e-22
3.214032933036795475e-22
3.416879497692247519e-22
2.083111293374828969e-22
3.364606673704913818e-22
4.567330421590482944e-22
3.620618460186980358e-22
1.202675077674414495e-22
1.497569842895958029e-22
4.408973124952015483e-22
4.043676811474379165e-22
4.004101453541122257e-22
7.263681843227957349e-22
6.450659258339962331e-22
6.828363435346090987e-22
6.060306496881869943e-22
5.419040382328070203e-22
7.442646399232228746e-22
7.308565611156645173e-22
7.627020258641579570e-22
7.073463469506907275e-22
6.585079672859308978e-22
8.159766339519313337e-22
8.243265573432068557e-22
9.095381137161654480e-22
9.048812490473072263e-22
8.713953624292380695e-22
1.013314568864581287e-21
8.376093885731271561e-22
8.852482959910559294e-22
9.037484352440429214e-22
1.289083685841128973e-21
9.685833535453715008e-22
1.125866287105459045e-21
1.012091738715119658e-21
1.347236329296189756e-21
1.296128434718846121e-21
1.185926444021394358e-21
1.202361306751851683e-21
1.062097610696753890e-21
1.306268217464067059e-21
1.120852275142268959e-21
1.184949936830288461e-21
1.296019982591992124e-21
1.183112824293948131e-21
1.201197364473915645e-21
1.336430410922455261e-21
1.248216797862994017e-21
1.244663834847540094e-21
1.162512113075344377e-21
1.491468878984461505e-21
1.031438075249561030e-21
1.120223970910601890e-21
9.576076629686841612e-22
1.673541309232056809e-21
9.939857173604490124e-22
1.198900225276081725e-21
1.125857084712281924e-21
1.150606990596452424e-21
1.410607225665819654e-21
8.988477886999245403e-22
1.059208588100616340e-21
1.292992986484040333e-21
1.047722209130804688e-21
1.113553857286380093e-21
1.040730526064519760e-21
9.949962225053102508e-22
9.323743312611305165e-22
1.243523830987293047e-21
1.211829853468953242e-21
1.239013606290511361e-21
7.700195755283443964e-22
1.234918685820619300e-21
9.226307952984419681e-22
9.929823163841148774e-22
9.403009256701406805e-22
1.093503286598589065e-21
9.202182650855136610e-22
1.031606465896693449e-21
8.585659247530307829e-22
9.978206743188020310e-22
1.112098681860246325e-21
8.932462795332636421e-22
1.055852254825747035e-21
1.074190862374449570e-21
6.511049769113415857e-22
9.917324054446080887e-22
7.570095281389307148e-22
8.955831185794103326e-22
6.558884825496344547e-22
7.725734947965409433e-22
6.784537810439424338e-22
4.232426181312627454e-22
5.877090584515206373e-22
4.942723152910250466e-22
2.987504355408040184e-22
2.122677689480581989e-22
2.980054755573563375e-22
2.571850257036807414e-22
2.312316297278169807e-22
1.639194094640354032e-22
5.501230617756904652e-24
2.024105315051590893e-22
9.336338411066636493e-23
6.657060918812275292e-23
-3.030175245936018515e-23
1.707876875778604097e-23
-3.147969115172536916e-23
1.294708584516137829e-22
-4.320642543352806284e-23
-4.143103818094321866e-22
1.365519835456569797e-22
-4.527855722850792179e-22
-2.677508958934049417e-22
-2.164542928783005938e-22
-1.816786373086712666e-22
-4.730139923013006579e-22
-4.556561928718139860e-22
-4.966600580501770970e-22
-6.389482145828621781e-22
-4.262327064619860855e-22
-1.597438848770985215e-22
-5.852366764020151737e-22
-4.532668755313059629e-22
-7.038187136756524941e-22
-4.441559633140580479e-22
-8.521274214819299387e-22
-3.147411475011538483e-22
-6.207225271745176874e-22
-7.048128541968424336e-22
-7.354581959205649202e-22
-9.459170269683647921e-22
-4.079950342056678426e-22
-6.693307465806581194e-22
-6.909308227193256490e-22
-5.921856300715981379e-22
-9.041203649732372094e-22
-9.058700658068089414e-22
-9.538640157667364608e-22
-9.533020590138720575e-22
-1.083786837617083899e-21
-1.276037667238131545e-21
-1.041715198081194834e-21
-9.539353161657959428e-22
-9.219346410103246558e-22
-8.937766378462850010e-22
-1.222567516100929398e-21
-1.199854922473742043e-21
-1.279522490832196727e-21
-1.241246950203614292e-21
-1.246191106753319110e-21
-1.165535711725633095e-21
-1.309355235593794646e-21
-1.202713818472296646e-21
-1.346116726366550544e-21
-1.174713908597069088e-21
-1.242420227559240236e-21
-1.295645854092488101e-21
-1.270175544018071974e-21
-1.263498571464496515e-21
-1.345676503855497455e-21
-1.272638961796215576e-21
-1.337187131106590443e-21
-1.128637218899722302e-21
-1.255648615725380672e-21
-1.315959356811737450e-21
-1.423760481778711182e-21
-1.082092641087566253e-21
-1.320226830390302609e-21
-1.181379442754496021e-21
-1.167552195692056387e-21
-1.214302352705073225e-21
-1.298730505247173426e-21
-1.170811391107711401e-21
-9.582906299014605645e-22
-1.317654906125050428e-21
-1.067611438236279650e-21
-1.444422921309664052e-21
-1.272958256418665677e-21
-1.110408577701871365e-21
-1.190593941088179472e-21
-1.042110620437175891e-21
-1.179044415142257686e-21
-1.060654552176600566e-21
-1.078721999451357275e-21
-7.481450872463100627e-22
-1.032111913109494415e-21
-1.141608585947341788e-21
-7.218996724139907529e-22
-9.885492628240631454e-22
-4.082770926165754991e-22
-9.348275178248612217e-22
-1.170342884346880080e-21
-7.707343029724706195e-22
-8.307027231647366838e-22
-7.954616168310017242e-22
-5.361015244649396313e-22
-9.624952312417342033e-22
-3.827212078011809961e-22
-4.153870439461217512e-22
-6.028060573532750733e-22
-5.889006843414732476e-22
-5.157327619533658663e-22
-3.645286797215414148e-22
-6.420393751155612348e-22
-1.943730751345216838e-22
-4.620651500651092060e-22
-7.171340667881519739e-23
-1.163749727415290025e-22
-4.418902808971169423e-22
-9.785512153012171878e-23
-6.731890470602621629e-23
-2.310986199946418616e-22
-2.507583007658737973e-22
3.998452988006450058e-23
-4.906048800544299013e-23
2.935515136286689628e-23
1.463543076846063330e-22
7.417828692825819371e-23
-8.069746117356514472e-23
2.602897064937356103e-23
5.946306060691089803e-23
1.031775982528784615e-22
1.886028616596394607e-22
-8.508577472132222498e-24
3.556839646725885411e-22
2.934215330384784036e-22
3.201057882004135685e-22
3.410271931177166811e-22
5.316378177109780089e-22
5.075063586337028874e-22
4.245854785431233477e-22
7.272210811072897470e-22
4.770674901090196566e-22
7.371787084383725161e-22
7.359290546840204442e-22
7.632362128189419692e-22
6.007955388863995602e-22
8.080792560329728388e-22
7.974528900765331599e-22
6.463745129960199265e-22
8.867194132045203485e-22
8.162860570689532024e-22
1.007907978049981771e-21
7.638355447020751558e-22
1.145800459660489457e-21
1.022689153824336246e-21
8.951023395235786588e-22
1.031258210363767249e-21
1.210223449884017004e-21
1.135409575269723199e-21
1.303196427270127341e-21
9.561719675260700445e-22
1.247117096990154421e-21
1.039975021786904472e-21
1.127941310316307671e-21
1.162045835053681877e-21
9.689588333068873422e-22
1.153466735531465879e-21
1.136869500090772489e-21
1.083421735584036945e-21
1.051161824564761479e-21
1.243399587436461137e-21
1.315158259876348870e-21
1.132949317311981416e-21
1.317429617851630360e-21
1.359579248045285051e-21
1.380155880260710648e-21
1.300874128906378659e-21
1.383658694276194377e-21
1.676369220368484596e-21
1.469408963580525988e-21
1.184709113574919863e-21
1.404902697156483921e-21
1.240971384740668295e-21
1.414060086660680843e-21
1.333671056172940007e-21
1.418698750758815331e-21
9.724324480003803533e-22
1.278770355897050679e-21
1.163280155903349328e-21
1.225822890856507394e-21
7.816638245148357012e-22
1.391011034016927517e-21
1.274278368699300102e-21
1.151266340590068994e-21
1.140231385599120290e-21
9.185572248868442648e-22
1.181766016262024218e-21
1.127574984995496199e-21
1.023700345031569885e-21
1.050132145372809885e-21
9.455265201903646906e-22
1.088358413334973212e-21
8.115770280073710633e-22
7.830992325221693682e-22
9.728373699426903107e-22
7.746489130557148303e-22
8.580342041710551948e-22
9.632278699892467700e-22
6.212062428494636164e-22
5.169872299713541747e-22
7.508322132123791547e-22
7.883651421434475666e-22
6.626813146254489377e-22
6.547953281358605477e-22
4.094849371174395655e-22
5.440031379525228116e-22
5.134424859411103834e-22
6.986556836356259855e-22
4.739161950545004366e-22
4.745246373284812814e-22
3.431867276900532140e-22
3.482262506433789984e-22
5.140295862997936209e-22
3.624527700249317500e-22
2.248631773673458558e-22
4.639943392067376133e-22
4.371371387906218892e-23
1.813540082256343261e-22
1.241765049964513303e-22
2.000314196355811272e-22
9.513371341579160215e-23
2.946358158932326703e-22
-2.250660484525961335e-22
-7.027671491269905579e-23
-5.249369845729995307e-23
-2.686365613302682219e-22
-1.532676953299466719e-22
-3.434703882723365230e-22
-1.483058164523202747e-22
-2.974306718216328792e-22
-7.597156002341482557e-23
-4.640191900455423544e-22
-3.504350822740065872e-22
-5.925807310313022923e-22
-6.565183794051269422e-22
-7.243660555465472161e-22
-7.365106200883381927e-22
-8.515516703359562310e-22
-5.107737095522903375e-22
-7.526786668277253047e-22
-7.438333744434140530e-22
-1.036924009184104557e-21
-6.297167828056464660e-22
-7.031299616871848289e-22
-7.812740210862000162e-22
-1.107772408570767314e-21
-7.332234299910252917e-22
-1.234048283823566637e-21
-1.067633280249787541e-21
-1.025375174408689384e-21
-9.175634478984069135e-22
-1.028022478286074120e-21
-9.012367097060346681e-22
-7.667897692801775808e-22
-1.355123071993932945e-21
-9.221493746008633896e-22
-1.030932770548119365e-21
-1.116374904502694714e-21
-1.302190172010971312e-21
-1.119426246295450669e-21
-1.040313673988604404e-21
-1.112757542739006706e-21
-1.353269404785035290e-21
-1.516277109115220508e-21
-1.130741320911379232e-21
-1.570409454093150094e-21
-1.064809483819040679e-21
-1.061210410310239219e-21
-1.282674908796790993e-21
-1.208616818802380456e-21
-1.351530299230490113e-21
-1.125321152944575784e-21
-1.297950601344206733e-21
-1.508763867191648557e-21
-1.208815122059977245e-21
-1.382538084375977323e-21
-1.070558298813240311e-21
-1.181590264095076140e-21
-1.407390115084444305e-21
-1.447734514050371923e-21
-1.469623921322194133e-21
-1.326967246621411134e-21
-1.246867659529362593e-21
-1.380639862564513326e-21
-8.392050154904572355e-22
-1.266077701873449118e-21
-1.101889700068810644e-21
-1.075127555548311948e-21
-1.208149857121002970e-21
-1.353786791798145967e-21
-1.369767248682445327e-21
-1.290975389312394579e-21
-1.293391898049841645e-21
-1.016810720147025361e-21
-9.399618295153618775e-22
-1.295604691355693131e-21
-8.110384492542854152e-22
-1.145303680439329719e-21
-9.142173512781487044e-22
-8.528553185061768303e-22
-9.203871399458350820e-22
-8.604829697125435646e-22
-6.930490068945011640e-22
-5.557356793806819756e-22
-5.682846874966925471e-22
-6.803897359276497156e-22
-5.897964241904054803e-22
-6.609223173009067435e-22
-6.653730703800889257e-22
-6.167289270169920518e-22
-6.016641180684252430e-22
-3.697844539862307914e-22
-4.649734036084912732e-22
-2.291046969889131674e-22
-4.126770683820817877e-22
-4.244838805001173741e-22
-3.879747445041808571e-22
-1.841619063558927556e-22
-3.111314423184512111e-22
-2.597976704370167585e-22
-1.624077122754279515e-22
-1.049020478941311969e-22
-1.400857173080074174e-23
6.040766879456216758e-23
2.582618888204242501e-23
-5.532312888259991319e-23
1.095789869897113625e-22
-8.713742637261418491e-24
3.473723585799327428e-23
2.944695263035577427e-22
3.198059918525360943e-22
2.748221349019866559e-22
2.371346320544736671e-22
2.921749049419050883e-22
2.112351644190857314e-22
3.944445398286073148e-22
5.969868131489016671e-22
3.202474399501792777e-22
4.812564999455302318e-22
6.203012875740280157e-22
5.999720833155866075e-22
7.088043563930247421e-22
7.564886729176298367e-22
7.204647519526024994e-22
6.591286456490577177e-22
8.588272184369462774e-22
8.947166439778620931e-22
7.068889669165530399e-22
1.061171423117048822e-21
1.104803499475868658e-21
8.443268511069688257e-22
9.621319036440158613e-22
7.044096272619533397e-22
1.059873928393832753e-21
1.092743981069008710e-21
1.267081591912143933e-21
1.056103393005079564e-21
9.975662214596044063e-22
1.237779604086939120e-21
1.410197771506238390e-21
1.288470763450466484e-21
1.122663509663670860e-21
1.080711613786019117e-21
1.393972996779932752e-21
1.025431925703165923e-21
1.217253227551565276e-21
1.544478720407991510e-21
1.107400817002998813e-21
1.324749328726404062e-21
1.574764483841623882e-21
1.275171658998961479e-21
1.112344985399558760e-21
1.359299701798907785e-21
1.438443152153558606e-21
1.285191333835615366e-21
1.379784573656108324e-21
1.397226929117699372e-21
1.454251010886833074e-21
1.261410893256307822e-21
1.327185912871243891e-21
1.400330951564012357e-21
1.398314552533087608e-21
1.363132722859507062e-21
1.365177995384347041e-21
9.659122714764045248e-22
1.212753479088661569e-21
1.001867618122946398e-21
1.346287932909318150e-21
1.310936093446574379e-21
1.186383315906474648e-21
1.246053826072746326e-21
1.035728206263683523e-21
1.014361263542802898e-21
1.164755345327802317e-21
8.432763314284738430e-22
1.176549700461684502e-21
1.212940233264136495e-21
8.459491129308915989e-22
1.052136308253082656e-21
1.134526041214041126e-21
7.234731050754556416e-22
1.048704088307359013e-21
7.542252065738367093e-22
8.496777958210249786e-22
8.198427050027559964e-22
6.232609070559638048e-22
8.865006708159229690e-22
5.441859621380523967e-22
7.486315990928010811e-22
7.369859291730320659e-22
2.705787837430646484e-22
8.842165903711252434e-22
7.451617848291390652e-22
4.143850263359727391e-22
7.011807142287184356e-22
3.270649695050570606e-22
5.999901309429570227e-22
2.439417789713270564e-22
3.874786091305190851e-22
2.474290056964065886e-22
2.899530692120950692e-24
1.884570821397979358e-22
4.781115466038628840e-23
1.223994041159005014e-23
-2.702497458397360923e-23
1.270992876549132767e-22
-1.312716907424997828e-22
-1.851741236344837308e-22
4.306507846398761907e-23
-3.300729527975084140e-22
-1.819413940853816330e-22
-3.143405178092310741e-22
-2.404018157743239894e-22
-3.285019132209715998e-22
-1.734386625281181941e-22
-5.406442827422999550e-22
-5.881664658274664950e-22
-6.528185832698246638e-22
-5.334835185095109048e-22
-7.836140433235076043e-22
-6.150128394995879998e-22
-7.253934518961892166e-22
-6.897838525105124688e-22
-8.189338054550277563e-22
-5.755299467185237545e-22
-7.759718417832063750e-22
-7.282667815095992757e-22
-9.225643647679374119e-22
-1.009505936171099275e-21
-7.786891337489187014e-22
-8.054650429625343940e-22
-8.702812212415082753e-22
-9.313848136569103226e-22
-1.279405331630742134e-21
-8.470291288013365924e-22
-1.282656159981740244e-21
-1.019330657838058426e-21
-1.285344487095010333e-21
-1.247672184999508905e-21
-1.319391428625170489e-21
-1.121561773089235991e-21
-1.301862822586818303e-21
-1.137528826774325550e-21
-1.442144702869120268e-21
-1.181913094173726684e-21
-1.378690210496023235e-21
-1.178195904441270313e-21
-1.243525404564588953e-21
-1.332528267458147322e-21
-1.432186588502652823e-21
-1.326823498829684726e-21
-1.404101712794558452e-21
-1.259711889069228972e-21
-1.517099950731921590e-21
-1.241208069650427867e-21
-1.341022693213240105e-21
-1.498828189495477571e-21
-1.456550625562955281e-21
-1.504594611481775974e-21
-1.393127736743213813e-21
-1.366256644967190503e-21
-1.208863665490950423e-21
-1.350802700468696696e-21
-1.274171467402073367e-21
-1.130966771514817125e-21
-1.281301443334900879e-21
-9.783856666926181166e-22
-1.064547990971324400e-21
-1.152101652955154902e-21
-1.035844307920507355e-21
-1.060936551076182428e-21
-1.081276117039765223e-21
-1.229420499906317302e-21
-1.123006848801557816e-21
-1.222002081575709793e-21
-1.119570492187772008e-21
-1.224604110786757689e-21
-1.143812113435523314e-21
-1.147019317456584136e-21
-9.803763553471032163e-22
-9.713704978872600240e-22
-9.927447838739134902e-22
-9.401460967072777502e-22
-9.356086082080959727e-22
-7.523298971711028378e-22
-8.671810754474271430e-22
-5.370435824094227099e-22
-8.312906658693272266e-22
-4.971355122738833231e-22
-5.370109614206280860e-22
-3.832017153551541048e-22
-3.620770619140684209e-22
-3.630474017004673222e-22
-2.451531035683472986e-22
-2.303945681935824214e-22
-5.270741058179075164e-22
-4.260954870520540487e-22
-3.019464230266318682e-22
-1.244474360188020131e-22
-2.999687731933628877e-22
6.470253229270027271e-23
-1.454217840570514360e-22
-6.890767457017193791e-23
4.863228138322586339e-23
6.760525067537116020e-23
1.241290626845935700e-22
3.150261401637639446e-22
1.474667133430288409e-22
3.713713433265274690e-22
2.978270522282437290e-22
3.877701667479540755e-22
4.881584003612390800e-22
3.935363565945034261e-22
3.947229122029554706e-22
6.099876762159314442e-22
3.863191684947497119e-22
3.572993845281618085e-22
7.000860375034060517e-22
9.728497187340113265e-22
6.278587852449554175e-22
6.984723890289100179e-22
7.375892920038501048e-22
8.374530718026719458e-22
7.398959407161728540e-22
9.578418699661992242e-22
8.399740255158998736e-22
9.591075782975970860e-22
9.631506924661037804e-22
7.608091677259567370e-22
9.140864969240382267e-22
1.276239933989738358e-21
1.054878702963282053e-21
1.240605163508930660e-21
9.205556433603424171e-22
1.050995561569862326e-21
1.221402165380093468e-21
1.315526668853947051e-21
1.046016471847359277e-21
1.366776451173067543e-21
1.217253563893650808e-21
1.414192966918788257e-21
1.376177226887354566e-21
1.129964923275427889e-21
1.433727826831465073e-21
1.350323275720229303e-21
1.383039994157287107e-21
1.381314684359127328e-21
1.610512743735809209e-21
1.527974514070275845e-21
1.416508096871177702e-21
1.461549596174303057e-21
1.419869360735078598e-21
1.213869754153938326e-21
1.503630076475062042e-21
1.150501816864642068e-21
1.411865319537384179e-21
1.386820427489028610e-21
1.534425370424369275e-21
1.260896617446541390e-21
1.469383233027881366e-21
1.173178948427571842e-21
1.174125757378351640e-21
1.340602777444231530e-21
1.172537027064492105e-21
1.224900037676834001e-21
9.734048117651213120e-22
1.424559347392105413e-21
1.402697887963268230e-21
1.033360124157504662e-21
1.050819391734636863e-21
1.036993334241716164e-21
1.034090871405380618e-21
1.086826725324672162e-21
1.103816502834572150e-21
1.108441423000395980e-21
9.546715871624146148e-22
1.004941789180314577e-21
1.036041319443158225e-21
7.357004300769340024e-22
8.474725445411570255e-22
7.572223408145025680e-22
8.175062302626541759e-22
8.303853539685824214e-22
2.994588354075824906e-22
6.830071492320813987e-22
4.297467984901220174e-22
9.190078168642738579e-22
7.829779103859864613e-23
4.414193239856329847e-22
4.228266663677665494e-22
3.278169475985576872e-22
2.508685370469229045e-22
1.660663210025655737e-22
3.300932026495665107e-22
1.259469069353715057e-22
4.016464614568577583e-23
1.133404469589869695e-22
-2.680951199176032889e-23
-3.588820751219744757e-22
-7.602093955918070915e-23
-1.403765039759520366e-22
-1.074787293304736930e-22
-2.269587666440838553e-22
-1.008850147676663724e-22
-3.332213014963099869e-22
-3.267598990564811597e-22
-2.546735000590523053e-22
-5.923636232131952763e-22
-4.100358488077496659e-22
-5.849188467736906473e-22
-3.697933774017423143e-22
-9.372869652158771179e-22
-6.347810020576793078e-22
-5.784062364286829996e-22
-9.851077645702194070e-22
-8.639209046586537767e-22
-8.244679178361397622e-22
-9.209952606269298828e-22
-8.456323493044497392e-22
-7.287788010694197734e-22
-1.059101027126759802e-21
-1.154481308616995233e-21
-9.999506605515360474e-22
-8.823712640427540341e-22
-1.141017204004892694e-21
-1.280799708818759101e-21
-1.022312723047098490e-21
-1.078628814404599470e-21
-1.107787061238721204e-21
-1.227702906604644225e-21
-1.209939208620481816e-21
-1.315631806039717598e-21
-1.301536269224841313e-21
-1.200331553206234730e-21
-1.244023460316475835e-21
-1.158277594638036517e-21
-1.373119040497831089e-21
-1.174411443796968831e-21
-1.409181922322199128e-21
-1.068607028129548334e-21
-1.557907056328237559e-21
-1.462719240324275559e-21
-1.533739610996653501e-21
-1.670731874633292336e-21
-1.371127859464471127e-21
-1.426560355674133716e-21
-1.423259042958761665e-21
-1.473472329166668605e-21
-1.389307688730431338e-21
-1.341924965081389626e-21
-1.459563829354204530e-21
-1.558432033589140936e-21
-1.498879054278894637e-21
-1.460376582529554300e-21
-1.430053904986444775e-21
-1.427373130615442818e-21
-1.247922251283789555e-21
-1.290867135205300048e-21
-1.384814588652327322e-21
-9.561596945051652548e-22
-1.578642278355350444e-21
-1.106503951923013391e-21
-1.080101030944935866e-21
-1.185191209192024170e-21
-1.153269352246492958e-21
-1.110256979056047435e-21
-1.113568592123020127e-21
-7.815544152098287389e-22
-8.346785474696542254e-22
-1.046440112507497855e-21
-6.529884946379539018e-22
-8.286622239753540115e-22
-8.038858340981574789e-22
-8.012785564288457470e-22
-5.908775531970005112e-22
-9.599604757744893382e-22
-3.136584783348716310e-22
-3.803560769650017154e-22
-5.100466418288669281e-22
-4.022872003922293752e-22
-5.255141750981248763e-22
-2.858211719703838225e-22
-4.178469261790936702e-22
-2.250081398056411229e-22
-3.773361539039122768e-22
2.310945425342742183e-23
-1.626047411408573301e-22
-2.463990245944874525e-22
-7.685515395164592399e-23
-1.181347891007649595e-22
1.654740754413254527e-23
9.836366826101088791e-23
3.088798377176116521e-22
1.097272746570712050e-22
2.087011982506281244e-22
4.762205955433628567e-22
3.953886964642375074e-22
4.170599012895534626e-22
3.760200544315958495e-22
6.976462727948747173e-22
5.961024995441959047e-22
5.583808226876569652e-22
5.218076574077112235e-22
5.750761501037398040e-22
7.401872594323521385e-22
6.277954888665582016e-22
8.225667866298996153e-22
7.076958264227756222e-22
7.834911713308176438e-22
1.050950130108701601e-21
9.991301081026785544e-22
6.453976307415470175e-22
1.197202771048307474e-21
1.120766634681929588e-21
1.089395569396093802e-21
1.183372800796479166e-21
1.047054885120744655e-21
1.086984407428681703e-21
1.147315753879566126e-21
1.243105724594932140e-21
1.258073116301774431e-21
1.258868556689050239e-21
1.172911586581470982e-21
1.344012765271927106e-21
1.219173487950059973e-21
1.622050718255682799e-21
1.348863700490035550e-21
1.294181166990103838e-21
1.414833192873958932e-21
1.507150801182156048e-21
1.248626794937750697e-21
1.455672620795451238e-21
1.581046128460753114e-21
1.462659151868572867e-21
1.684491295117522931e-21
1.431477207779276472e-21
1.500576233015740950e-21
1.575967715263519691e-21
1.428833434276468280e-21
1.563408354415935031e-21
1.443129457643490297e-21
1.455848892743694317e-21
1.516601392433130326e-21
1.286045803479054386e-21
1.520171908249723886e-21
1.672445958726906079e-21
1.254656419155182450e-21
1.244451486019478378e-21
1.233004260309076724e-21
9.893083115889965912e-22
1.200804736196940994e-21
1.242421544330132664e-21
1.218423998435807782e-21
9.670316557360643039e-22
1.082401231619648210e-21
1.077544080689392415e-21
1.130820397783098618e-21
9.323761119260708094e-22
1.136500877012874245e-21
5.093162823667981358e-22
1.065464080712055783e-21
7.667448296619728414e-22
9.158705376206031739e-22
7.266271515462044117e-22
4.715603912237305940e-22
3.760435317818543898e-22
4.863650764659431744e-22
3.859079795388006509e-22
6.975376214175038113e-22
4.095525468330823902e-22
6.019477432913784378e-22
4.346301225328635536e-22
3.215366801496787754e-22
2.177694689429020130e-22
2.109293621160242119e-22
2.429762968186254781e-22
1.446361450777194220e-22
-1.019149048984313929e-23
-2.189180101820562047e-22
8.784372912061126047e-23
-1.632625028227175825e-22
-2.859455445625633553e-22
-3.070704496763667733e-22
-1.484001754259294955e-22
-4.574529850588619418e-22
-3.748718109342820381e-22
-3.440883784438297266e-22
-5.896752959798902861e-22
-5.937593162196727868e-22
-6.316046168421652230e-22
-6.996132178182110740e-22
-8.373968642017232788e-22
-6.648105511052049772e-22
-8.336649799255980909e-22
-9.172022279638514254e-22
-4.399356360251139882e-22
-8.753011329418784151e-22
-9.041264887745070535e-22
-6.760684587040143257e-22
-1.146795379820062098e-21
-1.127249061538219460e-21
-1.016754746047127574e-21
-1.102226023804859225e-21
-1.219464624123473536e-21
-9.333973338810044524e-22
-1.458898565819855162e-21
-1.165578130087464585e-21
-1.463377687110745155e-21
-1.185585119692994181e-21
-1.552285150811817085e-21
-1.555188638630477574e-21
-1.378479576907325819e-21
-1.336558405128174864e-21
-1.548584384691569813e-21
-1.282274744125138366e-21
-1.600729960516315823e-21
-1.339397604644643984e-21
-1.558902954370337029e-21
-1.440218707878179865e-21
-1.498621303536488563e-21
-1.481644080847239674e-21
-1.408084965953516131e-21
-1.440893222156461796e-21
-1.543504398701092770e-21
-1.504844187791043448e-21
-1.429199062859780101e-21
-1.559124759754245530e-21
-1.276229622153021320e-21
-1.569340402515554571e-21
-1.426123756699215342e-21
-1.270460962949911030e-21
-1.503916215437930038e-21
-1.460763104211791449e-21
-1.300271805971201555e-21
-1.396889139936926164e-21
-1.078491546838223653e-21
-1.309734034200472483e-21
-1.417830994022942955e-21
-1.228106162699830874e-21
-1.198596301118030724e-21
-9.814876199933238601e-22
-1.112145287438758022e-21
-1.093168591648117425e-21
-1.118580383659337728e-21
-1.049343401443169430e-21
-1.006205688666385208e-21
-7.474851449508654796e-22
-9.797909331877548173e-22
-6.792711847751126511e-22
-7.022859804176278364e-22
-5.200249749172672164e-22
-5.022899102283498225e-22
-7.136526996865266280e-22
-6.570207169287359619e-22
-3.576224598616532522e-22
-3.148674629296188052e-22
-3.560568742096877314e-22
-3.851719046403566912e-22
-1.927702037442363639e-22
-5.151079202910762627e-22
-1.143454280536097636e-22
-1.776857383426016532e-22
1.847388228245004514e-22
-3.716860304118029973e-22
3.320915099563870174e-22
1.026596311102907903e-23
1.694830714331377625e-22
3.578622887696978739e-22
3.250477234695230989e-22
2.359333944482543014e-22
3.520644406141022160e-22
6.771942903120838028e-22
3.650506553378797489e-22
5.764647573074889698e-22
7.809667840798125456e-22
9.081155151678948559e-22
5.192720847116275552e-22
7.532415127682931140e-22
1.066897242890776551e-21
9.057223734062766130e-22
9.387288746709862260e-22
1.066064525920453949e-21
8.707766550651497388e-22
1.211164666530532355e-21
1.261122783876091144e-21
1.008357682544305388e-21
1.164004504497309838e-21
9.548654309956302619e-22
1.331245257906580553e-21
1.169514193949264133e-21
1.214212595087215276e-21
1.149517721061831303e-21
1.477812978467707405e-21
1.300150309784118250e-21
1.548359406059264968e-21
1.495735792253201630e-21
1.254051087201547878e-21
1.505408545354867385e-21
1.451071190750176902e-21
1.315228405421514876e-21
1.434604487822100953e-21
1.558267359394308021e-21
1.560322330110099913e-21
1.600582580119762545e-21
1.765088273019556135e-21
1.489991136617417019e-21
1.423138491497014783e-21
1.439887000869827706e-21
1.488828746998994845e-21
1.445708176107544255e-21
1.355668095957103539e-21
1.646751862102801502e-21
1.355579176467394999e-21
1.278785931429254072e-21
1.413225940934345712e-21
1.516930178993700719e-21
1.542245902394262853e-21
1.386153436844917012e-21
1.468863264499406220e-21
1.294354749440393152e-21
1.199918245846337011e-21
1.254753882980118291e-21
1.242890102285049925e-21
9.902469399885047250e-22
1.327000481969165687e-21
1.242790949687784492e-21
1.023778152687146066e-21
8.558176710832772715e-22
8.985676868191532181e-22
1.157297105229294304e-21
8.660585261468115678e-22
7.800966328208730441e-22
8.524528432055141770e-22
6.162888912976278512e-22
5.819769840299549421e-22
7.824476504615284562e-22
2.521235555934710766e-22
7.622196916759159254e-22
3.358737350541689795e-22
3.779866657080590914e-22
2.706346004256407543e-22
-9.885579632775885550e-23
1.143699787260662444e-22
-2.419941864974595061e-22
-6.064715871525033078e-23
3.388206594959420920e-23
5.399573804472491522e-24
-3.540488910510922869e-22
-2.859141788634923369e-22
-1.898422411573524387e-22
-3.429573782431214877e-22
-4.057160250650884309e-22
-5.405298059801444751e-22
-6.235047417811132215e-22
-6.381609244303341737e-22
-8.188121594916125274e-22
-5.847340632081901249e-22
-8.317139954814154988e-22
-4.446873430583510212e-22
-1.038108990256241011e-21
-9.821924440475960713e-22
-1.051688539858356069e-21
-8.720139043667698220e-22
-1.151057140330823178e-21
-1.244180285465152384e-21
-1.272074716538980292e-21
-1.195074893295529031e-21
-1.175088383206481425e-21
-1.205704083206093231e-21
-9.981546094814382114e-22
-1.135688760312435803e-21
-1.400755881241980218e-21
-1.142507203525182834e-21
-1.306330346558127957e-21
-1.604234315974423952e-21
-1.413393072114074639e-21
-1.450100522833164398e-21
-1.813249836613925606e-21
-1.490318462368126984e-21
-1.546207156986183706e-21
-1.476431655304566173e-21
-1.661627345864688978e-21
-1.548000498622668256e-21
-1.575830901893440645e-21
-1.580718196729817368e-21
-1.657219836992281068e-21
-1.808931410504670437e-21
-1.361510451777060139e-21
-1.683919977194727027e-21
-1.476705132274092641e-21
-1.447259739825916665e-21
-1.545495986826962607e-21
-1.161657270540842220e-21
-1.525197908334393907e-21
-1.353798405034753194e-21
-1.521176701311549462e-21
-1.607487048409702017e-21
-1.121596249989350059e-21
-1.298619724056749020e-21
-1.312485249474232406e-21
-1.320949248240353204e-21
-1.201025131102892405e-21
-1.143042252933460630e-21
-1.106521104333454865e-21
-1.335638534639417607e-21
-1.030396807096491517e-21
-1.006316677802776465e-21
-1.062036438382178929e-21
-1.061955853686174992e-21
-9.171350921550710784e-22
-7.958543424555132802e-22
-5.866292590010725610e-22
-1.002391018569785975e-21
-5.737100552709372640e-22
-5.882849732336580164e-22
-2.448613417062817419e-22
-4.699096959005972078e-22
-4.706183698208663379e-22
-3.555477607009927266e-22
-1.273141313309591820e-23
-2.140430218935076180e-22
-1.016738975673106405e-22
-5.279916796577363454e-23
9.558491908812176146e-23
3.961454768807638807e-22
2.357210726279427996e-22
2.699522066007153766e-22
2.808718522848233044e-22
2.677832078832568126e-22
4.718081057203945504e-22
6.377700796510081713e-22
5.891113663559094786e-22
6.384396217069006149e-22
6.602923656394797353e-22
7.604974995780990463e-22
6.443285625877889059e-22
8.444916246492432017e-22
8.733937120704442522e-22
1.329151600962632683e-21
1.008397943876934707e-21
1.037771737724057257e-21
1.320598246245734333e-21
1.106689833862718625e-21
1.273530503970746337e-21
1.408975776380040467e-21
1.424817909422737374e-21
1.393549679251663284e-21
1.363950128622809095e-21
1.406747129991947016e-21
1.341523910162263652e-21
1.463946241804563489e-21
1.812673939684694161e-21
1.443260023950194149e-21
1.352133924240070734e-21
1.636930448299815419e-21
1.733888298802692651e-21
1.547499203450685156e-21
1.439001747514343231e-21
1.602560425422355316e-21
1.449179760869479771e-21
1.684964772631602906e-21
1.573599993919485300e-21
1.906475694019158441e-21
1.830605888666308432e-21
1.440080442474148690e-21
1.738986911927279691e-21
1.820866238105383635e-21
1.449000010007555470e-21
1.578103551539778714e-21
1.498880602297095822e-21
1.181615539761236339e-21
1.546630439147414826e-21
1.266793398124490678e-21
1.448322238420856563e-21
1.160714435474950116e-21
1.352334433917665861e-21
1.192672857837092419e-21
1.391912666914712704e-21
1.354899235142246296e-21
1.301200862649692605e-21
1.058872979827343157e-21
9.489308473964958251e-22
8.772574108025978520e-22
8.547603332155158581e-22
6.880555407383949468e-22
5.011305520472899950e-22
9.212140240674125210e-22
7.233869284947461121e-22
5.277588473910913444e-22
5.931390258343983447e-22
4.042915855238989153e-22
2.446078251755276362e-22
3.209963083981102240e-22
1.613644565101940350e-22
1.799301697360304176e-22
-9.084011414799065096e-23
-4.699000386088953562e-23
3.935657013178526205e-23
1.155655796070208724e-23
-1.198415030140695517e-22
-1.287778496668505855e-22
-5.196186842405298174e-22
-4.242108187386082663e-22
-3.109886488971249704e-22
-4.983747747377516140e-22
-6.750886176870174393e-22
-6.679536055594481462e-22
-9.262741169849928514e-22
-6.770034794572484895e-22
-1.065282826601731218e-21
-8.732783101778380336e-22
-1.012032939819380295e-21
-1.070665466216486759e-21
-1.324203020390277764e-21
-1.175949854604347084e-21
-1.061250752565853414e-21
-1.293648795080085961e-21
-1.387580583591089070e-21
-1.224798748980161993e-21
-1.242239135891864837e-21
-1.575736626198647028e-21
-1.463296261055985763e-21
-1.781877127703177331e-21
-1.623873121714102524e-21
-1.488111795862557560e-21
-1.695811126958205111e-21
-1.605022952505217142e-21
-1.852647974191429589e-21
-1.754718320587561608e-21
-1.697235464200373273e-21
-1.690040958414359552e-21
-1.696199156368667482e-21
-1.769323630543068947e-21
-1.833203128049846533e-21
-1.696522539097359314e-21
-1.692948624492835973e-21
-1.753328150045576571e-21
-1.672026874908675705e-21
-1.642031679778016766e-21
-1.459488337394598688e-21
-1.633158203220751609e-21
-1.683287504910268173e-21
-1.647496928680116694e-21
-1.621925243179513859e-21
-1.587456470884944173e-21
-1.368156379560833047e-21
-1.313388872039070677e-21
-1.338894593609845225e-21
-1.247003738417168961e-21
-1.401305424288229898e-21
-1.236280674935048614e-21
-9.877131575252378090e-22
-1.272125145927331135e-21
-8.571850227929249034e-22
-8.897206466702028360e-22
-6.900297756236345867e-22
-5.130387248442809553e-22
-4.153639774183876718e-22
-2.409112091120254678e-22
-5.463485351103743400e-22
-2.558173529727305353e-22
-5.776233786960650355e-22
-2.877768373364058530e-23
-2.455717516395546644e-22
7.987165046194067238e-24
-2.327979888848604098e-22
-2.649248962012691341e-23
1.381746586775960355e-22
4.026762613743034059e-22
2.898159261932807598e-22
3.460167572087176662e-22
4.651853869567122162e-22
6.564726839557463731e-22
4.628290535894696187e-22
3.680814334931176839e-22
7.299932191773899632e-22
7.211755214505143161e-22
8.718063817621707801e-22
1.000549347676604144e-21
7.838285641301592646e-22
1.078713354532597145e-21
9.999060283499759098e-22
1.170592749021221465e-21
1.204730260117936988e-21
1.127836791479378788e-21
1.170605181615251349e-21
1.475821125860806199e-21
1.608769538077619072e-21
1.477570848856225141e-21
1.445541194306720136e-21
1.846833802684868846e-21
1.625896333458483291e-21
1.855977097619031200e-21
1.906552481998618073e-21
1.841327682597102670e-21
1.916668788700472897e-21
1.836853438169990228e-21
2.104106466927228264e-21
1.510676627177603332e-21
1.735071545556902601e-21
1.796387781624207152e-21
1.713405682467521821e-21
1.753593457541781356e-21
1.667254442511942636e-21
2.272601659101957061e-21
1.604489795734298006e-21
2.053807188054757783e-21
1.364578011656431867e-21
1.878460833525038927e-21
1.501521810509971577e-21
1.583991130365048074e-21
1.479824343047873728e-21
1.457746563293132668e-21
1.417330688857926623e-21
1.103716627649631732e-21
1.371676161087493766e-21
1.186779052389274298e-21
1.285506465839621306e-21
1.262762230280536547e-21
9.825446465163717915e-22
1.082982063034739340e-21
5.637367320459517676e-22
9.335781189859243943e-22
7.372665271553029736e-22
4.615984935758981780e-22
6.326121505628371765e-22
2.678540319089349444e-22
2.057566760107629760e-22
3.852358392099915109e-22
-2.656229384874306980e-23
-1.984901624960403112e-22
-3.564720830611579195e-22
-2.003644504628923112e-22
-1.484198260216790707e-22
-4.365004889722723698e-22
-4.707700244912428551e-22
-4.009749489004058784e-22
-7.721586310186042870e-22
-6.986865093908397698e-22
-8.417150326128481521e-22
-8.367128017973260417e-22
-9.217187882868403571e-22
-1.132070773462582264e-21
-1.110599023304117363e-21
-1.025059434173360590e-21
-1.251388218353316260e-21
-1.150543314748167443e-21
-1.379921943508309583e-21
-1.427041522968631659e-21
-1.432372679806316032e-21
-1.450459207339840555e-21
-1.753775649692265287e-21
-1.681411715462411327e-21
-1.476791416354156178e-21
-1.896724995131385225e-21
-1.712029411728207650e-21
-1.903530331202455098e-21
-1.708174493935054931e-21
-1.940078101231276282e-21
-1.687764962198932992e-21
-1.956026816268841828e-21
-1.878203985177055257e-21
-2.239420448099518732e-21
-1.592848293869341122e-21
-1.601517119424684019e-21
-1.904865938595602246e-21
-1.827265916490255291e-21
-1.717388219645236803e-21
-1.878919662304655744e-21
-1.768402460707642438e-21
-1.749632994155894445e-21
-1.634520539751900601e-21
-1.421322841058962493e-21
-1.775936955702794910e-21
-1.439504931181150364e-21
-1.560650819833288946e-21
-1.500186455694061415e-21
-1.371563739477359262e-21
-9.698943480522166035e-22
-1.298824126542430990e-21
-1.064059174522150028e-21
-1.041839042161163630e-21
-1.031779298560827258e-21
-1.015417091660405488e-21
-5.626143917683648835e-22
-6.656230232923292995e-22
-4.313502319893701578e-22
-4.957177506743280855e-22
-3.654620411427036962e-22
2.094801255393506435e-22
-2.051140086374198893e-22
1.858503694681383234e-22
2.877318800596138928e-22
2.809693895686273267e-22
3.265226208451055359e-22
4.358780568169524368e-22
5.994193845301882056e-22
7.705237078087513958e-22
8.166766568822725021e-22
1.021045568092767920e-21
1.055227361347938880e-21
1.393730706494773980e-21
1.156345243870742064e-21
1.465841441464029868e-21
1.184212778072109513e-21
1.385140674072858433e-21
1.557564376357797067e-21
1.428584190594243648e-21
1.679986809963168837e-21
1.507674529180091171e-21
2.029763397327684925e-21
1.803203347402717824e-21
2.152635383589722935e-21
2.322622651382332731e-21
2.071303867794935899e-21
2.071529623168161244e-21
2.010837906364441195e-21
2.000794908269893020e-21
2.173544714065674454e-21
2.022604154281564687e-21
1.990907454317879934e-21
1.840241534972776968e-21
1.847761278783933032e-21
2.094084981021748236e-21
1.949142756083288339e-21
2.106643207552256532e-21
1.801808659250747862e-21
2.033138681515197983e-21
1.595249855705086032e-21
1.778444809110888791e-21
1.424844921727836732e-21
1.685350100000545019e-21
1.337027267631467034e-21
1.254865330927887043e-21
1.005823885208868639e-21
1.112235268390797309e-21
1.132877819037159399e-21
8.660215771259904647e-22
7.828756806557169688e-22
4.674159701769296815e-22
7.581754454980979831e-22
2.240754820847430861e-22
3.945512024605971085e-22
1.633472306561590217e-22
-1.460210146544927195e-22
-4.902722216987460745e-23
-1.773442515118207022e-22
-5.323106720471722228e-22
-5.666777971994393273e-22
-4.808033424752187263e-22
-7.120523643089161479e-22
-1.056088760701869410e-21
-1.072125827507754545e-21
-1.269168044904186927e-21
-1.336955398021810011e-21
-1.395006916225645833e-21
-1.565613805750774812e-21
-1.722904538978134357e-21
-1.917930802023777095e-21
-1.760588752844310537e-21
-1.852390575359641921e-21
-2.057248784007235173e-21
-2.042395507063534535e-21
-1.940600235912118727e-21
-2.106708950153688048e-21
-1.742801815921189044e-21
-2.277250533338867054e-21
-2.134380421340863294e-21
-2.029713177491469332e-21
-2.087664360663857825e-21
-2.070174920189787942e-21
-2.206925913940463479e-21
-2.301743209340012222e-21
-2.083710886698492421e-21
-1.925487306257128936e-21
-2.094623571922764996e-21
-1.780501277558987753e-21
-2.083390270822660417e-21
-1.566847907397795746e-21
-1.800670471658057928e-21
-1.430587403365194501e-21
-1.662401717776606680e-21
-1.414525150454880960e-21
-1.198083472615677016e-21
-1.251785507087073265e-21
-1.076354103038588071e-21
-9.183412236630312972e-22
-5.795536738677335578e-22
-4.667841789628035661e-22
-2.615254041280714387e-22
-2.877859742722308303e-22
2.685032809960363358e-23
-6.001983216044215466e-23
2.093026271729019309e-22
5.200143461793080017e-22
5.062946942997136154e-22
8.414836479629904484e-22
9.721248196236779144e-22
6.815594838832091351e-22
1.026752293316172842e-21
1.182532266540420821e-21
1.405028121504068326e-21
1.688232229986710426e-21
1.561261032540510805e-21
1.856562877321532660e-21
1.914205219813693390e-21
1.989410208720614442e-21
2.232380430340072822e-21
2.302590072380220598e-21
2.165448007225746466e-21
2.549917074333923891e-21
2.346923517022729783e-21
2.297414138691959821e-21
2.533154014719914702e-21
2.658180656595862480e-21
2.143720351669999900e-21
2.473970175048497636e-21
2.325834580041450316e-21
2.222154501665809152e-21
2.256315970988648400e-21
2.116268111879891657e-21
1.881249377881279127e-21
1.818229668677875817e-21
1.775982123834052217e-21
1.461243103408384311e-21
1.359388916388330778e-21
1.527318373285216631e-21
1.134738808311584084e-21
8.638827754092996644e-22
4.423398164353220734e-22
3.358860178589842731e-22
-2.642030261605080971e-23
-1.979671159645391334e-23
-2.011653861189483865e-22
-5.271674751351680312e-22
-4.484391336572698959e-22
-1.143445579697479336e-21
-8.822918424170227684e-22
-1.148683961355439422e-21
-1.862628305837794574e-21
-1.775781131202116085e-21
-1.721846762364454373e-21
-2.508706539503905736e-21
-2.264338200306519654e-21
-2.778627433605157197e-21
-2.509660791395012267e-21
-2.633860923798735712e-21
-2.713972969291034258e-21
-2.902712822320882304e-21
-2.817680349450120458e-21
-3.291468894276123653e-21
-2.851997107033381584e-21
-2.641974855763824023e-21
-2.601569219000619623e-21
-2.783665842406119347e-21
-2.205133660499525206e-21
-2.292228483880476034e-21
-1.940483092729275928e-21
-1.923188065318096660e-21
-1.378272463213563537e-21
-1.144570058828125865e-21
-6.789505057754918644e-22
-3.947219414181267265e-22
-1.566893123471048907e-23
1.937024030852156663e-23
8.004609344141686408e-22
9.976142532831630495e-22
1.500099500710078778e-21
1.585258095109486472e-21
2.199767643034178618e-21
2.327733165536679274e-21
2.670731322216065418e-21
2.946052819404637486e-21
3.151821642632091994e-21
3.310017597272836665e-21
3.449815417067789879e-21
3.263845675316402528e-21
3.293342139297665018e-21
3.218899416525159218e-21
3.246074035776548977e-21
2.607317923205207378e-21
2.629990657854187074e-21
2.311864839624360749e-21
1.868616319376770943e-21
1.226670955624212907e-21
6.399787747405585235e-22
3.340938630128922494e-22
-3.193821527600644548e-22
-9.686180004942523849e-22
-1.314894179590127002e-21
-1.948079019956812492e-21
-2.385910193362248752e-21
-3.109138229827805464e-21
-3.048965068580628955e-21
-3.373548203961107490e-21
-3.804573505991032686e-21
-3.410880367571396101e-21
-3.405662398229846585e-21
-3.268051880086563860e-21
-2.705196212876391874e-21
-2.121409177226457124e-21
-1.986638348827399641e-21
-1.114025132119654718e-21
-2.933932298013067705e-22
4.712112560651268713e-22
1.057969125263788543e-21
1.687494668388630838e-21
2.029930178410431073e-21
2.598693928563909299e-21
2.738075817106169457e-21
2.881978652437267702e-21
2.707825524278165135e-21
2.907179207589611739e-21
2.483394362620183414e-21
2.091188922663176848e-21
1.684214301097078881e-21
6.135730662465016102e-22
3.666507851877402935e-22
-4.807896107597529595e-22
-8.960501924122879545e-22
-1.326906636431060436e-21
-1.413829879318027933e-21
-2.052180556762375372e-21
-1.819892590894753852e-21
-1.787556193382227306e-21
-1.754212964033888257e-21
-1.438262660585986837e-21
-1.021829549392625467e-21
-7.516434208378008719e-22
-3.464141723862410677e-22
-2.363038254453579945e-22
7.855888221525058904e-23
6.953271189314160566e-22
8.763734015796337155e-22
8.220400193949766049e-22
1.068744130602353901e-21
1.093616522170355194e-21
9.630941217928974530e-22
9.154520028668439172e-22
9.608930828875459526e-22
4.877240665333280643e-22
3.342156606885597327e-22
-8.468404213577830935e-23
-3.905385025003926286e-22
-3.612000364986859219e-22
-3.962245674373259403e-22
-4.566635810731189736e-22
-7.414853053381534741e-22
-5.099272299323411205e-22
-4.802862958674249393e-22
-7.138073141231795859e-22
-3.728502165696262922e-22
-5.390780011929806257e-22
-1.198390832039984430e-22
-1.030998885026542783e-22
2.486876613198480914e-22
4.209337655009678426e-22
8.472160016432140278e-23
4.905832422184792694e-22
1.384292593557339101e-22
7.256153802684193357e-22
4.967619492229876343e-22
4.262441693448605374e-22
2.427992551547898754e-22
1.126623316524622654e-22
2.004281576457187807e-22
-1.865443030049353078e-22
-3.580952625381399844e-23
-1.374157900694557221e-22
-2.732904766179082709e-22
-2.001072559042441924e-22
-8.855118078359667815e-23
-3.049394157009741112e-22
-2.072933717374176267e-22
-9.522192986545889428e-23
-4.608278379460544805e-23
1.689220677388572363e-23
7.985680155620979748e-23
-1.220562148473310693e-22
1.540473213704413721e-22
-1.286108117709548212e-22
1.192048885282579266e-22
-6.581479522650099245e-24
2.198688544921754628e-23
2.189088579503652702e-22
2.019764722890554545e-22
8.978595565202957347e-23
1.673959670635384006e-22
-2.542450685358513384e-22
-3.330930825520667984e-23
2.194605119933383480e-22
-1.567878649768963007e-22
-7.168582082745387492e-23
-2.908271290258708929e-22
-6.036297264211200625e-23
-2.377335693949054412e-22
1.709410593478939060e-22
-1.643963843817658138e-22
-9.699014413027584772e-23
-2.032264236901662122e-22
-2.994635637067169851e-23
-1.215520822248423304e-23
2.526363817463884649e-23
-2.370803255050446232e-22
2.340606394672398932e-22
1.858076320045445284e-23
6.427996180439794739e-23
2.968659470893781514e-23
1.134013459441291022e-22
2.467631482432766364e-22
1.260878313665323296e-22
3.078542526843780014e-23
1.054447524496470314e-22
2.366039125588746974e-22
-1.303970738256381795e-22
-1.437504829478849078e-22
-6.995420033413943710e-23
9.148015736686609390e-23
2.675645168573363128e-23
-1.763073657760253068e-22
-6.096301751519874034e-23
2.039712960566574291e-22
1.196272462419763111e-22
-2.470685597619823420e-22
1.603916281706991669e-22
-7.223185039420051136e-23
2.683723218392245641e-22
1.117206699626065074e-22
-1.059803024476332785e-23
5.956193042635537368e-23
-1.504088277365115690e-22
5.342963349017489619e-23
-1.178285165849391178e-22
-2.242424634730735893e-22
-1.297463977027477699e-22
-6.750277099108410985e-23
8.990629677942611104e-23
-5.682760923572367799e-23
1.133995170466374829e-22
8.452342145995931542e-23
2.637079922543631509e-22
2.996713960170136028e-23
-3.598618476882785720e-23
-2.655153230956922591e-23
-2.101856257267297031e-22
6.019050859272207335e-23
-3.302815389251844071e-23
9.940532555721167232e-23
-2.179094203371724330e-22
-8.474985687543434158e-23
-9.157947694251390394e-23
5.257222304306870163e-24
1.820271613107158005e-22
-5.766273990145426730e-23
-1.846363719573848952e-23
-1.986344855446518851e-22
2.380301355035860446e-22
-1.895077163763513707e-22
-7.219000260996222743e-23
1.485220225841777905e-22
-1.046686457144339776e-22
1.546259113819362910e-22
5.741008742451106120e-23
1.163334011954696243e-22
-2.222957838490092031e-22
2.422217322733390953e-22
-1.992114181134961977e-22
2.812061811324911607e-23
-4.538238742729218550e-23
-1.688593977484325288e-22
7.818507585310382019e-23
1.150222689914782605e-22
-3.206872947449300841e-23
6.906485837107323820e-23
-6.102232333207675920e-23
1.372331425115764259e-22
-1.847386053722599796e-22
-2.659860215362274812e-22
1.603914544630510662e-22
4.976564537515392442e-23
-3.010997030063816535e-23
2.181159252447774474e-22
5.152097557239098872e-23
-1.511212550189557093e-22
1.020316675732970448e-22
-6.516983403607988660e-26
-9.283193909013920708e-24
-2.590650627279884941e-23
1.239472669878052111e-22
3.035864655677868623e-23
-5.641752873035534195e-23
-1.950714439818555397e-23
5.640751440771702626e-23
5.676766048825744316e-23
1.666627562210742633e-22
2.503861274122337111e-22
-1.783905052486857406e-22
-8.139814378323610967e-23
2.136987507854552792e-23
6.095052601830637389e-23
-7.606084736475410571e-23
7.619399927363859749e-23
-1.937728220362061166e-23
1.031879276193037064e-22
1.305745419560153522e-23
1.145587228757017452e-22
1.856747627119680052e-23
-2.671514887193804879e-22
-1.464257682323334204e-22
2.886653118064455073e-23
-1.999432287959633092e-22
-7.451873902874718750e-23
4.194046852652549547e-23
-3.439427266832804194e-23
2.550205780474203377e-22
-2.309022137754258533e-22
-2.977122938613843350e-23
2.890184057436788056e-23
1.962709636351833769e-23
3.885289481021272419e-23
-4.398460549785010898e-23
1.280659126943217949e-23
-4.923360847034214011e-23
-1.400539575087156046e-22
1.677983735792086965e-24
-1.244809725087792661e-22
-4.277291503676060413e-23
-1.263518609221444973e-22
-1.715145401718669339e-22
1.904028779637868456e-22
-1.001444347167695142e-22
-1.082774746898728124e-22
2.772229010578800532e-22
4.573611091674784078e-23
-4.454097808396964091e-23
-7.781104696626114903e-23
-6.418250297303217978e-24
7.901392897616996602e-23
3.184680308737897426e-23
-3.401294068518936614e-23
2.217038474277599428e-22
1.547957344966813535e-22
-8.108307438922649920e-24
8.813380860609111235e-23
-7.516646341475326605e-23
-1.379799058896962868e-23
8.427137167100183046e-23
-5.386818527292061977e-23
1.521844990481551821e-22
-5.873586914666645676e-23
-1.504674475056625535e-22
1.027144963533183073e-22
4.702210558359915816e-23
2.254335287086981888e-22
5.123564685348496170e-23
1.432851618145682202e-22
-1.181080786046312126e-22
2.117343227796005806e-22
9.398594243021636505e-23
2.046761293819838078e-22
3.140734100095545838e-24
-7.807248625574439690e-23
7.776855887295714550e-23
-9.381651457858137502e-25
-3.436662487640293794e-23
-7.378527041654792784e-23
-3.403892095080093231e-22
-8.899734169854069042e-24
-3.000743290557311115e-23
-2.513359028783383850e-22
-9.308621879693384021e-23
2.176570014929153734e-23
-1.016033722177579149e-22
5.338851414672886051e-23
-2.309037780370533495e-22
6.726168940987343172e-23
-1.624753283959435874e-22
7.832215919801420169e-23
-1.609672368607228980e-22
-8.160847723953261323e-23
-1.303351952064476053e-22
-1.414269997694820429e-22
-2.749237694658794813e-23
7.476149589948580186e-23
8.186184434178381978e-23
-3.557267925442738760e-23
9.348934634984095832e-23
-1.828391092164844701e-23
-2.584479824755235660e-22
1.564412148550587308e-22
-1.727398961907540323e-22
2.763558536167043367e-22
-7.501477893799638371e-23
2.271076396758703602e-22
-2.379062596109061227e-24
-3.334443923085033260e-23
6.498341421820489622e-23
9.272920772388496300e-23
1.600645676637033345e-23
9.672160158581219237e-23
7.679539469234096959e-23
-2.051739237610975172e-22
3.695940452002958152e-22
-7.374165016171149464e-23
3.047296144807753719e-22
-8.867234915300625075e-24
1.703968975226831913e-22
-4.283313780840470552e-23
1.912852574375363575e-23
-4.083365996840797778e-24
1.885562803511581934e-22
-1.452692575249348571e-22
-8.483871922423191414e-24
-1.673214968713855180e-22
-4.358030067260176174e-23
9.499812704569780394e-23
-1.331897859267414498e-23
2.358047503215257166e-22
-3.519996446743524409e-23
-1.381405182521503550e-22
5.129063411321816844e-23
-5.916571606865326766e-23
-9.448742976848715579e-24
1.988494110546283463e-22
-2.502105036822624279e-22
1.866959465503383794e-23
-4.256617857188480026e-23
-1.335268803775516006e-22
-7.748577937075932229e-23
-8.476864653828552758e-23
-4.440693024072052531e-23
6.390250985707217270e-23
2.252758577685689352e-23
-8.318259952815478133e-23
8.708219265784443058e-23
2.450270585768937764e-24
-2.326555672836587581e-22
8.812491896446658813e-23
-6.932581432735363982e-23
-2.362362040576812529e-22
8.224244336283518899e-23
-3.386027936955768300e-22
5.100276176073872412e-23
-1.492456664661754387e-22
-9.541300378297632649e-23
2.064992123583903042e-22
1.097300456218995385e-22
9.523394350372232454e-23
-1.563319690958496644e-22
1.050896377539436366e-22
-1.534091338916179628e-22
1.155575593773006469e-22
-2.162241437521876091e-22
-4.036093426160605459e-23
4.344460024544234127e-23
1.749217434531365823e-22
-2.427292391713924648e-22
8.894483533922462503e-23
2.518569445253723095e-22
1.080821105236378990e-22
1.094665987706995041e-23
-3.589434587242699572e-23
1.786999270640776365e-22
2.248777639710164046e-22
-7.751395733935043590e-23
-8.105343606816705021e-23
3.480952388416628607e-22
2.017199420991588923e-22
1.224716699784396833e-22
1.139251177584552974e-22
1.130282474686168117e-24
-7.063151581226339644e-24
1.461662814191705290e-22
1.141951456960900818e-22
1.875137821454369974e-22
-1.827419028603729197e-22
9.514050168120727293e-23
-3.676679260365222250e-23
-3.490945426898423301e-22
-5.944353557107156616e-23
-1.066776339541031630e-22
4.158287049386448412e-24
-5.523621748535838834e-23
-1.727547793060906570e-22
3.197161551520812434e-23
-1.390988258800954647e-22
-1.371719309638693786e-23
-3.137468490860238902e-22
7.527484951540370961e-23
-8.067935712454385843e-23
-5.869407491286563123e-23
-1.620426124594074483e-22
-2.408963351052185975e-22
-4.942807543902719941e-23
-1.059392525033289194e-23
6.067068217620617808e-23
-4.818659653134612280e-23
2.586013642431427580e-23
-4.059567708596688058e-23
-6.637879050959104552e-23
-7.369609328602851282e-23
1.201554785604060311e-22
1.914268392889994798e-23
1.088082759110600564e-22
4.512526692663696835e-23
2.516674622499443712e-23
9.663484564782023918e-23
3.097636076226269896e-22
6.644703359779015694e-23
9.080832291339830001e-23
8.770430059560523971e-23
-7.792032070243333026e-23
2.901240660532996541e-23
-2.206289946673807736e-23
1.040999119250313519e-22
-2.566466410979837042e-22
-4.125377840762691388e-23
1.815578395911780694e-22
8.688122214528367530e-23
-1.547891150224480050e-23
8.401545508418486748e-23
6.029676212038615172e-23
-1.121310883846982531e-22
1.574554541509989383e-22
-1.038429955826622271e-22
1.070767004091355943e-22
-9.298527654089425926e-23
3.670852034933366977e-23
1.776731929600213802e-22
-3.746068442817266306e-23
2.176815325407031051e-23
-7.628959290052785026e-23
-7.584859426215837510e-23
-1.222855076566549219e-22
-4.098734676772647057e-23
-3.150486469698298005e-22
1.800329879201119247e-22
-3.120528216398714294e-22
1.041106815626703997e-22
-1.490711278319475908e-22
1.349520304814284394e-22
-1.273618173343861393e-23
-1.400462080642814513e-22
-2.145354570743971311e-22
1.976291945413883987e-22
1.620371062699894250e-22
7.597920495785663995e-23
9.450539587052569729e-23
1.755520108831168314e-22
8.080673881122194302e-23
7.426609931512968441e-23
-1.022629863461308673e-22
-1.154474764192534927e-22
7.325356548521797324e-23
1.608961793675980723e-22
-1.630151542561344784e-22
7.364586730572147286e-23
-2.169539857003964342e-22
2.064564711431844890e-22
-2.764343057520902015e-22
1.362964056023647774e-22
-1.341918220744265707e-22
1.428435890619161987e-22
-5.972608803247532450e-23
6.766518516832540285e-23
-8.224932866387246655e-23
-9.967054954989604500e-23
-9.893006296397495903e-23
4.199323128528653202e-23
1.064095961409662411e-22
4.353177992947163028e-23
-1.662316735547646744e-22
2.686148633404346333e-22
-2.011535180361247993e-22
1.202119332153077334e-22
-2.908009315653495160e-23
4.073239896970638520e-23
2.959275494998199738e-23
-1.659525389178666396e-22
8.721698731937021300e-23
5.381778296442443817e-23
-2.123504013348650917e-22
-7.543914800322441320e-23
8.782071296180467825e-23
2.072818245315685709e-22
2.661219952325290304e-23
-4.814926710976602276e-23
9.652192707849564202e-24
1.276077760914435947e-22
-1.667568409509530068e-22
-1.624049545260170394e-22
5.362541929452976929e-23
2.061309391304439491e-23
1.185811009197828110e-22
1.068911333276044634e-22
-2.566717983258516206e-23
3.503395810456242230e-23
-1.677893181836035933e-23
-2.370697378688737573e-23
1.183557196135681313e-22
-9.630409345154324027e-23
-2.300271859410201374e-22
-1.142803549673391230e-22
1.181961608755301802e-22
5.213214118869617239e-23
2.104947890966198477e-22
-8.749361517826097540e-23
1.052572589350258064e-22
-2.942922300379890678e-22
-3.814706079558169772e-23
-2.169906485681548527e-22
-5.070770007329194546e-23
3.756950191335444234e-23
3.089694301774946743e-22
-1.004126469430765367e-22
1.118656047786109663e-22
-2.164874885847259476e-22
3.801907126522638239e-22
1.212393034919126609e-22
1.644793140568947885e-22
-7.728880449593599906e-23
3.693240257478250260e-22
-1.995877831105139950e-22
6.603064247142156517e-23
-1.270149503334101974e-22
8.451496094791021209e-23
-2.060514544428279606e-23
-1.069921091416538329e-22
3.398038374694234847e-23
-1.129599919527322159e-22
-2.558505435837122677e-22
-8.912182959639120174e-23
5.343389844007192448e-23
-4.235170243909518435e-23
-2.297959707130690041e-22
-8.418120484286989635e-23
-3.417067210521140474e-23
3.412590158067934861e-23
-1.835712072571543847e-23
7.614983037619879550e-23
1.135822062154193483e-22
1.539107258863086152e-23
3.469466860504222897e-23
1.148105740905429061e-22
1.234382850501744349e-24
3.988940782943965438e-24
-5.120430368852526210e-23
1.743852025478144451e-22
-2.102661525825717708e-22
-2.689995744670199137e-23
-2.501194728424030207e-22
5.677173976246260500e-23
2.393072854340801317e-22
1.525894485562140581e-22
4.770524677814248927e-25
-2.034567911066198929e-23
7.695996308917847904e-23
1.556395195369532020e-23
7.149754037940132643e-23
-1.115721986413366563e-22
1.291552805164663937e-22
-3.047584351314824789e-22
1.792095996040722331e-22
-1.001601666532210665e-22
2.330622791498786709e-22
-1.607561698951872572e-22
-3.585341926181461062e-23
-9.157825723926333724e-23
1.548111856006722388e-22
1.603085251046428695e-23
7.318815290169278688e-23
-1.253485255651914254e-22
-7.867434936230131180e-23
-1.512851434154965893e-22
-6.997920864889145361e-23
1.831550925378724518e-22
-1.173119520627503311e-22
7.485063813463949033e-23
-1.007739291064219078e-23
-2.294432379940516605e-22
-1.110438124734205062e-23
-5.516873489930910511e-23
-3.920299939933080743e-23
1.295750192976925429e-22
-1.806065511698834264e-23
2.088152226884663358e-22
-7.144649319156209329e-23
1.724952899119851681e-22
-2.705426484106850517e-23
5.026125300698725859e-23
5.521214509558535258e-23
1.305173886506389363e-22
3.741288803166505073e-23
1.128827552242343374e-22
4.169418971568053864e-23
1.726634788913963795e-22
-4.099927914256871267e-23
-1.403613402861814677e-22
1.426140269472189845e-22
1.483254095455731998e-22
-7.429517812714208297e-23
8.093051454692436306e-23
6.510871778011244194e-23
-7.771504928822751256e-23
-1.085107940870680205e-22
-1.040540582216492979e-23
9.227925186457384506e-23
-3.930701984969627705e-22
-1.088078098846636524e-22
-9.147752798715182888e-23
-7.957584417641276285e-23
4.546036303554417251e-23
8.856893418210538081e-23
-2.010026673164865452e-23
-2.678710978130862143e-22
-2.253633890594052669e-22
-5.148550441277842965e-23
-2.491636265320739913e-22
5.606298171495351529e-23
1.070665043241757583e-23
-5.853970547550027787e-23
-6.886843604902928271e-23
-1.779232647474314374e-23
-7.920129613705803383e-23
2.177501527679745500e-23
1.365554617016225370e-22
-5.406937044411572318e-23
5.552350381521104655e-23
1.954548892427257504e-22
8.238061046452559102e-23
-7.909312333239123102e-23
3.047570546002924242e-22
1.817175006099140271e-22
-5.532322951455528852e-24
-6.427384344832270672e-23
8.907588799263974960e-23
-4.997458365756400587e-23
-1.462141020013437240e-22
1.904811041598788949e-22
-6.217704111263650757e-23
3.008968376022442982e-22
3.234612225706910675e-23
1.480556217401708651e-22
1.713085775620859466e-22
1.994491330775684504e-22
-1.123066314373420320e-22
2.376225018263571680e-22
3.004184535845398200e-23
-3.783934248767381049e-23
-1.363129479865867252e-22
1.941896909013767597e-22
-2.315323784442746679e-22
2.627995286712894369e-24
-9.600195142305867935e-23
6.384048639248384841e-23
-1.224561668453395139e-22
-4.445226600548668586e-23
-5.315267791826304179e-23
-1.139872887429721041e-22
-2.609930435690548463e-22
-5.506558346780702169e-23
-5.840742104501941605e-23
-7.223416143496552025e-23
4.209077549013678215e-23
-4.815625189052098979e-24
-1.011731333888076292e-22
1.736124940767461117e-22
-1.843710733864109167e-22
-8.282147303478049721e-23
7.791520231104173439e-23
-1.575245197088639347e-22
-3.833589102445592324e-23
-7.018032104878559287e-23
9.725746683299062854e-23
-2.229859736428769279e-22
-1.388254930779112066e-22
-1.059192419869484980e-23
-2.126112835211478200e-23
7.312538661244133589e-23
-8.235959162606874620e-23
1.649600725415311714e-22
1.496712739881269748e-22
9.445635615478457235e-23
-2.414284187527539496e-24
-1.264290769662626365e-22
8.544330987774935563e-23
7.520420970893112535e-23
1.219610628573435691e-22
-6.786364975616913005e-23
1.346462326412244160e-22
-4.142579101510544826e-23
-1.316785334590523851e-22
2.769296951324663826e-22
5.389845224128024962e-23
2.224753463259592958e-23
1.911138836162717691e-22
-1.537811926308570005e-22
2.353920689937945173e-22
-1.501552434287454697e-24
5.198480273501394323e-23
2.038085910461255619e-22
-1.063304206322203420e-22
1.828842894268974711e-22
-3.501040595412930958e-22
1.673521197171895179e-22
-1.628215511889516685e-22
1.081725730293015913e-22
2.434162454524039630e-22
-9.826218361145923033e-23
-6.815034805877319889e-23
-5.940693561519451759e-23
2.976250728413485956e-23
-1.185787107918216376e-22
6.238226290778125908e-23
-2.782906747458783262e-22
-1.045380968333152642e-23
-1.897131701255434336e-22
-6.473065830342920856e-24
-4.224811040720984677e-24
2.415666118595270366e-22
-1.012971485808405824e-22
-2.087837229246681534e-23
-1.409691374455497561e-22
-2.648272031227263845e-23
8.863684388264598227e-23
-1.116359488950250239e-22
2.098271797149927878e-22
-2.316383543819577234e-22
-1.571693776266739925e-22
-1.078213119511305345e-22
-1.370941697600378679e-22
6.367399767774107465e-23
6.314344688468266689e-23
3.182184075114226423e-22
-1.648547125592921566e-22
-1.096517286395864354e-22
1.142126790856884039e-22
5.582643073492158762e-23
-2.415634902395136469e-23
-1.641578762308814959e-23
-9.657718813994245223e-23
4.202191670334443543e-23
3.173670211977451783e-23
1.449414330549505682e-22
2.608121049324273384e-22
6.445171598814415117e-23
3.996980022181557771e-23
6.641388217836157103e-23
1.882154787804866332e-23
5.820023033814340323e-23
-2.326088225555282414e-22
-1.073154228439288428e-22
1.873538503950988306e-22
9.853165564104388663e-23
-5.099250142292915670e-23
5.301107340247246169e-23
2.242090209232887512e-22
-2.286433712377862713e-22
-5.387230086943537360e-23
-8.491042194833371553e-23
-1.012885957830661029e-23
-2.586526898210079251e-22
9.745183503970645595e-23
-3.132715776721881457e-24
-3.717135907510113436e-22
-7.910667376053372515e-23
9.025192242783074229e-23
-1.254333456540885559e-22
4.879032010838802492e-23
-7.614158390030428646e-23
-4.590165756076017767e-23
-8.171588479984533378e-23
2.670988735715477122e-22
5.655077889253313990e-23
1.699940827794029580e-22
8.925002781306261554e-23
2.692240417418400361e-22
-1.830844772941161894e-22
-1.420536274519072805e-23
-1.292636748146387049e-23
1.336361327105652524e-22
1.383558880381520477e-22
3.182678583499024677e-23
1.492875338348260103e-23
1.151332774824457414e-22
9.213942603135540255e-23
1.647966563469335832e-22
-1.964325493117948694e-23
-3.638409948884067452e-23
2.269652777066074176e-22
-1.325811322947996422e-22
-2.390569469670729120e-22
-1.015496053199473243e-24
-1.771054814334721243e-22
-3.890356344133414207e-23
-5.953307337892486288e-23
-3.768879075297709360e-23
1.486032175681929435e-22
-1.317893108321532083e-22
-2.159784527963736080e-22
5.118992643907561111e-23
-1.355595149779782023e-22
-9.447681793989344853e-23
-5.524191754960181902e-23
-1.167824911692125240e-22
-1.118791033124041653e-22
-2.133434243177307008e-22
-3.313485138831012147e-23
-7.447754533069643650e-23
3.095263286966716884e-22
-3.340356313440265045e-23
-1.616271930288863138e-22
2.085778475774551466e-22
1.881566169859725680e-23
1.965275094847754097e-22
-2.750748618332382214e-23
3.609205402131564827e-23
1.730563817723589288e-22
-5.559990367494347956e-23
6.281607832908142335e-23
2.011531418006047797e-22
-2.817695502889824250e-23
6.972308312697980640e-23
7.568503472903311249e-23
-3.488959669987662077e-23
-2.614321509237019841e-23
-2.778027447908903016e-23
3.263807928371659851e-23
1.530968414277763371e-23
-2.803989783485318417e-22
-1.565220399216635312e-22
2.252752431812149904e-22
1.129236899184196883e-22
-1.527016996479412846e-22
2.552294399131814658e-22
-1.250632527329433468e-22
1.284004874418931611e-22
-1.847772263010187520e-22
1.278027184450418475e-22
1.090819238733857535e-22
-4.857492033250734922e-23
1.265706125371733150e-22
5.619708966218424200e-23
-2.024166038540322241e-22
-1.977226143536109048e-23
1.447712036630260122e-22
1.270724380204794749e-22
-1.204748480848188722e-22
-2.629145143046394569e-22
-8.382550366837067735e-23
1.038283801353692220e-22
-6.268356334852736825e-23
1.961279112463711704e-22
-8.766723745665826551e-23
-1.073119627965621406e-22
-2.186354314361226162e-23
-4.487759992913272525e-23
2.399936190920684535e-23
-1.235976895801983394e-22
1.609645566020100982e-22
-1.714165227625224956e-22
3.305240766837051576e-23
1.714802878579284569e-22
1.022689806807600782e-22
-2.392595275346583735e-23
2.913411471274970846e-23
-4.033411253352188452e-22
-2.659606782231402542e-23
3.310088724049733381e-23
1.525522410807944056e-22
5.069301994285377722e-23
7.527905891960641636e-23
-1.694688010735086952e-22
1.948250949603137425e-23
8.671335151312925600e-23
1.462647096017993571e-24
-5.195401231178915022e-23
-1.015236510074322360e-22
2.566024423494864175e-22
-3.785676086170890448e-23
-8.824669179496334892e-23
1.752575158776706890e-22
-1.810529120829029658e-22
1.054899654568431950e-22
2.814822973858904154e-23
1.320009986963038898e-22
-1.512653034385111448e-22
-5.660621790710114158e-23
9.006556952604713225e-23
-2.655184890241527082e-22
9.047303221841089680e-23
-9.673116332502784784e-23
-2.674896706304278422e-22
3.505311652099649481e-22
-2.150647179989062291e-22
1.612949553242881345e-22
1.269448801406968269e-22
7.589336065221257176e-23
-4.512307098000179635e-22
1.528917386205753053e-22
7.763228401412914722e-25
7.058597604031876187e-23
-1.629247402243000158e-22
9.550294521817168855e-23
1.119205419796002360e-22
2.902668624823303411e-22
-1.214641831704957223e-22
1.458207242052415443e-22
-1.882504354838272554e-22
1.889786688892129869e-22
5.212283710309647514e-23
1.988075794606919280e-22
-2.728170603590741332e-23
-1.309648262884397780e-22
2.450007207955618031e-22
-1.652152880550627607e-22
5.263607718451944100e-23
-1.900499098771478979e-22
-1.402227929222654945e-23
8.295967632990098332e-24
-7.786205883726076823e-23
7.169025387479246501e-24
1.309300347289859593e-22
-1.774224952428976818e-22
1.641399031614789518e-22
1.283962159597006745e-23
1.035333862379297973e-22
-4.241616082094476217e-24
-1.206085636509104286e-22
-1.531224743955714464e-22
4.081645383853837938e-23
-1.626356509180983817e-22
7.514451390608741337e-24
-1.019703572958579577e-22
7.379665650348578025e-23
-2.447818143344211143e-23
2.133755762156743811e-23
-2.131533502105462355e-23
2.724877507557828886e-23
-3.435099528727196866e-23
-1.041494064899370472e-22
-1.974828815110483937e-22
2.348075434695571786e-22
-3.093772039454879574e-22
8.207556392252477836e-23
-7.508990042238690230e-23
-1.337143059432200861e-22
-6.046815952663675225e-23
2.864145901762965743e-22
-2.654670180657173763e-23
3.846205957610754932e-22
-1.732784914105520601e-23
-1.367447065692440026e-22
-1.070174582282457107e-22
1.398024169332020248e-22
-2.624921850517006527e-23
1.209279713204982121e-22
-5.196649185510982029e-23
-6.626474505153635705e-23
8.374494206648269787e-23
9.922388858294135791e-23
2.740438016741652794e-22
2.049551743875685777e-23
-2.361429655623966249e-22
-3.835365566138466102e-23
-6.286682857211582775e-23
1.728875837496886755e-23
1.566085823229868480e-22
-8.537021752596283243e-23
7.887636318622370012e-23
-5.789251130408210337e-23
2.548107800856363263e-23
-1.829762583699821100e-23
-1.068642163192324131e-22
-3.275694161231988296e-23
1.000952870385783675e-23
1.198307067112488018e-22
1.192475848730902747e-22
-3.062645965279552954e-23
3.419468099143016723e-23
-6.332569500778522194e-23
1.490057655421184277e-22
7.598452768684124474e-23
-4.367794445974809327e-23
5.808918356106070024e-23
1.110601704370994096e-22
-2.033388767511395030e-22
-2.565042530787558686e-22
2.729827584723144598e-22
-2.927132835857566548e-23
-2.926315847203096443e-22
1.938204994170971031e-22
-2.557780741120922071e-22
1.703152242845369397e-22
-8.539317172208440459e-23
-8.926652210368553243e-23
-6.405490040282662912e-23
-1.939639795505213300e-22
3.058873181093446472e-23
1.373407632568591830e-24
5.826644385597959174e-23
1.118034001953507412e-22
-1.812058684659628173e-22
-1.440196557939211445e-22
-7.954184909477643550e-23
8.306358060495774767e-24
1.604783270799619397e-22
-1.937427395807413279e-22
2.192535068491770046e-22
-1.433862495426457910e-23
3.448315074639861454e-22
-1.378821949032442759e-23
-9.966358083083051975e-24
2.160698031276516971e-22
-1.078463446607727215e-22
1.228222676389214055e-23
4.297196399774388986e-23
2.946484143505847788e-22
-1.991559875774004193e-22
1.011299869930491584e-22
-8.304883172071063043e-23
2.428048940033553017e-23
-6.405163130441646537e-23
2.853178460617539648e-23
1.273638953269757444e-23
-6.877582577778159884e-23
-4.761128864126387612e-23
-1.284987218581855768e-22
1.688071506269864189e-22
-1.270005692554072664e-22
-7.481985758218867951e-23
-1.533876978216796848e-22
2.704135120410630262e-23
-2.128411166648697307e-22
5.246534385905372141e-23
-1.503869788022419910e-22
7.592379082975447729e-23
1.200182342296197852e-22
9.672251083639729803e-23
-1.444719112244371196e-22
8.527216847612417326e-23
9.648153102944020044e-23
2.734465054727963053e-23
-6.873515480650289162e-23
1.739783748330034793e-22
-3.114939636536725260e-22
3.412456536912194622e-22
-2.350553699421100439e-23
1.978525299217116267e-22
-5.361965660436048524e-23
9.755060684439739091e-23
-8.746481368251391810e-23
1.073943506958044946e-22
-4.552499182797236098e-23
2.327681527399643597e-22
-1.924144473414792658e-23
-1.814802168743122702e-22
9.464449700086490628e-23
-7.265793700912188653e-23
-5.621334134521561366e-23
6.181773653223331797e-24
-9.746989243069911836e-24
3.633707788304949463e-23
-2.235554669612573805e-22
5.960108015372542938e-23
2.377834946622088368e-23
1.212846575263900859e-22
-8.433682793716139633e-23
-2.048406274264826621e-22
-4.484548960000338576e-23
9.431841390878084120e-23
-8.676714894992752921e-23
-1.094141805691179679e-22
1.164766733532167089e-22
4.852863234152132320e-24
-3.057495021875499809e-23
2.189120381380450962e-22
-1.236668380397603683e-22
1.657801075717262012e-22
-1.129760285085062971e-22
7.721462963252102705e-23
-1.402834063590083281e-22
-1.738432832837947818e-22
5.153874856589717049e-23
-8.610327642440550361e-23
-9.533517690446346746e-23
5.953998730529834031e-23
8.835398304502967578e-23
9.009655059333247123e-23
-1.381587295502337018e-22
-1.704166548477379746e-24
-1.035161113280942554e-22
-7.055162909022461396e-23
-6.942712932067856317e-23
6.982976669015861363e-23
2.770258834317689227e-23
1.349399529192084173e-23
1.885829678049392997e-22
1.968428533536954339e-22
1.520840667104724354e-22
-1.608433065266332268e-22
7.151362890209639744e-23
-7.189866173342434365e-23
1.516639354477155843e-22
-4.606986170397805554e-23
-9.596377174888675688e-23
7.007522333797838790e-23
-1.215153215084466014e-22
-1.732701398777676526e-22
4.364992020669049173e-23
6.497755660317296860e-23
1.480846900413700576e-22
-8.833050754437168250e-23
2.180741017667833302e-22
1.129328770917297833e-22
2.045612941666389262e-22
-5.955017672970720952e-24
-3.639559729998893491e-23
-1.825096988793030032e-22
-1.143134100314552762e-22
1.132845874498911004e-22
1.815680046079167347e-22
-2.820167268760813450e-22
1.300466077313459049e-22
4.015433123661509950e-23
-3.066054874027629558e-23
-1.156157003983628776e-22
-1.335124853730008004e-22
-1.743521199137204382e-22
1.048028040112966262e-23
-4.151287995490037271e-23
1.610255448853086384e-22
-1.352605764667499360e-22
1.888134277404800106e-22
-1.655162591792123092e-22
5.997103449873118502e-23
2.177125830284542347e-22
-1.539575967782395382e-24
-1.243840041674429239e-22
-2.050709500561117950e-23
5.861250675912188787e-23
6.402947557347361676e-23
5.681161305196574415e-23
2.531192914243593707e-22
-1.273375533124348304e-22
-4.021681019502695892e-22
-1.436644453347159531e-23
-1.170696910797921588e-22
-4.707970098285445834e-23
-2.922870870433853136e-23
2.331612173820020128e-22
-2.948190636182265423e-22
-1.963709360705316239e-22
-8.680668058373165586e-24
9.253798502418038982e-23
5.608787087141591810e-23
-2.764215939603949797e-22
1.037634052932572855e-22
-1.991062431607717526e-22
2.530163070402969014e-22
1.127820852440613620e-22
6.657438155522106410e-23
6.598428861110550358e-23
9.993481686777887076e-23
4.598883080546124104e-23
-2.487878578680648660e-22
-8.369403475222274737e-23
1.013076786490704666e-22
2.430006497042668707e-22
1.642338856923016271e-22
9.703459833931257579e-23
-1.598633475649624181e-22
3.412942392851050991e-22
-1.518077002511198532e-22
3.115713647571192275e-23
-8.811087528167682337e-23
-3.031549147381869286e-23
1.887362171896614770e-22
1.838665646825096791e-22
-7.592463753610329890e-23
-1.840090999172068242e-23
2.133462813204831293e-23
-6.967076587490444311e-23
-3.800260609050146413e-23
1.389761823503892769e-22
4.870768786595248012e-23
5.733132306879520000e-23
-5.776298159277670147e-23
1.872090024215240027e-22
-6.464354128436430472e-23
-2.850472983528983075e-23
-2.847270111952037615e-23
3.346306738678914128e-23
-3.994783487662479204e-23
-2.141486599702345967e-22
-2.770853701307407301e-23
-1.171466435692920099e-23
7.422183902862363902e-24
-1.908778406415352558e-22
2.501415297459470584e-24
-2.306682829339766902e-22
2.105097382350948069e-23
-2.155512405988943303e-22
2.873400610304091564e-23
5.042138490159319999e-23
-3.330882861729693790e-23
-2.430146116285105205e-22
-2.722875976300200235e-22
-2.380196393784171850e-23
-4.499986892694415395e-23
-1.343982248735074367e-22
2.247234865825928857e-22
-1.123820076855196385e-22
1.097007770482137736e-22
-6.162145442675354045e-23
8.705361645495404902e-23
1.820030260769653307e-22
1.670974051636754296e-22
1.978949164997594018e-22
1.269013024126333880e-22
-5.700889524127515797e-23
-1.398345544898000393e-23
9.114643284209483893e-23
1.184371569044343447e-22
1.084748858495646680e-22
-8.626190142928022618e-23
1.825128467701429446e-23
8.077744588046704456e-23
8.235302563960753437e-23
2.211671217994056697e-22
2.471267066721631719e-23
-9.057497770693095276e-24
1.646128579783548569e-23
2.078817009336701443e-23
-6.425086286891901143e-25
-9.386737793559246968e-23
7.599433747416058467e-23
-3.403939415980324013e-23
-1.837656594809838131e-22
-2.498292896885995374e-22
2.998711497791459581e-23
5.849006391336583810e-23
-1.249773461252465927e-22
8.983915689480560650e-25
-6.570026277992409676e-23
-1.641718917301164360e-22
-3.419976492276116665e-23
1.354775011644190174e-23
-1.507394032486718680e-22
2.330714087077434950e-22
-2.806846782230404608e-24
7.643880404983408764e-24
-6.625984473745451858e-23
2.964809239240028602e-22
5.780367613719235547e-23
2.654516902755363122e-22
6.821448858066526345e-23
3.615297670728208461e-23
-4.214269632523507845e-23
-2.002238761929035227e-22
-1.014494070621659747e-22
-1.231579702807981066e-22
1.948537813652112493e-22
-1.358110428741054036e-22
-1.842205748490107385e-23
-6.816116617158563062e-23
-9.146937348087731273e-23
1.867832303953889247e-23
-2.367331142540826506e-23
-1.351582270740865544e-23
-1.004203805141939476e-22
-9.232781438561472940e-23
2.127190882481015126e-22
-1.340685508379605742e-22
-4.047402330746968288e-23
-1.414894682807978198e-22
-2.834489998595246443e-23
2.558473977659183039e-22
-1.228420514008689770e-22
-5.529674371304013388e-23
-2.265213909800276699e-22
1.534693507705315882e-23
1.141611418773585153e-22
9.403848503604430117e-23
-2.415412960815218086e-22
1.537416073196139479e-22
1.437347663213190341e-22
1.056389219343715670e-23
1.627199911314639601e-22
6.354538063983636106e-23
2.689394430919766513e-22
-8.508636862929312773e-23
1.277418286158120125e-23
4.046246298087348292e-23
1.241540657516609176e-22
1.230374254477535826e-22
-1.356345057125443365e-22
1.926602261219402341e-23
-1.912705896303094268e-22
2.776716069466609532e-22
-9.537021920136430716e-23
-1.134815935197003410e-22
-6.965753843125479382e-23
1.046086838864516988e-22
-1.067051954333057425e-22
9.803545486947049977e-23
1.591491543830118493e-22
-6.863326551654070112e-23
-2.889323315788498735e-22
-2.882240265739767068e-23
-1.474472882749000543e-22
-1.268642194494850922e-22
5.536396450103761063e-23
-2.959995560465121007e-23
2.757404515834582865e-23
-1.851008221198479715e-23
1.223894543044560705e-22
7.222276040319252396e-23
1.790885482737441749e-22
-8.960643508419138992e-23
1.691013464114726940e-22
4.076808432775705180e-23
-3.940856007082151663e-23
-8.395387085584293596e-23
4.164609840643487863e-23
7.767899502900924838e-23
2.266944880544707583e-23
-5.339956695868502588e-24
-1.311525633561474174e-22
3.976747130308549131e-23
-7.627726961613108251e-23
-1.614271210444647819e-22
1.358683601711002831e-22
-1.754730977791513856e-22
-2.334732096908640074e-22
-2.783343292267268722e-23
3.092140667699660125e-23
3.382774540669671059e-22
-2.790668684106280341e-23
1.956058956604526695e-22
-1.146636922305292642e-22
4.489795546149231220e-23
-1.917394448207901855e-22
4.719077409291971661e-23
-6.615864107941669460e-23
-1.188373178099486917e-22
1.021370319895648507e-22
-1.715596524428899183e-22
-9.210313678847889146e-23
-7.361194321588483995e-23
3.578805731969772857e-23
-8.879568062916322358e-23
1.141501257625492077e-22
1.372941068320977180e-22
-1.598324884167387554e-22
8.042174753209179049e-23
1.110610675140566500e-22
6.648038762112615020e-23
2.168591557944521823e-22
-7.673536711846669396e-23
1.995661469548374871e-22
2.052880606758819610e-22
-4.702803536862484778e-23
-1.356023452506124650e-22
-4.683324942119743942e-23
-1.279293940874167907e-22
2.081882200494278111e-22
1.220808854041243412e-22
1.399387593466065356e-22
-1.585262724126908247e-22
-4.116687962542892726e-23
-7.027658882861762595e-23
2.110706589887400267e-22
-1.759857559696741156e-22
1.370218915908543251e-22
-1.055558218861598946e-22
-2.749223508783691266e-22
-2.136934584554009205e-22
5.517960917170400630e-23
-9.465591406291275154e-23
4.134560858193203806e-23
1.689272147576844767e-22
2.561036990066883364e-22
-1.159630526383032980e-22
-1.470803595964042157e-22
-1.454654009878004819e-22
5.604199909199018402e-23
-1.144658370686094262e-22
-2.963853213453561022e-23
9.064782815524232138e-23
1.221515102083129629e-22
8.100069075471954464e-23
-7.842742128767656196e-23
8.723144548826946450e-23
-5.947545192159410545e-23
-1.216115729322354861e-22
3.360482701128288219e-22
-7.232092527085126182e-24
1.448945081113484274e-23
-1.760366408338884257e-22
-1.059273139947651540e-22
1.259302232885668947e-23
-2.957097047660548442e-23
7.698475232330942616e-23
-2.187800761794949222e-23
-3.893381436235666947e-23
5.573628793304999129e-23
1.142103413351253815e-22
-9.475460845746858502e-23
-1.783639865780728828e-23
8.142715736566220658e-23
3.810317514403611626e-24
9.624686482869238717e-24
-3.692678797075246804e-23
-7.481459863726822237e-23
4.968142345066189009e-23
1.417449055173873115e-22
4.518658591964749356e-24
-1.682619478463794515e-22
4.850080843726630254e-25
-2.049348374203153675e-22
6.637769674813013951e-23
9.734328631016637364e-26
-2.160007542173456420e-22
1.310700083605660009e-22
5.732904681885524362e-23
1.470976650901373077e-22
-3.113903293471923625e-22
6.700583774591908986e-23
2.205531719477447994e-22
-1.891052960937410761e-22
1.042656171361814816e-22
1.733295243676611739e-22
-5.225044169269517337e-24
4.416351090055913191e-23
1.911371452547088119e-22
-9.210897078257451042e-23
3.813139207301272372e-23
-3.809620839734230711e-23
-1.339219770868191630e-22
1.954895517762260551e-22
-5.937311109365125990e-23
-1.698304976777002027e-22
2.186481193235906234e-23
-8.675991518218779818e-23
-5.825436580346353260e-23
1.098539417942671753e-22
2.986786934371689393e-22
-5.061197516261745212e-23
4.704031473627474080e-23
-1.605389479496877953e-22
-7.897344811145412702e-23
-1.062501327186819373e-22
5.898458515458285834e-23
-2.555960038066461575e-22
2.886836071438341957e-22
1.374132016507872089e-23
2.525710614248665086e-22
-1.661695961873926650e-22
1.264078948440212372e-23
-1.513537950888883279e-22
8.773052431581262056e-23
-1.115201337463107312e-22
-5.879274911306877409e-23
-1.648729911746429812e-22
-3.494703687686517248e-23
9.427197022469397252e-23
1.046232741988539089e-22
-7.189462791158306405e-23
5.413243484025562064e-23
9.213147253886588776e-23
2.020364413463518887e-22
7.342002978023542538e-25
2.818948028356617969e-22
-9.973350873764946053e-23
-2.992997135305116037e-23
-5.410678257140687330e-23
1.666441536690094284e-23
-7.713714115524032694e-23
-7.310715137668555044e-23
-5.458051272354488824e-23
-3.110420388374329767e-22
-4.147636578626453838e-23
-8.165631113854181409e-24
-2.411638720398993412e-22
2.475268002962555188e-23
4.903850413362369578e-23
1.279459400219571254e-22
1.540569724077083928e-23
2.791798136147713027e-23
2.072802956915314824e-22
8.918439016512015423e-23
5.614385458404102206e-24
-8.080910159797709335e-23
-1.452146411515114230e-23
-3.827535607993281786e-23
-1.375341726660888985e-22
2.173920462287875563e-22
1.073213378942594398e-22
-1.284319094803227347e-22
1.085631962525335705e-23
3.075568813503138692e-23
-1.714681964109497424e-22
5.219648180548601290e-23
-2.228178146008670464e-23
2.174998445378674350e-23
-5.737743053959977838e-23
-1.019537745227447594e-23
1.148863040018640511e-22
4.922390433493854682e-23
1.829433889792483118e-22
1.642813330270810495e-23
-3.104993931622098982e-23
1.415148418161407136e-22
-4.957617512494424544e-24
-1.064459625152738559e-22
9.713690052592326246e-23
-1.321605620423656249e-22
-1.050300040829222324e-22
1.019482954114346010e-22
2.904655091845560410e-23
4.414648755032681766e-23
-2.132793059602117721e-23
-1.017840696814346450e-22
-2.063445598176008866e-24
-1.132484500166578319e-23
4.269925844166724331e-23
1.210651794246050460e-22
-1.638801898047428935e-22
1.477859671500392779e-22
-5.783661192073623787e-23
-1.095258073841913255e-22
2.500137566568283562e-22
-8.622641914300899755e-23
-1.503904133631578893e-23
-1.671744676865566481e-22
4.239395132866183140e-23
-2.904810337921070029e-23
4.626942649635810237e-24
4.748263269706414702e-23
-1.606941487523978059e-22
-1.365774646336324098e-22
6.697029459343879077e-24
-4.109958127795159027e-23
7.732729856522235559e-23
-1.032194039565829066e-22
9.492399435127461908e-24
-1.509896216414149003e-22
3.475908424221547927e-23
4.046398532119524387e-23
-1.151319516682518345e-22
5.775931422105981804e-23
-1.073772100531588204e-22
1.611288145656675406e-22
1.932457081401504845e-22
2.976967303999062665e-23
-1.209871720177915646e-22
1.717267833462935896e-23
1.412125289631547424e-22
-2.112881107840563325e-22
-1.499299647771127129e-22
2.226784368746235369e-22
8.907951095159185551e-23
-5.282259118717201477e-23
-2.249957450844124795e-22
8.252828980005476863e-23
2.559907227518923068e-22
7.254611007079583096e-23
3.879557803197722558e-23
2.145246555834077906e-22
-8.477522014338350704e-24
7.115387744836670565e-23
-1.694135187161529916e-22
5.631357630876985721e-23
5.667436064276182149e-23
3.344631727094131220e-22
-1.167357968529888810e-22
1.205322760043474687e-22
9.464253907058543695e-23
-4.184280818999764601e-23
-4.365774039804755454e-23
-1.541945086463738592e-22
-5.623134233972302281e-23
2.370811643765149933e-23
-1.399698315906863019e-22
1.881675366964297112e-22
-1.757074561626398628e-22
1.036794570644630822e-22
-4.196259393973808568e-22
-7.974437074135778678e-23
-9.516601356753203512e-23
6.110494245564857800e-24
-9.098922377197111668e-23
-1.154402728521587995e-22
2.102906158166491748e-23
-1.029988262828296168e-22
7.981283310681204125e-24
2.353812583245596265e-23
-1.622371869128648482e-22
1.333211680130055296e-22
-9.209032306762156278e-23
8.482557417979522939e-23
7.894718898718722639e-23
5.682361167692248376e-24
1.887266345773160844e-22
-1.116374562033192064e-22
1.496397719646810565e-22
-8.536693034425337908e-23
-1.235131204462154487e-22
1.814094351892248025e-24
8.537025158070561812e-23
-1.017355466297110736e-22
7.743013171168644536e-23
2.182940664795125288e-22
2.438663809375746783e-23
1.277938803592717120e-22
1.931335501812624785e-22
-1.545544533960099571e-22
1.272058425795250959e-22
1.178907254948591970e-22
2.160142705943770638e-22
3.588691074019424082e-23
6.260825881243935611e-23
-1.890011744082969402e-22
-1.340764488099284735e-22
-8.823477301062814322e-23
-3.354754192417204566e-23
-3.934511605797001327e-23
9.257561044021132605e-23
-1.936903688778230409e-23
1.058876463172909809e-22
-1.383960954049327391e-22
-1.939068628724753596e-22
1.104062862984331205e-22
-1.471678433986504973e-22
-2.748423640375392228e-22
2.657425790858005188e-23
-4.820526931400721290e-23
-8.016287308307049574e-23
-6.324318232126597136e-23
2.416140729405360809e-22
1.221795846041845644e-22
9.788685093458178761e-23
-6.201682052993433281e-23
2.127337154853035991e-22
-1.420390536215856575e-22
3.987317354312184612e-23
-1.904293829610857727e-22
1.146247767231268935e-22
-2.160175955854931591e-22
4.775678731002300506e-23
-1.652001737738230191e-23
1.178740473783965400e-22
2.947446726417977418e-22
-2.252580361156035759e-22
7.235612062288771511e-23
-1.010611549249433139e-22
-1.519178311951159349e-22
1.983554751194822876e-22
8.918733201033314638e-23
4.094516251406787547e-24
-1.092699967061417491e-22
2.205059065757744532e-23
-1.147360053068745372e-22
-6.309573491901393101e-23
1.400140122437916477e-23
-1.774444451728974557e-23
1.454367595033978051e-22
-6.184092911712776136e-23
6.922531300142654648e-24
9.107851051873797207e-23
2.129579796969160294e-22
-7.491880562658393606e-23
-9.198627154699059669e-23
8.668305019852656409e-23
1.862559695461775930e-22
-1.198181173068733369e-22
-4.285705564246111839e-22
-1.616795009748388807e-22
9.260717824798387454e-23
-8.842938115288902627e-23
3.331898901825517649e-22
-1.959684292491277197e-22
-3.270336652089529637e-23
9.723296868197440247e-23
9.144576647781266553e-23
-4.346794231452986898e-23
1.667206963822015098e-22
-3.881391214692042369e-23
4.081629590460070789e-23
1.206224880712088359e-22
-2.484450661594027077e-22
1.653668865218595360e-22
6.519449237389978759e-23
-4.116674594359696043e-23
4.519658619044084512e-23
-2.157901286889587762e-24
1.492131375529171746e-22
9.596882900356609745e-23
2.893227440477398016e-23
7.130689031876320619e-23
-1.276756488861801087e-22
1.133407973921561489e-22
-1.195468449100027015e-22
9.976292101677012792e-23
-1.989347143291141506e-22
-8.028188554387942537e-23
9.525158936380003790e-23
-2.635194792417718634e-23
-2.018059333673848083e-22
-1.494507265879787303e-22
-3.292613077884079045e-22
5.342274447059253077e-23
-1.203909060912105387e-23
1.020542026838792210e-22
-1.959612566593759178e-22
-1.067730566599725161e-22
-5.734856029787636130e-23
-1.369081377171788620e-22
1.667742125283710440e-22
1.224944535861072335e-22
3.214188280313924889e-22
6.339794024467115150e-24
-1.636334748359132754e-22
-1.442128438555583723e-23
-3.512913962192332980e-23
1.024154796482061652e-22
-1.568877327015121686e-22
1.800455044446790340e-22
1.567477334009203147e-22
3.045857288031159597e-23
2.094289810662818654e-22
-4.548882480590368758e-23
-3.244333551467572798e-23
2.824594749392363081e-22
-5.738093950652341984e-23
-1.142943998060586045e-22
7.089517114718930224e-23
2.376754297580956485e-23
1.826086856973963252e-22
-1.075459214360415266e-22
9.505637342812196596e-23
-9.920287318455676424e-23
-1.146423885384049047e-22
9.233986938166404596e-23
2.284542476767627041e-23
6.964905491287771987e-23
-1.476140020856205159e-22
3.550977645673552485e-23
7.494670760027156465e-23
-2.856272431060918320e-22
1.236851927682298195e-22
-2.312609997348843232e-23
6.093027399412087986e-23
-2.540889268775471195e-22
1.293744156718784200e-22
-2.176876699019038905e-22
2.115251331708505896e-22
-8.336511776436510536e-23
8.977969906501327751e-23
-1.071162131282076699e-22
-5.278698868268372670e-23
-1.911028385446535349e-22
2.093106103832463892e-22
-9.731047790208442950e-23
1.252370555831520064e-22
-3.488683852481372406e-22
1.424222356573517334e-22
7.229366263415764958e-23
-2.563878054640290128e-22
-9.272576377228680016e-24
3.177416759607857821e-23
-1.160432204320268270e-22
-9.619559969887867249e-24
7.775951524870919555e-23
-1.651112607331910030e-23
-1.203141566360757744e-23
-2.653013227612145128e-23
1.359754144740983338e-22
9.392786591071724090e-23
1.082219973502428276e-23
6.779102093363347939e-23
-2.329778387119548452e-22
1.294510249809034535e-22
1.689880191551629722e-22
4.525428614099789484e-23
7.927332491227354979e-24
1.105296922347668497e-22
-1.238989927085818018e-22
-1.571441482335835339e-22
-1.479221031368648872e-23
2.444046872934404448e-22
1.081110683235222094e-22
2.167005084516637183e-23
1.756983773252022773e-22
1.967288529600255114e-22
-3.312291950283679116e-22
1.362993848477634658e-22
-5.828469892676168511e-23
1.586755125074222663e-22
7.557294000407620521e-23
-7.923897057506360524e-23
9.517045196469008388e-23
-2.585360074637703399e-22
1.677574601006676392e-22
-2.006056040256558204e-22
2.081760873109524871e-22
-1.074027306466043505e-22
4.700224682043210853e-23
-3.871307242106025138e-23
-1.089467352860418544e-22
-5.403082721259838956e-23
1.318731501348125919e-22
-2.190162879796829092e-22
-3.467987607589067432e-23
-1.698647040037746431e-22
-1.671318140401639854e-22
1.112843402305563454e-22
1.501292747242878651e-22
1.703701713172515916e-22
-3.708333952241764500e-23
7.579171380598757076e-24
-2.287133181281096072e-22
-5.627917174084915717e-23
-6.942112924717338982e-23
-1.852841141737072693e-22
-4.043111885076823972e-24
-1.064745133351252627e-23
-4.542156641863664018e-23
-1.799328936795170084e-22
1.838088965406907899e-23
2.691507722789688060e-22
-1.971384012630370145e-23
1.728138786591609397e-23
-1.106824934557099516e-22
-6.425302151757116057e-23
-1.284197715398022503e-22
-4.329527762921732931e-23
1.594289854078189733e-23
3.212514120011845052e-22
-3.939955672670681021e-23
1.621293257485632619e-22
1.823030015488334587e-23
-1.282737730894275859e-22
2.906588023743485349e-22
1.227071072340447792e-22
2.868827264824661960e-22
-5.840261147890755151e-23
2.552959047261232860e-22
2.840004977767334495e-23
2.928709402960702767e-22
-1.879595827290253844e-22
5.739335016119600006e-24
1.773496468691967679e-22
-7.237985704929776368e-23
-1.165076933061026146e-22
-3.554403164805188321e-24
-7.994020998269594096e-23
2.576812772320425810e-23
6.473639839512186985e-23
-3.220984911916113997e-22
-3.574349364020251901e-23
5.661175075095840038e-24
-1.211297357707403482e-22
-3.074199861962712410e-22
6.468338326913017997e-23
-7.224430105832188903e-23
-1.804637438135539150e-22
8.938453004443085436e-23
-2.528910420608897738e-22
7.863719075988383827e-23
1.539666299676819350e-22
2.084637246614613515e-22
-4.064684204774452444e-22
-3.437739346599900532e-23
2.742830253422572361e-23
1.616001326777374474e-22
-1.355312466923890788e-22
2.453814863454900011e-23
-5.524414672483100226e-23
9.523392116694374627e-23
3.600668212954855699e-23
2.597094713459701480e-22
-9.039345218872726727e-23
1.678126168552469818e-22
-3.180963780030480522e-22
1.783625973472319622e-22
-1.505512548180837520e-22
-6.745299453253401576e-23
9.690679141290907921e-23
1.088802240414815435e-22
3.080994230393661679e-23
4.259156085511926113e-23
-1.172190849187815570e-23
2.299493521179365403e-22
-1.823822377830994104e-23
1.445871056398228438e-22
2.634683255005811413e-23
1.066162871085377147e-22
-7.692695792049413919e-23
-1.459473595080629215e-22
-2.854339365209368771e-23
1.059721094904453800e-23
-2.172416876242291497e-22
2.094776325444011723e-22
1.244295925288686227e-22
3.193321641581251595e-23
-4.030706188655233565e-23
-1.646129780011006770e-22
1.324324564144646187e-22
1.314138260982030227e-22
-1.280553682602955156e-22
-7.740363352120012201e-23
-2.368192248883107475e-24
-1.472912462871589942e-22
-1.143402707975364163e-22
-8.412244136414725677e-23
1.155778119746794855e-23
8.167156504103561565e-23
-4.266250214343053213e-23
1.437149772247660159e-22
8.661958573811331676e-23
-1.033181574842987156e-23
-1.970615589332450060e-22
-1.416457255837327378e-22
-6.553604306483909072e-23
1.440378428671983617e-22
-6.976467762041206975e-23
-2.438230274580309570e-22
8.807769703394186764e-23
8.525369832061730188e-23
-3.112317313149461044e-22
2.201517325145514526e-22
-9.085920264296495907e-23
2.842900559768442678e-22
-2.471412975522307647e-23
-6.346861298665984084e-23
-2.073743359941280461e-22
2.358814471215255349e-22
-4.034746423392651585e-23
9.183027169272663012e-23
-3.075036337809310871e-23
1.712077621033369053e-22
2.545409475233077782e-23
3.081699223903702174e-22
1.164048127712960200e-22
-9.475197969428272228e-23
-5.597954217975829650e-23
-9.825316080699343984e-23
1.039747364525323125e-22
6.551885745090759152e-23
-2.586336586615651890e-23
2.158743509513987067e-22
-1.290476938452530894e-22
1.780532146317024553e-22
-3.868382160607838482e-23
7.634421970405614146e-23
-1.176837551323512526e-22
2.557815245072931456e-23
8.321041786892831709e-23
-3.864479667355495092e-23
-1.005874869617276445e-22
-1.262349443642434539e-22
-1.320810346406188057e-22
-9.016380755805903150e-23
-2.324537957704673962e-23
2.111353076082077501e-23
-2.124521712922144188e-22
1.011682860675167460e-24
-1.643521679440140221e-23
-3.534112696531325645e-23
1.782520786233607080e-23
-4.405456228782000152e-23
-2.063838306682754407e-22
-1.974371513936389909e-23
-1.551776748195286693e-22
3.729532086972591023e-23
-4.131054146972380407e-25
-4.470524571641035816e-23
-1.711717128226913345e-23
6.564767419831191545e-24
1.204663694512701690e-22
7.452889255402853349e-23
-2.334394149190017326e-22
2.244825631104158869e-22
-6.717927014418333443e-24
1.228453751268345301e-23
2.113687512989330130e-22
4.127381134763541522e-23
2.459644420226534004e-23
6.467618918495634802e-23
1.108079901675653090e-23
1.088643040795686811e-22
-1.692286866263222625e-22
1.278987419450965764e-22
9.964315638248282506e-23
5.576726701512816801e-23
1.263839333749767292e-22
3.234342078464580724e-23
-3.203510781323736603e-23
-1.728092790302924134e-23
9.513964627430548765e-23
3.438647462048225237e-23
-1.275670293375452315e-22
1.156545447239614212e-22
-9.341066452968623751e-23
-2.605238598514166227e-23
-2.053296062538674952e-22
-3.742241150534059073e-23
-1.303175335300329812e-22
2.629889896889319675e-23
2.097800603715760973e-22
4.753353203679917414e-23
-1.185040786808696277e-23
3.792553725235349397e-23
-2.548830342871442537e-23
7.362691036895683950e-23
1.239549613673393241e-22
4.829087242777427422e-23
1.241791935032670965e-22
9.211935909344542109e-23
-1.338585982434705071e-22
-5.736817311498181719e-23
-1.986707654517864806e-22
-6.394649487429595828e-23
1.588839446518908480e-22
-1.871675501933208373e-22
-2.343667206420150976e-22
7.701042571678602020e-23
-1.650580460140785571e-22
3.816493090516405770e-24
3.399675459630545492e-23
-2.299698512036408686e-22
-7.929375755076175989e-23
-1.492644306929408048e-22
9.458656542923778122e-23
1.598902038055292274e-22
-4.197846234277985299e-23
-3.199624737766579742e-23
-4.560576647018650241e-23
-8.304463210092393713e-23
-8.459542440663447083e-23
8.541305737737702864e-23
8.801988892595776397e-23
7.145556442423908118e-23
-7.268567893829773866e-24
8.073764380343768496e-23
-7.562275765515213845e-23
1.836208031688160992e-23
5.882157466402070747e-23
-1.904875692806464577e-22
4.348094884483182940e-23
1.120055557679470454e-22
5.487730632702614344e-23
-4.496043537300479958e-24
-6.061867322257713532e-23
-7.366735690659544057e-23
5.540246216604588209e-23
3.447187927738631177e-22
-2.272412683589107273e-22
2.897038661649232997e-22
8.099906079773172086e-23
3.646390977247288495e-23
1.239133370955053302e-22
1.986179272789089495e-22
-7.113932287298697489e-23
2.057980181111178515e-22
-5.703632768152200406e-24
4.479625665396330361e-23
1.018381058339723995e-22
-1.757875347173554385e-22
1.360310314300494047e-22
8.119708937149404702e-24
-5.279311551759297840e-23
8.986682411823901883e-23
-1.241036549908358009e-22
1.097206078686287258e-22
-1.408326644004036296e-22
-8.550145077084318058e-23
-1.421614823857177449e-22
-1.302598219510118010e-22
-8.775929767040011485e-23
-2.015394502657383687e-24
2.449708255923014720e-22
-1.956437380513299372e-22
-2.128726977854367005e-22
-7.123956040310846053e-23
1.219393809460275290e-22
-1.408052968285582753e-22
-1.826554938663995364e-22
-1.800795788029588033e-23
-1.548945652755992565e-23
-2.388077018593683635e-22
1.398673367777868271e-22
-5.001136513642266798e-23
1.608956451310812262e-22
-2.380324144917779546e-22
-3.967968492988690437e-23
-1.495305522890228727e-22
2.295648327883845137e-22
1.460626971420111559e-23
-5.564970301378205421e-23
-1.496302186045795167e-22
1.157132450801843251e-23
-9.127477730949220810e-23
-1.982991671727666713e-22
-2.223671444469214830e-23
7.662175772815424755e-23
1.530207847302042376e-22
1.558211378709789996e-22
3.103551913117646037e-22
-2.110803593202639781e-24
4.147189851587723327e-24
1.370201548379763797e-22
-6.935233550563202180e-23
6.034465162871108417e-23
3.652379039535928404e-23
2.356414883208775203e-22
8.231997098504094805e-23
5.894666340994774432e-23
6.380173972339188406e-23
2.085045035648337030e-22
1.700495236801127037e-24
1.675935247869703034e-22
4.252897478237873576e-23
3.499044218456852959e-22
-3.547629350995977489e-22
1.878684763855618837e-22
9.283161001209272100e-23
-7.979001028061745207e-24
-3.641289866690173728e-22
-1.963116070075707957e-22
-1.833524506249750827e-22
-2.424115834123586905e-23
-7.996550648430961400e-23
-4.869582585765464837e-23
-4.533241917579276365e-23
8.521487745128824482e-23
-1.036682234229952475e-22
-1.049726412004009432e-22
-5.042094161701258272e-23
2.602843355390879114e-22
-7.286361070524197047e-23
6.601593856166692745e-23
-2.623682000297192979e-23
1.984043579328722413e-23
-2.434288743490926194e-22
-4.632789192656926099e-23
-2.737833238711145743e-23
8.531432624836613330e-23
-1.227848099976561517e-22
9.724908342892927497e-23
-2.100312550473717427e-23
1.215046820070064778e-22
-2.298519922102438757e-22
1.835005974355744363e-22
-4.615576285256951775e-23
1.101690693450823207e-22
-1.503396865601384236e-22
-9.147551440443619203e-23
3.399088142636532005e-23
-1.425038637294789431e-22
-8.447712152552299317e-23
-1.210282971939683114e-22
-1.856378441335871312e-22
-1.086897852067658311e-22
1.517048388952245935e-22
-1.060692031126600756e-22
2.308358891480768855e-22
3.456111321228849544e-23
-1.038665791385895565e-22
9.406000514526972399e-23
1.282073359906110239e-23
1.988792580991255763e-22
-4.358623462794732082e-23
2.740083862098535010e-22
-1.460198558191599101e-22
2.642966369746133752e-23
-2.365576114845752447e-23
9.415505141073549379e-23
-1.388447182023862458e-24
2.470157845995821919e-22
4.190608464571912256e-23
1.862676295424303458e-22
1.610724283179485280e-22
1.184523739887820244e-22
1.428607456388705973e-22
5.802246848388738730e-23
-3.001618532774288517e-23
-9.199903130698128350e-24
-4.929527966211818597e-23
1.668082294803431026e-22
-1.947477498760123305e-22
6.096185819913526750e-23
-1.245600779446452809e-22
-1.204298530048035584e-22
-2.641366331045528670e-23
1.077396492349587959e-22
-9.921404174582880631e-23
-1.637804667481682098e-22
4.083182822931893817e-24
-2.213484530598913719e-22
3.294019347092241870e-23
1.842723563605401617e-22
-1.227308870906077967e-22
5.460865896776677966e-23
-3.087537393512265096e-22
-8.436868878620244866e-23
-1.091944345426331884e-22
-9.231040090476639400e-23
-9.248955994612813635e-23
-2.309932104259326671e-22
-4.900932897531793898e-23
7.321434384196615901e-24
4.508894085597254866e-23
1.583981218907385786e-23
1.411242415035793711e-22
3.605145397859021401e-23
-1.402176878620405325e-22
3.360242770531117637e-23
-2.176857880417341663e-22
7.313766924811555842e-23
1.235810475405318534e-22
9.920905342322609447e-23
1.018434239001431114e-22
3.756090094368985785e-22
7.471399287357827471e-23
1.558281346057671327e-23
-4.525577365874096263e-23
4.320829175530521080e-23
-8.152800065016773850e-23
5.892349427898840258e-24
1.833796483919500089e-22
3.206464642216697703e-23
3.698305204439090704e-24
-2.288758544837377269e-22
1.736632155983515674e-22
7.851713126521751579e-23
-5.439682339558584427e-23
9.430041486252369843e-23
7.840166459022456509e-23
-1.294787832147107392e-22
-6.112319152754908820e-23
9.280118396516041690e-23
-1.088837598345391707e-23
1.446636525935140055e-22
-1.889243455673132809e-22
7.611578063662554273e-23
-5.494840668791346883e-23
-3.194595406720894890e-23
8.695303840274693053e-23
-5.486671395945818935e-23
1.176417554107507808e-23
4.597640596684887672e-23
-1.015644876633327064e-22
-2.193554698355053716e-22
2.643704117110339454e-23
-1.187757330265297936e-22
-1.460072500420909248e-22
-4.875136682074205147e-23
5.025956582799366886e-23
3.372432748348150273e-23
4.788357862050090095e-23
-5.447099839792374793e-24
-2.923555901889657250e-22
7.138338658238559927e-23
1.689236255052112806e-22
1.197277738149698182e-22
-7.071867981294525169e-23
1.871894691712027707e-22
4.339388520639693105e-23
-1.659090358078765312e-23
7.196840536522407789e-23
-1.612584231709115821e-23
-3.936988805564531601e-23
-3.928763354217794857e-23
1.487631895235779124e-22
-3.292460213114033509e-22
1.622321692977619042e-22
1.806153541991119376e-22
-1.933549842644160935e-22
4.024767510951439878e-22
-6.406513580817917631e-23
3.397559248100780534e-23
-9.964227463364533178e-24
6.363600771247997270e-23
-5.491587664196368302e-23
-1.784571515845221819e-22
7.269475768477859225e-24
-4.880900513092961100e-23
-4.730294268213839988e-23
-2.521525458285949672e-22
1.764168627363742425e-22
8.272513235377876654e-23
9.269940942303584524e-23
9.335759526281251867e-23
-3.183335240759885320e-22
-1.595086647603188211e-22
-9.800041052713337637e-23
-3.484562750113022710e-23
-5.113889509873171778e-23
-8.027562923607380042e-23
1.532665772198139761e-22
-1.261064076436789519e-22
1.070376377538797363e-23
-1.688595612621099241e-22
2.842167105613385893e-22
3.307811871004566420e-22
-1.362281783536216941e-22
-3.314426153930368142e-23
-1.766656729758057301e-22
1.643926455294668594e-22
4.837378009750392204e-23
7.472389454723558426e-23
2.087840706239789305e-22
1.524328645281639777e-24
-3.444100048835339275e-23
1.070006609875523661e-22
-3.410342687651012293e-23
-3.828860511974070038e-22
7.143081350483927330e-23
1.497299580088025676e-22
7.349569301984572835e-23
2.133982443659470404e-22
-1.731437235130201408e-23
5.165538832820571738e-24
3.440848475361614513e-23
-1.549573637589624950e-22
2.974222382561249174e-23
-2.365491065794131608e-22
1.430714287413890917e-22
-1.943043020434379330e-23
2.769122974913561705e-22
3.083873600182595960e-23
-1.347243237782078084e-22
-2.185613224765808038e-22
2.487151720220865034e-22
-2.608219150283695698e-22
-1.602175954504769072e-22
5.924575497939677968e-23
1.782795523619802061e-23
1.124260195362517560e-22
-8.477164037115303169e-23
-4.304542001720295148e-23
7.009594290053002056e-23
-7.039022608445826237e-23
-3.074100063815080005e-23
1.376187223782388808e-22
-2.895304344140497912e-23
-1.163174970018484914e-22
9.982618696450467481e-23
-6.545737013312196768e-23
8.951088620744287993e-23
3.511723370753844103e-23
3.062388155753942176e-23
-9.966267540177033109e-23
-6.537128147091827993e-23
-1.975002457988358618e-24
-9.691604455259808216e-24
2.709430665577855674e-22
-1.510051290858443615e-22
-1.106832511516597153e-22
-2.792535630745331444e-23
-1.223867136830517981e-22
1.940563867811525013e-22
-7.924166470044858883e-23
-8.878314790591136358e-23
-1.956389755865208438e-22
1.408304439539294003e-22
-4.142654915479270376e-23
2.205958364799218109e-22
-5.743366663519030339e-23
-7.778169328709724235e-23
-2.362020509425371462e-22
1.181748531209891739e-22
-3.826612094676536184e-23
2.596062217562243382e-22
-1.973951923458097939e-22
5.943203315522460751e-24
2.692028209690006907e-23
1.295664892129375770e-22
1.022403139121542208e-22
1.368370697642877187e-22
5.624797848486610417e-24
-9.079989650940398959e-23
1.269438179534420992e-24
1.554554927573711338e-22
-5.978312576148852809e-23
-1.937466891928694940e-23
-1.741972745653714822e-22
1.262842920399646279e-22
-7.608393858719705300e-23
-3.877862977636479193e-23
2.820264390326754828e-22
1.809130877366475198e-22
7.457237812992579424e-23
-4.369609461758010041e-23
8.656987684708452578e-23
-2.727608362604587467e-23
-1.944820835541590445e-22
5.695318915876545153e-24
-1.196867197806693756e-23
-5.345102467159228424e-23
-2.710587949014956888e-23
1.312626736399826344e-22
-5.921374818071452382e-23
4.957204555673836044e-24
-5.021765357759937309e-23
-4.030410936950385330e-23
-8.041947534101884065e-23
2.969875971165071617e-22
-2.356156432295679864e-22
-4.460047617091538033e-26
-1.405206431198098312e-22
1.282185237400912328e-22
-3.366020575585479805e-22
-6.764790777140319919e-23
-4.679209076305385696e-23
-4.348604234294937570e-23
1.110792976721682318e-22
-9.356835871472582713e-23
2.026332921696388324e-22
-2.818789306055419715e-22
1.544448438223042884e-22
-5.571254872693376941e-23
1.462642099234825211e-22
-2.261467273348816330e-22
-2.246553581831191559e-22
2.183835028488417423e-22
-1.286632212500913748e-22
1.410454341278224056e-23
2.755454227376193269e-23
-1.106022901116010722e-23
-3.361592111154916345e-23
1.310542612447118168e-22
6.359506598613732939e-23
1.328861516259624447e-22
3.663026022725307614e-23
-8.080470070919794030e-24
1.488127342236591984e-22
-1.099023220481458049e-22
6.938966975540509835e-23
5.986654731522780673e-23
1.648691084891062987e-23
1.632134824846140226e-22
1.000237066286996527e-22
1.644847674189791517e-22
2.723219724627969147e-23
-1.844423790000683106e-23
3.077046782170321057e-23
9.196554711258161509e-24
2.622981166791893220e-23
-3.203640950864682260e-23
-1.204487785484048708e-22
1.973761798443931244e-22
-3.443818322839930546e-22
2.031912825051725087e-22
-2.702226707678879510e-22
-1.073573777245721558e-22
-6.294342098289089301e-23
-7.240583853849982432e-23
3.987684873007059144e-24
3.530219614883914297e-23
-9.895439464071683293e-23
-7.023508714286528373e-23
1.833586565242230642e-22
1.119082220223767163e-22
1.562198226550346149e-22
-4.259742370720080177e-23
-5.105025893749081013e-23
-1.941157201244313876e-23
-7.284230054759139549e-23
-2.855302965328387761e-22
3.184950971873717799e-22
-1.097216906277777404e-22
2.471751621338397711e-23
-6.876872909062509662e-23
1.986147261292898007e-22
1.160848131482013222e-22
-1.349224352795304467e-22
-1.106109859026998084e-22
-5.237689175359178556e-23
1.208580991175015161e-23
-1.686840943309034161e-22
-1.468399081187954378e-22
-1.187800211444488130e-22
2.270911168554117782e-22
-3.380365870700819240e-23
-9.494822023220363982e-23
8.195596174729370054e-23
-5.344137983951320523e-23
-2.243746881772307397e-22
8.187596290299242991e-23
5.623621632143860593e-23
2.514632088690839384e-22
2.785980958984324143e-23
-2.364263883267371111e-23
5.881641841633449204e-23
-2.832448203744180806e-23
5.497084403542141634e-23
-1.395605332036709096e-22
-4.303865481540998620e-23
1.334619544109029052e-22
1.156432377062155444e-22
1.909611706925764143e-22
-2.304285276426457721e-24
-3.800514378973352170e-23
3.589472143015248225e-23
6.403485356126708121e-23
-3.605609969184516294e-23
-1.491624968156790334e-22
7.250543595120210027e-23
3.163520803675403185e-22
2.326714670586297047e-22
-5.047440181405029360e-23
-7.250172718798943218e-24
-3.408552562392949979e-23
-1.066220534782790652e-22
-5.765604148072921813e-23
-1.680073092931913337e-22
-1.053352360103697457e-22
-1.893890675280197715e-22
1.642755023935122493e-22
1.137337409156063038e-22
-1.788928389460948081e-22
-6.399458746587603940e-23
-6.645473173502056074e-23
-6.684130244860303348e-24
2.620001080438823359e-23
7.140502443529773304e-23
-9.715860246132477502e-23
-3.525218424332326057e-22
9.114369839106257551e-23
1.406252235872728787e-24
7.103101259091204393e-23
4.196009927805082983e-22
-5.739159369769083445e-23
7.479179800552729337e-23
-1.108655034867626775e-22
-2.755603561677736454e-23
7.506680817623705197e-24
1.274163190843863207e-22
-2.835147370067583629e-22
-2.348592660401398479e-23
-3.629333998323483634e-22
3.024468918575415340e-22
6.782755986256973198e-23
-1.341162647529727744e-22
1.592585598153580566e-22
3.691307637519839086e-23
1.667363346804552550e-22
2.567959666656838663e-23
-8.307489303980866188e-23
6.598163652771992610e-23
-1.546741483299186285e-22
-1.188911808315458657e-22
-7.690008809029788818e-23
-9.244276757868745884e-23
1.377008935136408647e-22
-1.420608864770807474e-22
5.509214395984571705e-23
-1.481277965780542816e-24
1.493127179514807034e-22
4.104703948065371254e-23
9.434038320081359859e-23
-6.601617585997820539e-23
8.130610582709527719e-23
-4.704745776169144345e-23
1.044378687523372681e-22
8.600016320511895653e-23
-3.061859283595862314e-24
1.732902211087819756e-22
-1.638594780280778701e-22
-1.764399237016983354e-23
1.963742684842932793e-22
5.866889729087563672e-23
-3.135770430250109987e-23
1.980946044428197827e-22
6.995287821355815959e-23
-2.309513841587451615e-22
4.739365234107791126e-23
-2.377696921871884511e-22
-7.610697416326063795e-23
1.118173894146634716e-22
-8.797165740915446967e-23
-2.939006933893634295e-23
1.919501043103305973e-22
-2.133563345741904976e-22
-5.655462417032901233e-23
-5.755012244293695391e-23
-6.115625055812221718e-23
2.858078809259017827e-24
-2.407309717872674858e-23
-6.846553189170748348e-23
7.118954071453629707e-23
-8.890707873409800941e-23
2.546953454868990181e-23
1.812132728484169730e-23
-8.038574006450045684e-23
-6.997424136447340229e-23
2.679385185830187051e-23
-1.699279097938488762e-22
9.631942717604716177e-23
-7.460249501286024581e-23
1.440612440740529095e-22
2.574997793433485321e-22
-1.680075853969669191e-24
-2.223960692671424110e-23
-8.878079988101371839e-23
-1.722196060125724107e-25
9.746868662229043484e-24
3.278190029220558292e-24
-8.183792972068569298e-23
1.925109173379019340e-23
-8.514906350189205013e-23
1.055055883232299895e-22
1.977593320650165239e-22
-5.797705533490872620e-23
-1.279037797958696736e-22
8.396154806129834227e-23
1.567696803489617780e-22
2.872368326830569665e-24
1.312045869366289563e-22
2.086918471579512026e-23
-6.413948996708454961e-23
-9.810768224547906740e-23
-2.146514429900365214e-22
-4.465191838260433070e-23
1.003421034645099224e-22
1.051979722874748938e-22
-2.305438850559255508e-23
-1.347559723338674855e-22
2.542543670281939732e-23
2.946104931337284787e-22
-4.239920499537914139e-23
1.601262776200121752e-22
-4.966248755910284524e-23
-3.326880031541127276e-23
-1.871035063656299614e-23
3.594289346101421231e-23
4.406965016416850732e-23
4.098150656531540137e-23
6.443148442401624695e-23
-4.172046297887427093e-23
4.297266764694987305e-23
-9.288438060567685498e-23
1.278148705863677034e-23
9.696702097249653160e-24
-1.731452987819297183e-22
-1.613060177214685403e-23
1.568668939820579821e-22
-1.298394218779212859e-22
1.278395236116412143e-22
-2.219213165027439117e-23
-1.415502468525613495e-22
1.636910260900024362e-23
-1.536835721335432563e-22
-2.728994337161941058e-22
-3.645688196032663751e-22
-1.808707915452870783e-22
1.676774643944055261e-22
2.680598773161028875e-22
-1.202546253016836557e-22
1.200575613675388101e-22
-2.779853553532406848e-22
2.330276026692543147e-22
-1.741957537066523343e-22
1.389973396123389939e-22
1.162786761992834580e-22
7.687683842046442850e-23
1.147745785240438466e-22
-3.393264237202586652e-22
1.861473108639201761e-23
2.510673637745969116e-23
-8.738817939219998354e-23
1.637307779706539037e-22
1.558014762105802799e-22
-4.891962785853386563e-23
7.778000631164276229e-23
1.799301662090078603e-22
7.920391734058628846e-23
1.474096560878462501e-22
1.453912226484715544e-22
-1.662489554885925014e-22
1.182370567557635550e-22
2.359557945485763348e-22
7.915916500954718355e-23
1.179478511890890260e-23
-1.447096177830482904e-22
7.204362955648979617e-23
7.033787717735855718e-23
1.449551466483618313e-22
4.215392155271473649e-23
-2.106798104405409098e-22
-1.085024682738527320e-22
1.145925344564572100e-22
-1.179766911768827166e-22
5.302669207427962834e-23
-3.946702425722891125e-22
3.367383471452313341e-23
-1.969863142884113084e-23
-5.172199112243571554e-23
-5.756869509693197089e-23
-2.451170473134343584e-22
-1.633343550563103997e-22
1.114637714493213251e-22
1.754195082983198594e-22
-9.568315528357542334e-23
4.433837382560696001e-22
5.233723005918648093e-23
-1.155888911438181319e-22
-1.953137963866782226e-22
-1.706593551318812322e-22
-1.740802157949991495e-22
-3.669461882191046634e-22
-1.310581438138226722e-22
1.409374499582587991e-22
-2.235943541947734635e-23
-2.180986137139744050e-23
8.897992049522185566e-23
-1.453160214183867715e-23
2.395853808167560688e-22
5.582882469487898168e-23
-5.452256947965360227e-23
-4.102156966736144847e-23
1.200811163549810078e-22
1.763912799911118922e-22
2.303107425756103054e-23
8.112238814355414618e-24
-1.659892633121501891e-22
1.677643002064208145e-22
-2.933292258022325891e-23
1.571121956033728060e-22
-1.337325242563420480e-22
9.057837742016112371e-24
6.210240301581557826e-23
9.881995022817087994e-23
9.612277558547244481e-23
5.621473081686508603e-23
3.436277905409840678e-22
-3.631345125277531543e-22
3.575002251386740269e-22
-3.113842862956515644e-22
7.665412847004135592e-23
-2.755522012750089999e-23
1.500867725795915686e-22
-8.484915575107496718e-23
-4.062669989943570752e-22
8.540802411325464190e-23
-9.908430276857104742e-23
2.155206813019424078e-22
1.230258865222745075e-22
-2.105702783268514226e-22
1.823357630784176178e-22
1.473799201890754538e-22
4.049652579344468223e-23
1.553759270280435646e-22
-1.763774027994380457e-22
4.108591634496627819e-23
-1.554543853995781761e-23
-1.015278750692369252e-23
9.002613010467217120e-25
-1.607053323110662225e-22
7.194312250705237926e-23
-9.286017374618844126e-23
-4.024437496825582538e-24
-3.127504090914609392e-23
-4.077936864434626889e-23
1.765112119563342159e-23
-1.795067092643107548e-22
-3.350952690094749542e-22
1.144266784768876990e-22
-3.748787600475513055e-23
-1.632035735431166003e-22
1.339869226237676311e-22
-5.421696322711973030e-23
-1.807087378076913826e-22
-3.078062266272173698e-23
-8.211332490811408291e-23
1.705894898557011013e-22
-1.131813000848160654e-22
-1.865620851796024480e-22
-9.450429689464707092e-24
6.734538376484547470e-24
7.109377314813345866e-23
1.629204168909493523e-22
2.474095456625937565e-22
1.635832778068323749e-22
-8.288755703501994747e-23
7.307968603790084800e-23
8.123407360281761140e-23
1.457434069677871545e-22
-1.331694574938879214e-22
-1.125100064566864083e-23
4.807104501930129892e-23
4.373783584193525522e-23
8.167193801009363765e-23
1.889559244514312483e-22
-1.565361255918362958e-22
9.461833466409729930e-23
4.144650881310313876e-23
6.835669602608624566e-23
-1.889204655409691043e-23
-4.841808611622282586e-23
8.189685918136003657e-23
-9.043863375192202465e-23
-2.575692217855077352e-23
-2.617449670265082506e-23
1.454601744482726985e-22
-1.484707722824496145e-23
-1.421196733806370394e-22
-1.033501783514914480e-22
-1.708807473305363908e-23
-7.640775309714315689e-23
1.283339508634490936e-22
8.971323977134087169e-23
2.572957881154159256e-23
-1.235560396819498154e-23
1.223718064160471267e-23
1.923125023567693060e-22
-1.616770150298284049e-22
-1.603958646713563019e-22
-8.444365295373351201e-23
1.301122367346817749e-22
-1.002681163537922943e-22
2.028948047272131354e-23
-2.103010271274090507e-22
-3.969608872149649696e-23
-7.170090065489365594e-23
6.228978761151007957e-23
-1.102726563147118277e-22
1.500192660724529217e-22
-1.633765153226120069e-22
1.301038463437711599e-22
3.188861493611533417e-22
-1.839927175736628956e-22
-1.327152151245651022e-22
2.217595141450090828e-22
-2.217092998477648121e-22
-4.493144511636779901e-23
2.563420507628216787e-23
-1.124667422872906296e-22
1.034951178838307277e-22
-8.022949393697195913e-23
-1.310373224163077132e-22
1.131955840914935942e-22
-1.210647851228257617e-22
3.186098992537846435e-22
5.760182995639304808e-23
-9.609598806388692033e-23
1.043514356037148785e-22
-1.192960468673344122e-22
-9.724167289444811013e-23
1.285781783277817282e-22
2.731091366184240983e-24
3.782198425912543447e-23
-6.531367041405963636e-23
-3.137231457824008670e-24
1.881817707194734893e-22
-1.197015658516326405e-22
-1.517308468352939425e-22
2.611090130398879228e-22
-1.997151507961741276e-22
3.710944846657738224e-23
-5.324219969641625926e-23
-7.482923040795014199e-23
-3.119175714718517356e-23
-6.592403648579960542e-23
3.639270517762901770e-22
-1.302226271245056932e-23
-3.396495885109820526e-23
3.360197840577882204e-23
1.784736932722609527e-22
8.295305193976654320e-24
-1.197467572433820135e-22
-4.214344264060727346e-23
2.654601490039309362e-22
-8.207632151822149542e-23
2.424325936320233172e-22
-6.018143332675413237e-23
2.265374047789514621e-22
-9.007410389001848296e-24
2.633095500040147470e-23
-9.699446065321332120e-23
-6.205702314872064941e-23
5.704499881424372853e-23
-1.404536124978292702e-22
1.027315232056254037e-22
-8.430536258574674692e-23
-7.706118113266967897e-23
-2.190822398804536895e-22
-9.751739614284341445e-23
1.077624585890632692e-22
-1.289164012139587379e-22
3.803747356034061296e-23
-3.942786794178597395e-22
6.160787047506603509e-23
1.532352642795529145e-24
4.002422477019863539e-23
-2.034903030122814916e-23
-7.081618371298251930e-23
9.303868690211783305e-23
-1.425511172965240552e-22
7.582704012638747838e-23
6.407549528502761094e-23
-8.963149388644961327e-23
1.220582583024921578e-22
-1.517219907436390841e-22
3.181227740809143112e-22
-1.345308819176440319e-22
-9.635368630328339784e-23
9.892648718663276514e-23
2.821535671100400408e-23
-9.264822624383371332e-23
1.809729064826870799e-22
-2.822925117178046188e-22
-1.358039002419712715e-22
-6.636475327727845318e-23
-7.334854150269360385e-23
1.194446299789303745e-22
1.214907026585698389e-22
1.494492702354608722e-22
-3.495552618802407005e-23
2.468848008109458452e-23
1.203412771053450627e-22
-4.279908300233232851e-24
1.888701318625947222e-22
-2.420491801808960031e-24
6.300847014512399482e-23
1.441707693978873567e-22
1.349016624858563909e-22
8.831599341979656013e-23
-4.508290477138874999e-23
-1.021336812762858376e-23
-1.641140704778143693e-22
-1.109575083737322866e-22
1.461222293898180154e-22
6.155996983549921587e-23
-1.490807668467422953e-23
2.451211809213385341e-23
1.059860501920079684e-22
4.629169835651660669e-23
8.916269923550878557e-23
-1.321596056092189740e-22
-1.672235800446100964e-22
-7.287061480503428723e-23
-1.215938456729844608e-22
-2.482917925846480392e-22
-8.338535164696278848e-23
8.830229015851093671e-23
-1.799471392207878033e-22
-5.587141657494232736e-23
1.953387313948860954e-22
6.716816822282998456e-23
-1.611847506292663412e-22
1.330909953229047410e-22
9.362580891097773606e-23
2.563238116111002907e-22
-2.250970520290650465e-22
9.892147444911946250e-23
-1.228804277538997941e-22
1.792428476460985677e-22
1.009088567106648029e-22
-1.467815650025863611e-22
1.204811004854105794e-23
5.000557859283419725e-23
-6.924988824326392019e-23
-1.659968786427468817e-22
-1.325029004494034770e-22
3.067274007109639378e-22
3.190565739614021874e-24
-6.964838240917206307e-23
-1.335807191418095458e-22
-3.948418478644386624e-23
5.131464329907051148e-23
-1.514127953315863947e-22
-8.093860756398661903e-23
8.386538204867256600e-23
1.490049795255789514e-23
2.794384265513235112e-23
-2.254579035693870093e-22
6.092309092481537011e-23
2.457195447608593094e-23
-2.725184985996988179e-22
1.566251802118876980e-22
2.257218895941429120e-23
-3.343693045188818467e-23
-2.476054839424566775e-23
-3.639296397921876349e-23
2.100260515249620041e-22
5.811855335475193203e-23
-7.744489574345629391e-23
2.697296526150355619e-24
-7.314546162218541458e-24
1.057865446547774918e-22
-2.321723798104799274e-22
2.546434364868736832e-22
-7.222236972825854219e-23
2.681418250737981281e-22
-9.513399900347908459e-23
1.697666926921937380e-22
1.912424123158954721e-22
5.573564486127814470e-23
2.364108688200756948e-22
5.476446389541444169e-23
5.998401250183193946e-23
2.020530557809592322e-22
5.990939530269712990e-23
-1.178670213677199084e-23
-1.288691216991807477e-22
-1.805146999772818482e-22
2.767763226888018013e-23
-3.142803941183746111e-23
1.617633731835558933e-22
-1.622269858080205336e-23
-1.583824796143615934e-22
9.163538512882100162e-23
-2.404397568415371950e-22
-1.264093823851105867e-22
-3.725532735455209357e-22
-1.188498975498310893e-22
4.601819433814869153e-23
-5.066508796285522401e-23
1.451442904637769921e-22
-2.428807771579804470e-22
-2.555113292046386238e-23
2.466782676990798141e-23
-2.734944160723277230e-22
1.792294187632128268e-23
1.694310308111935451e-22
-2.703327843203076735e-22
8.609298166353099165e-24
-2.494282350921108984e-23
1.147753731496344427e-22
9.631288541170062071e-23
1.480808819494173498e-22
-4.748068992156990697e-23
3.354024877301062621e-23
2.183236598602859842e-25
1.270768159472456013e-22
-1.490678791817742809e-23
2.022375274549921350e-23
-1.004982254637722563e-22
-6.920973328192289157e-23
-6.380218754947330839e-23
5.821517550290609453e-24
-3.764326534990571051e-23
1.651175285942152316e-22
8.255389800373208884e-23
-2.301402425469140492e-23
4.817073988029960045e-23
-1.089056739895742935e-22
1.659058989496717333e-22
1.641643442732073076e-22
-1.481642651014928154e-22
3.858781432916053476e-23
1.978927016070357506e-22
-1.687618168138121378e-22
7.512773814398683319e-23
2.360294784827473979e-22
-4.777176061083153567e-23
-1.017415559140506500e-23
3.088305551370470460e-23
1.498866564267689056e-22
1.741321894775019431e-22
-1.461259914452926602e-22
5.488717706841872460e-24
6.167207123047800097e-23
-2.704148551571117229e-22
2.897845642049260017e-23
-3.067797807182850613e-23
-4.989996946706775511e-23
9.228800269322962390e-23
-9.097162078813691842e-23
1.300926366930148330e-22
-1.319728427941181440e-23
-2.017789037379998423e-22
-6.576425198803369912e-23
2.175464241841642137e-22
1.219644671300874611e-23
2.895156206458078088e-25
-8.997373133470887561e-23
7.173002882358602582e-23
-9.138707304126841934e-23
-1.729995933948090636e-23
-6.218982224171663559e-24
4.289720580614989963e-23
-1.213126745557592482e-22
-1.343011933991467819e-22
-2.825076665201832518e-23
8.377231155560334888e-23
2.478285273480039128e-23
-9.839083764168329887e-23
-6.413926646544925720e-23
7.269626007829883828e-23
-8.703089212038999381e-23
2.999066943016678971e-23
-2.733120555605668250e-22
1.148172803152424486e-22
-1.199217799281107745e-22
1.318163204404007006e-22
-2.365622109914771807e-23
-7.210412511224337088e-23
2.507663578266083754e-24
-5.317404048650614137e-24
-1.086061016011968357e-22
-6.038883037388636044e-23
-1.563980476421191403e-22
4.115912101402595260e-23
-4.550454412794144922e-23
2.925647481466234732e-22
-2.170745053473212849e-22
6.558960085754110975e-23
-5.900133760817881113e-23
1.041951436438592898e-22
2.707761835238999296e-22
1.340695838758661606e-22
2.818397014979543499e-22
7.185972004260173693e-23
1.384489942840241681e-22
-9.779794942242550038e-23
1.885687362653428999e-22
8.024149064127550148e-24
-6.044998022794532965e-23
1.258978486273534748e-22
1.151920728963074078e-22
-1.618452532272277464e-22
-1.471032193879624287e-23
9.517123932528516946e-23
1.135120100197411461e-23
-1.985415261163235006e-23
-8.572166116227832119e-23
-8.079101007631278583e-23
3.730176129764374939e-23
7.919731421206622014e-23
-1.084965218500753103e-22
1.103861793826884628e-22
-3.725622616466824355e-22
3.044200162254416028e-22
-2.460060375499444652e-22
-5.298824155426565431e-23
-1.941914685087805207e-22
-8.781461561082620082e-23
-7.396353516690860076e-23
-3.251165542309942094e-23
4.022512104264596195e-23
-6.204239291489320960e-23
2.054912743883122921e-22
-9.943631877244579103e-23
-1.148610164387262548e-22
1.815983035963986254e-22
-2.355753393924577829e-22
1.896859630407707599e-22
-8.585071168603143394e-23
2.201326951614536910e-23
4.133735350070152381e-23
2.665254287729078537e-23
-8.519699947500352755e-23
-1.628254526353843967e-22
8.451915015605918210e-23
1.398186405446006450e-22
3.507948622283594872e-23
1.048066893835355680e-22
-1.518808010978590422e-22
2.567112689129837497e-23
8.488234249019918338e-23
-5.425974715788293838e-24
9.641354601238796217e-23
-1.215291863698350852e-22
1.841527343081500257e-22
2.088357557969869057e-24
4.840379791573219731e-23
-1.132817476009374680e-22
-1.195586582297478471e-22
4.753893920708106976e-23
7.693834252507019730e-23
-1.676429729289046324e-23
-5.917758320656571269e-24
-2.441554391251197338e-22
-1.453554811606332446e-22
6.358179027331285148e-25
1.217407602469391885e-22
4.365648720533085089e-23
-9.825983908635044218e-23
-4.600262156154142993e-23
4.711983266318015347e-23
1.357514530747432307e-22
1.441565358472713493e-22
8.645436306996154986e-23
-3.842324575631456933e-23
2.496242181505002704e-23
-6.157784882428355550e-23
-4.341799151713429548e-23
1.312070876544637940e-22
2.362393888224477088e-22
-1.056933418723212714e-22
8.407808953205301686e-23
-5.458162238015873133e-24
-1.775445495751240055e-22
7.548565100956196051e-23
-4.356091344374177563e-23
-8.901018352324942502e-23
1.231155984441103773e-22
2.966141720052800861e-22
1.726275688495229988e-22
1.723404678525798964e-22
-1.578867236691271663e-23
-1.284384741449289822e-22
-2.803181034503366434e-23
-1.002972091015566712e-22
-9.617078296582396193e-23
-2.680457499202427637e-23
-1.360098559529486410e-22
-9.253752144285771538e-23
-2.369235913015720358e-22
2.833012500881023675e-23
-1.424932417440740050e-22
-1.628727360064178958e-23
-5.672671275938200193e-23
-6.462953322350718867e-23
7.142629786347513228e-23
-1.268076749138293658e-22
1.253204239062883011e-22
-1.596813063898894809e-22
-6.868859668645632172e-23
5.652991288482622367e-23
6.123215102505199144e-24
-5.780189795776456106e-23
-7.918587256545999269e-23
1.678175667945214531e-22
3.049651420751397698e-23
-2.176300220878859584e-22
2.448434604475330577e-22
-8.416513533225793308e-23
9.858705646839964578e-23
-1.928494593818556299e-22
3.416245444886498083e-23
-2.214875309128599794e-23
6.213127074603003961e-23
2.236673796296674247e-22
5.526797641386817771e-23
9.282488022411833540e-25
3.495717091020839068e-23
-9.489314198726388198e-24
1.281177571118097070e-22
7.756388795078516708e-23
-2.386901018948258527e-23
1.166958100530311582e-22
-1.842613962181328459e-22
1.936576876773652228e-22
2.903700078443851279e-23
2.253059623046913964e-22
2.822846601435337347e-23
1.706031557490028498e-24
-1.301745670583005240e-22
-4.743121844939560154e-23
7.980223802014671996e-23
1.181274039310428273e-22
-1.468301093430109297e-23
-8.026213596262710784e-23
1.613900647626680771e-22
-6.052900184947793046e-23
-1.273275268267447250e-22
-8.931769499642116398e-23
-3.491566331983876788e-23
8.264155592813373252e-24
-2.723576662868429371e-23
1.979595292578612413e-22
-1.998387966888961317e-22
-1.239451039579883326e-22
-1.237787150270604983e-23
-1.170921132141079129e-22
2.077963267598012003e-22
-1.006325982133228074e-22
-1.747701004035414174e-22
-1.471562489975967963e-22
-6.299655684472461831e-24
-2.290646700165794391e-22
-1.295401310975172152e-22
-1.094438396567139435e-23
1.899398168442474181e-22
-3.210628662683227531e-23
1.765736785292417175e-22
-8.874060124542695534e-23
-1.424228187211280533e-22
-1.350034118006699571e-22
1.012004318736066440e-22
-1.327382987606864679e-22
1.100848978758206216e-22
5.589221759368797562e-23
8.469539792052041385e-23
2.873648320806322391e-22
1.312896382669659769e-24
-1.952158436537236869e-23
1.101775013195446902e-22
7.506004708103522348e-23
2.165770327176178864e-22
1.051355347244195493e-22
2.557919513773352608e-22
-1.510319231838868686e-22
-6.493702046157812408e-23
-2.608232234892224222e-23
-9.734206165690240707e-23
-1.756174111990115032e-23
1.207848463136803663e-22
3.939451434799875727e-23
4.185716952793732077e-23
-7.560072548983891816e-23
3.234166738156590969e-23
-8.048201430166673231e-23
-2.285375823191904517e-22
-2.170469275199938985e-23
-1.287942392071895704e-24
-1.291188881765850703e-22
-6.266351743507792742e-23
1.284901727480749259e-23
-2.214743279869999866e-23
7.058959821706140330e-23
-3.134986426821567407e-23
-1.425303286323591219e-22
-7.235203107943475293e-23
8.395494167609594266e-23
-1.680279469127964884e-22
2.187378549007937014e-22
-1.519462387614719722e-22
-9.036407858536311081e-23
2.190615518493223097e-22
-2.417401992085941132e-23
-5.622564495367086089e-23
-1.207241451400297460e-22
2.100846680129992885e-22
-3.283259570498924931e-23
1.179882211926850564e-22
5.119259686021990486e-23
-1.798598521251246506e-24
1.244414714166038170e-22
7.610307999733270469e-24
1.733097506910058116e-22
-1.619108395503465149e-22
2.214021683495607153e-22
-1.128671883246236069e-22
5.755057617666754088e-23
1.248666224663485165e-22
-6.121974113274341600e-23
3.148048482825030867e-23
-8.813162466088388783e-23
1.457661793500940885e-23
-4.582088070176205996e-22
2.772611047405661927e-22
-1.153611401068688493e-22
-2.092166410208178936e-23
9.418938096743931837e-23
-1.933354350560415038e-22
2.033586850042262992e-23
1.196400930898722754e-22
-3.738101928181433751e-23
1.488638685203253161e-22
1.803303660472266899e-22
-1.120005442908387173e-22
-1.227253686741941178e-23
-8.880590074280858334e-23
-1.468297137115306559e-22
8.983998619346695490e-23
-5.973869219931872872e-23
-9.791174694907427031e-23
8.108146757545506732e-23
-1.994644210015509961e-22
3.782440101133254801e-23
8.505077850463743022e-23
-1.600450658771664675e-22
3.875084180779759621e-23
1.031465386153541122e-22
-7.987238533010087329e-23
-2.110968197925080230e-23
-6.474024104673304724e-23
-4.522107291384286012e-23
-1.309653398529893763e-22
1.022653155620642458e-22
1.937548778954140470e-22
-8.060245419420008289e-23
2.931568204389797391e-22
-5.342116391123100217e-23
1.600348981924530370e-22
-2.661891288115681925e-23
-1.196892509078898704e-22
1.201285371431605292e-22
6.466110810040911277e-23
-1.530427364587216296e-23
1.209984084388699462e-22
-1.722156243677142397e-22
-8.223049390123871214e-23
-4.753379552686715298e-23
2.106269930232551066e-23
-5.189622520045703780e-24
-2.681725610562956227e-23
-2.620205511921072166e-22
1.042591090977003853e-22
1.413453341632661774e-22
4.149769659360995234e-24
3.300626072838511579e-22
-4.612387643691835064e-23
-3.385718034571976720e-23
5.315608444906444921e-23
-8.381427387425997679e-23
-2.293762404885960312e-22
-3.139066772549883674e-23
-4.897808977269192157e-23
2.841455029247156614e-22
-9.753397866698854313e-23
7.764025502698123015e-23
6.001977163163945950e-23
8.750094969369377735e-23
-7.500864965635539703e-23
1.401940373897286427e-22
-3.960794866763150640e-24
-1.090103625117459899e-22
1.590224375714494729e-25
6.667015578168613408e-23
1.860179599219029934e-23
-4.726483613464331100e-23
-3.408289677620134278e-23
1.305744994593598221e-23
-1.640145543207437565e-23
-1.684896994504046768e-22
-2.506853616366586573e-22
8.927178941976372476e-23
-1.061081651080397550e-22
-4.892106047329076622e-23
-1.479984470643711040e-22
1.128060004920750764e-22
-2.051928857833706818e-23
-1.488881031195369409e-22
7.138827368141136331e-23
2.283211404584391767e-22
-2.220176779195677417e-22
4.937030549146238956e-23
5.917958203803947528e-23
-2.640210797557581826e-22
9.423958038703429504e-23
1.203187011606663162e-22
-7.758770972970404766e-23
-3.303325208204173467e-24
-4.346850933076825323e-24
1.366497990803105912e-22
-6.075254004963884939e-23
3.158942927976166575e-22
4.158708833057394098e-24
6.217179527787177307e-23
1.560359114802784915e-23
-1.982099401783382988e-22
2.746965753604334054e-22
-1.704725473821779944e-22
2.412069718217152575e-22
-4.205812585681221635e-23
-6.659869581830373016e-27
2.346792113776405318e-22
-2.313509717575261703e-22
5.597500944489523389e-23
-1.179362723483228824e-22
1.963361189009860015e-22
6.464525668866115923e-23
-1.244721208739668757e-22
1.023233698830068701e-22
-5.946970147075178296e-23
-6.644762914555573095e-24
4.909971393286428746e-24
2.027464636188208922e-22
6.371577124724804438e-23
-1.352980073002049276e-22
4.921903576717594830e-24
-8.925858669903079936e-23
-1.013813668425185917e-22
-8.905186958498809796e-24
-1.006690980332326229e-22
9.186220349694037175e-23
-1.997365286764787223e-22
-1.579339280145273558e-22
3.118038789435379523e-23
6.316305676502065804e-23
-1.408367452609286966e-23
-2.199607292302559105e-22
1.004534269856886775e-22
-9.406345021992205934e-23
-1.691809508162411070e-22
-3.596116440548230027e-23
1.049255302743845956e-22
-2.073319291923539397e-22
-1.700027192710975124e-23
9.123839682822891568e-23
1.512810655685093947e-22
-1.492231351599516597e-22
1.476993433199312882e-22
2.991506308456268982e-22
-6.151670014822671325e-23
-6.901324672414562500e-23
1.488960827913192490e-22
5.727696940083797292e-23
-2.431597702390996506e-24
-1.221381978279612519e-23
8.403639649099395924e-23
3.192641192462008231e-23
-4.782510812112802346e-23
-5.176975603177078070e-23
9.069204544060536779e-23
-4.428488980974224690e-24
3.018715482593549387e-24
-3.579468165886782059e-23
-5.909531476656208398e-23
1.026068838581113722e-22
7.584953326684530981e-23
1.692345149269311412e-23
-7.287480153231196309e-23
2.843866047254701915e-23
1.820200080478972733e-22
-1.242616427038909260e-22
-2.141903870602221746e-22
1.998054675612460615e-22
-2.062942913314332965e-22
1.573452417825794852e-23
1.411865919308383937e-23
-1.655843345042928772e-22
8.672659953160334699e-23
6.279471317766755311e-24
3.406725960636227116e-23
-1.629949199862722503e-23
-1.354889447805339269e-22
-1.404179045411853012e-22
4.333811025667278724e-23
1.984237574105900326e-23
2.008217843134209033e-22
-8.204898700492029604e-23
2.223476183459121887e-22
-5.673667141314476756e-23
-8.397122212452749821e-23
1.845237488529595279e-22
5.665397556824807898e-23
-5.124723107999545810e-23
1.302128230277721380e-22
-4.870103664784079390e-23
-8.039819225522188934e-23
-7.099650238611379051e-23
4.292162218239858253e-23
2.414904998265650655e-23
-1.469047469493257493e-22
4.633281512808941862e-23
-8.749515246754019785e-23
1.190929533593900500e-22
-1.147582900541875646e-22
-9.603843722736311639e-23
-2.342869592952356976e-22
1.603698945973488726e-22
7.843253883404201498e-23
7.274825899928718063e-23
3.863578462980047537e-24
-1.426583484302747789e-22
-7.542740136080405908e-23
9.928438193897420430e-23
2.312810359617555443e-22
-1.123778976123828399e-22
4.040879123071692141e-23
1.987141011415012350e-24
8.734933534673903531e-23
-9.969986268629392817e-23
5.178970076123013838e-23
1.283412021061193942e-22
-5.353542976414356885e-23
4.624579951206842277e-23
6.654228434900388255e-24
7.796411655186325552e-23
1.321903086600444651e-22
-3.041152172242748046e-22
-1.154595912891538006e-22
2.054815064560500240e-24
-1.612479647449212902e-22
2.945774527073794865e-22
-5.549130372046973488e-23
-1.129148990237551316e-22
-2.050579626088348375e-22
1.645385493410497833e-23
3.404364660671736485e-24
1.251710262419771568e-22
-1.618670603547287142e-22
1.526088381853594936e-22
-5.265931389942878313e-24
2.249819717824682358e-23
-1.689320464392810785e-23
2.189032967489446404e-22
-3.184327960145376388e-22
7.340269384215774472e-23
-4.838104339233173263e-23
8.157342426661674263e-23
-1.783666665745783493e-23
-9.762385377239573475e-23
-2.005669483069604107e-24
1.162926699653903994e-22
2.085340758762304027e-22
-2.354642827852579267e-22
1.803932509031820376e-22
1.673643989662073279e-22
-2.779116335921068774e-23
9.566047437413326824e-23
-3.502672882649626391e-23
2.177548640935730712e-22
-4.623525331600556361e-23
-1.406047717935329552e-24
-2.012116292153456796e-23
-1.259196912480473379e-22
1.169082574492552136e-25
-8.909224732108381616e-24
-1.262221551946600793e-22
6.378574549810526929e-23
2.289184378786732827e-23
-1.075255891510466726e-22
1.895264326694898857e-22
-1.953782260603149700e-22
1.169499241743599624e-22
1.331476848171493663e-22
-7.646964171318993844e-23
-5.778818662595007407e-23
9.461647203574925074e-24
-8.260307440538790535e-23
-1.675842684355696332e-22
3.108345256884220369e-23
-3.462769079775347995e-23
1.862279356815555087e-22
-2.451531509018622784e-22
4.530086836723117146e-23
4.945945011788184171e-23
-3.265852489503809629e-22
1.018354004554950778e-23
-4.279614122748760791e-24
1.550727423258445868e-22
-3.459603536317937307e-23
-6.726066762773294019e-23
7.758206109875714177e-23
3.569971475876553516e-23
-1.676090059768364593e-22
-9.349814903725287454e-23
1.555719110594233122e-22
-2.235764123784541992e-24
-1.874958345065428229e-23
-1.737282505478671906e-22
1.529640357986043153e-22
2.932985018576390419e-23
8.149957396263173855e-23
-6.087592919252216351e-23
-3.008729484319204750e-23
5.745177568041927269e-23
2.418446568998806635e-22
-9.714818561519065966e-23
1.519378180197072549e-24
8.072087286488265270e-23
4.014607842258705884e-23
-1.875531202937769322e-22
3.301479225361257289e-22
-2.016108693310048390e-22
1.183227209652897945e-22
-1.824716836745210124e-22
2.334500914209026968e-22
-8.754506219213776403e-23
2.927776363663528701e-22
-1.530082885942305156e-22
2.163239193528662549e-22
1.805327317834481949e-22
-2.369890378124523786e-23
-3.157477521449684240e-23
-2.003625319775071438e-22
-8.672292273510094493e-23
6.678555306849641270e-23
1.759028237946127474e-22
-2.261684992338580185e-22
-1.071418762571783373e-22
1.817793438622676862e-22
7.479262946102587857e-23
-4.803255759347774787e-23
1.591145164282931362e-22
-2.360739032277199527e-23
-1.300265796295903783e-22
-7.061755114461593039e-23
-1.395082211180957676e-22
-1.578128176681484170e-23
-1.369368435266551947e-23
-2.804224630613081130e-22
-1.636862193830210544e-24
-3.219986348851393138e-22
2.549357062825182730e-22
-4.751684445272780982e-23
1.712967309991325844e-22
-1.304813716536037665e-22
-1.751280504984701154e-22
4.944234553535290240e-23
-4.701289129016496885e-23
-8.442101304738494136e-23
1.055945302889558947e-23
1.423774410192398928e-22
-1.832158805920708346e-22
-2.357911128238046131e-23
1.660089507945850827e-23
1.585871882164960807e-22
1.011930752292382168e-22
4.177879298234583976e-23
3.908954214888694266e-23
-1.700656312464240327e-23
7.228808775978186167e-23
-1.656216453516413848e-22
-1.975221960034270842e-23
1.537122027827047146e-22
3.260414401874678309e-23
1.625103833267880396e-22
-1.155847665543769397e-23
-2.241306576504335242e-22
-2.443402010363678695e-23
2.087333950763376198e-22
1.735040562612284676e-22
-3.352417602232559663e-23
5.105891052114501695e-23
-1.113469419534523819e-23
-9.293817391042643956e-24
9.929044124995966908e-23
-1.418035451653217111e-22
8.209602982099039608e-24
-6.733049297229999646e-23
1.847330983667166116e-23
-2.421081533817122490e-22
2.088333768641681973e-22
1.533536129544645970e-22
1.063702992156545546e-22
1.157907493603337800e-22
2.059965878320140601e-22
-1.023847415707388534e-22
1.511809094022115903e-23
1.675566974291381956e-23
9.919439058044049910e-23
-2.795580530194624432e-22
1.272507960257918021e-22
-1.185499759929137417e-22
-5.019993386493048553e-23
-1.023467827581367856e-22
3.398485389222220488e-24
-7.642001417110848927e-23
2.214615338295712782e-23
8.333538240721776624e-23
-1.727699414395558176e-22
-3.209297664537968859e-23
-2.424722614292295832e-22
-4.771328988555463414e-23
5.133191770165240530e-25
1.436049381838044493e-22
-1.437896849711397283e-23
-1.708907744850681352e-22
1.437212347646334247e-22
4.600528233219192433e-23
-1.460637038939774533e-22
-1.310396763936557611e-22
1.284599422643739410e-22
-8.215340612972486030e-24
-8.253679371600528961e-23
-7.079415679682080857e-23
-8.085770771641587474e-23
-1.670518215377311446e-23
-5.496947616758416180e-23
-3.763278291496039124e-23
7.422961706320582748e-23
8.970300411557077636e-23
-1.226214019049467011e-22
1.002626586032799867e-22
2.182869859806745276e-23
1.335676928178901583e-22
5.436044808009972657e-23
1.017725610857204336e-22
9.861295103941487345e-23
-1.878336274412042255e-22
-5.566225902353526219e-23
1.661291796676461587e-22
-1.308497708576309978e-22
1.190367225053124019e-22
8.845521247192220516e-23
5.148392407472436015e-23
7.957772495817487131e-23
1.445441950441904801e-22
1.300146950812996360e-22
8.941740873911484731e-23
5.157910251972381248e-23
9.915351097966136145e-23
-8.028501425842308364e-25
1.037079854769423673e-22
8.494455325882585888e-23
2.075533553410855614e-23
-2.893074689270320405e-22
9.907163897916608769e-23
-1.387612395122461953e-22
-1.125334543690877165e-22
-1.560120743278118149e-22
-1.108751882171216552e-22
3.620996415848238003e-23
-3.107893492996385073e-23
5.174841538815399516e-23
-2.066246769192701203e-23
2.448320663649147573e-23
5.844547876290589384e-23
-2.316771145013849414e-22
2.211608700591320096e-22
-1.071243784468250685e-23
-1.125282685527331418e-22
-3.046451093174176211e-22
-9.765571269692548805e-23
1.010400385931122335e-23
-1.163924456492099739e-22
5.141579883407838190e-23
-5.318232934561606795e-23
4.925644684230927068e-23
1.083416215022801198e-23
-4.016697249597665624e-23
-9.771182184839817684e-24
4.899853972075719057e-23
-3.043658333280596654e-25
6.027935818144935697e-23
7.741522951179821491e-23
2.175730099844819067e-22
1.695460177405846265e-22
-1.199532758401199034e-22
-9.504629028664042928e-23
2.865400149586190396e-26
-6.010952008841395834e-23
-1.714235402012875280e-22
2.976049277408974379e-23
-1.792774157189677123e-22
1.635658608446985920e-22
-1.891824108543552364e-23
-1.186848081642986758e-23
1.365310309760102059e-22
1.218829025989554656e-22
-6.077885436288198152e-23
-2.784760445067806407e-23
1.157573705377686514e-22
-1.164703674556487560e-24
3.617368817871180898e-23
-1.867940467658896482e-23
8.151882191271692699e-24
2.105348099018733979e-22
-1.891802818223711832e-22
1.538855674655137844e-22
-2.306087366894533241e-23
1.524832057379313238e-22
-9.393305880838030012e-23
1.162692894885577562e-22
8.479921900513874277e-24
-5.168960765659260800e-23
-1.273662681697762519e-22
-5.277267376754856850e-23
-1.616923774665605280e-22
3.256587308676693425e-22
9.364492342862439162e-23
-1.184040286494739601e-22
2.557471059026592440e-24
-1.695714570025111996e-22
1.144234176192785306e-22
-2.317063180728034419e-22
5.779455097621783618e-23
-1.831372903285898548e-22
1.776276603055534869e-22
1.085109442383335308e-22
1.713155081714006865e-24
-6.013178603001548828e-23
1.556776826751767505e-22
-1.563187563035301240e-22
6.567215277007080801e-23
-1.999732746592767246e-22
4.970551041447317200e-23
9.102417930876822800e-24
8.737525223007867962e-23
-2.585888159735009635e-22
-2.064194981517772347e-23
1.195364125500408913e-22
-1.114879953404231381e-22
5.776393675687769504e-24
-6.432389892990562830e-23
7.644439976102805146e-23
-1.278217905790831741e-22
8.168148893660006785e-23
7.486545646938412775e-23
4.264758382669542059e-23
-8.823903256201871165e-23
1.305751211764980749e-23
1.182573617418468960e-22
1.581831310466313331e-22
7.781376837603000479e-23
-4.830237537171577279e-23
-6.358549168202562395e-23
-2.793416709386647875e-22
9.343874682965391179e-23
9.896166103214575611e-23
-9.572290962379921472e-23
-8.571952109669425524e-24
2.167463586202265607e-22
-1.329894644342335593e-22
4.009598758012382812e-23
-3.710508956838540327e-23
1.999839535256241786e-22
-1.720317145710639649e-22
-2.442774923499188481e-22
-3.993647538775497323e-23
2.014346953764791948e-23
9.893077358271446069e-23
3.002131716327513222e-23
-1.405642874344450430e-22
9.414836591121532451e-23
5.609144104472063789e-23
-3.457229524987034895e-23
-9.411737083750865044e-23
6.863027960009446907e-23
2.448706838305807263e-22
7.402298421662016613e-23
2.186123394393373650e-22
-4.448262300663462978e-23
1.061739689567398511e-23
1.422452422299381249e-22
-1.662273285999000589e-22
5.032577301539397409e-23
-2.972662004782863009e-22
5.836430904254504598e-23
-2.514193522146522047e-22
1.834898617488045815e-22
-1.327067676937542901e-22
1.102646689767078708e-22
5.008887604437279438e-23
2.545327041495752223e-22
-2.708481664062167294e-23
-1.383319633889755374e-22
-8.754815271780148242e-23
-7.031898688277940405e-25
4.762647522505671977e-23
-2.860137278334066743e-23
4.226894484111114029e-23
5.271510323293781796e-23
2.878477252059111351e-23
-6.697798500933831346e-23
-8.317396264704252891e-23
-8.207605736372925609e-23
2.734836345836516306e-25
2.749604533790666148e-23
2.612274983663901204e-22
-2.634668478770323759e-22
-7.160691129331797681e-24
-3.125194009520229534e-23
-9.530139308316553050e-23
4.392649190082254819e-23
5.982649528484355066e-23
-2.387787677243757572e-23
1.398909298542738533e-23
9.245453750471036836e-24
1.753560091574398021e-22
-2.951688072218614238e-22
1.026639850427451752e-22
-7.317486472071485632e-23
-1.286503854813885233e-22
-2.119433547189070989e-23
1.496489032528590593e-22
-5.135305420207386582e-23
-4.949020068019342098e-23
1.520433828987833492e-22
-5.512970285808620526e-25
-1.112153305189723654e-22
9.475752554962702363e-23
1.543008498735291867e-23
-1.354139390164220237e-22
8.521283094322149624e-23
-8.775421341753037397e-23
3.142805735135159238e-23
-6.538710322939520651e-23
3.763451622784054126e-23
4.202206480136748611e-23
2.170650364495097547e-23
-2.025380561171295541e-22
8.636369575133978802e-23
2.093068418489567416e-22
-1.641765842064322922e-22
2.131813925613903128e-23
-2.264109100328593707e-23
8.317646671959938278e-23
3.165563818360665216e-22
-1.941749618541413838e-22
1.383644525605872967e-23
8.689071706994696438e-23
-2.327302925554158218e-23
-1.591699534745109525e-22
1.626953796206514653e-22
1.799039182898082292e-22
2.272710550449860213e-22
-7.285204277397754919e-23
1.004710853267686668e-22
6.269589735797727650e-24
-1.164462574640082130e-22
8.363285683198602579e-23
-1.789951161329436412e-22
6.107581734974709390e-24
1.377336255122585769e-22
-2.194422610663442174e-22
-8.331062390785756447e-23
3.004055180486798772e-22
-5.161163442125536032e-23
-2.162510328194409995e-22
8.477557067677203174e-23
-5.562653748043084326e-23
-1.764487965654711958e-22
2.214062373350853684e-22
-2.713277249820027461e-23
-1.239925213044975653e-23
-6.438641146916115293e-23
-1.948236846336911600e-22
2.035325304392526533e-22
-7.728739376325308124e-23
-8.052868602788678043e-24
-4.866451426388322164e-23
-1.961512196337193600e-22
-1.570794135960644819e-22
2.876983515853699047e-23
-2.343155413493830397e-22
1.360424960347986787e-23
9.304883579802652522e-23
3.367082355238767646e-24
5.895160719998660597e-23
-1.269569766085889888e-22
-3.165865857244965441e-22
1.143948266464200972e-22
1.694497110255987684e-22
1.073347224763916377e-24
2.712170208555600955e-22
-4.756904613306149325e-24
6.421165476899323464e-23
1.283029206443705326e-22
-4.274304222247647230e-23
-9.857942902369618561e-23
-2.727445521720733869e-23
1.022531267546288736e-22
5.630470246131102142e-23
3.562291730744024294e-23
2.396528851152637167e-23
-2.232587032023420482e-22
6.571554748529089713e-23
6.434328937118053879e-23
1.871902602956993232e-22
-2.852685725687275112e-22
1.020300014181768539e-22
2.239007491787602890e-22
8.461648438138409115e-23
2.206959053447631313e-22
9.241319464035050974e-23
3.240346832839440075e-22
-2.059960776618241357e-22
1.511582749769808833e-23
-1.252500318162954473e-22
1.167414442077356949e-22
-4.755253034577692154e-22
2.121077122065202445e-23
2.300741164343588017e-24
-2.865633666992410808e-22
1.415360304438632991e-22
3.005070198945529338e-22
-1.623668152007119484e-22
3.922673760302309801e-23
8.214040712256913036e-23
1.283208072044975054e-22
3.522135200778921997e-23
-1.491617623881208929e-22
3.437564477233999990e-23
-1.784639329693762027e-23
-5.655105919586753560e-23
8.013203389863442946e-23
-1.455440940531368165e-22
-1.343548468699108016e-22
1.154335098737163735e-22
-1.897793730609127473e-22
1.476648113108321915e-22
-3.044761571147667514e-22
6.441384071058262393e-23
-3.118595829480068998e-22
1.068517223582536716e-23
-2.663418175030941093e-23
-3.319288421601287506e-23
-1.099155618282456382e-23
1.632922355309853568e-22
-1.341210232890234191e-24
-3.512756752967844338e-23
-3.040779023586196760e-22
2.173605700379894579e-22
3.732242790459571623e-23
-2.183131077553347622e-24
-7.527633174481972042e-23
-3.542202234889522652e-23
1.237500866464227692e-23
-2.319800856304254343e-22
2.252837846327409441e-22
1.151395215913390290e-22
3.958872651640012116e-23
1.753030115618705963e-22
7.802083974159967999e-24
1.449497479526501054e-22
-3.412965502655859617e-23
9.497743489823126198e-23
1.989565096778421297e-22
-2.359631052252161325e-22
-3.873223854424122509e-23
2.250092753576087210e-22
-2.847036338472991601e-22
-5.691796612367359564e-23
1.150629509545063136e-22
1.756752664984535872e-22
1.213046395799256304e-22
-8.092322416684117648e-23
3.478724353661396427e-23
1.081004813851586678e-22
-2.903364296721684795e-23
1.898940941857326356e-22
-5.764600211998596302e-23
2.205564076840216304e-23
3.035549146116027751e-23
1.106665284820479745e-22
-1.372135182947888910e-22
3.654857451959845589e-23
-1.549569039210214584e-22
3.396616133169634648e-22
-2.430262095186571967e-22
-9.119061308579988216e-23
-1.646194320604119497e-22
-6.367224583918361421e-23
-6.818063417252903292e-23
7.223840346501469815e-23
-5.176322145344313954e-23
-8.291104705226746814e-23
-4.982750189273680132e-23
2.581826758355888804e-22
-1.675210249427007825e-22
8.945091517451422571e-23
1.706317109367716760e-22
-1.133635683648825033e-22
-1.919769388081819466e-22
-3.289172468647319093e-23
3.295246763917893143e-23
-2.130211341976562723e-22
-9.339834383259810983e-23
4.612580551924210948e-23
-3.980878250787649985e-23
-1.603732748570417154e-22
7.280027343517338786e-23
-1.716123409177304076e-23
-9.573289133904701411e-23
-7.967996902360195109e-24
-4.174538191171716528e-23
1.486165816475534017e-22
1.222089734268899723e-22
-4.490207471606410632e-24
9.338354038401910549e-23
1.502698093307261908e-22
-1.836050910316347383e-22
4.394668446738561801e-24
2.048387008758167197e-22
-3.136789559707434980e-22
1.474230169477836101e-22
8.118291070238747240e-23
-1.218655611627659523e-22
-2.855911508287256483e-23
3.250756203572720124e-22
-5.999640871723187543e-23
-6.665337837618887408e-23
2.024745863966497444e-22
-1.206949185934799076e-22
-8.611517450082307090e-23
-8.557138115375982699e-23
8.989244070918402447e-23
-1.054533232670946531e-23
2.320814340984480421e-22
-1.409088608199572300e-22
-8.914157587920921556e-23
-1.000924458465921702e-22
6.908297327933244927e-23
9.508641018042093757e-23
2.025757248990275775e-22
-1.569193302624066541e-22
2.252518032168402357e-22
8.285257945234217863e-23
8.721834763830480989e-23
2.107061759425412073e-22
1.148741539526787150e-22
1.814030401241778217e-22
-1.196737064687873677e-23
-1.360972732450535809e-22
-8.000491515651065024e-23
-7.738699814962727993e-23
-1.191377071530248354e-22
-1.113905931830002095e-22
-4.527721391466186111e-23
-2.526644680745330100e-22
4.794270251087900692e-23
-1.300976381620932805e-22
-1.174441042460014137e-22
7.009780121377622800e-23
6.441945530264974652e-23
-1.013147109821563946e-22
-3.092861829410672251e-22
1.297349364663970714e-22
9.583707320638958135e-23
1.324262584455158426e-22
-3.288837938581108615e-22
1.394479744974726449e-22
-6.370999048597694085e-23
-1.057366228749897107e-22
-2.362637009813629609e-22
3.188721880260457373e-22
-1.366514955242371557e-22
-4.434732706262451683e-23
1.615900389926049056e-22
-6.220258682599333186e-23
2.680927826883510168e-23
-6.469207679206708643e-23
2.400953061284008284e-22
-1.565466348787969301e-22
1.510751695384200823e-22
3.073049610346569689e-23
1.264571610255445515e-23
-2.818089155323799246e-23
-5.411503790808321857e-23
-7.199256131650636636e-23
-1.823364667371255039e-22
-2.359804076874926159e-23
4.261546679400855433e-22
-2.127646223031707369e-22
5.466878511649991594e-23
1.664393466806248426e-22
2.069969630435407955e-22
5.690093153761017267e-23
-3.729664684887368321e-23
-6.732178016243517955e-23
-6.494489842494408022e-25
-7.308648412726520659e-23
-5.466246790019669372e-23
1.443085537177430060e-22
-1.755642891706011862e-22
2.785527012920501184e-22
9.127212412247515128e-23
2.536976615734377060e-23
-1.779881345842465220e-22
1.303754453914717569e-22
-5.840733268296681816e-23
2.512076306730153116e-22
4.062086263059670034e-23
9.048808984839699150e-23
-1.950607819136588207e-22
5.837841226610186056e-23
1.358783976244182259e-22
-9.673304575992259755e-23
-2.634778951694562511e-22
1.051815312782749201e-22
-1.164587815264702982e-22
-9.250877491858796753e-24
1.675023259348915463e-22
-1.629935004954491474e-22
-1.632524769933295065e-22
4.576103072137941665e-23
4.872183577719198479e-23
-7.543534733428559485e-23
-3.457098056873203437e-23
2.407007034430247085e-23
-2.653518834550595906e-22
1.208333540384620360e-23
-1.475951380607638315e-22
1.672413812107353790e-23
-1.783396311899102232e-22
-2.442351855059225242e-24
-1.761704025134994512e-23
1.111786855646115266e-22
-2.031921175425677024e-23
-1.471996551635855493e-22
1.220266434510643625e-22
-2.082181823625828765e-22
2.868407953471534481e-22
-1.089031620032395135e-22
1.466928763125846841e-22
1.179181738356000327e-22
8.628822104064070808e-23
-2.525208215643135107e-23
-2.758122326947179691e-23
1.367477877049054211e-22
-4.533986739544618127e-23
2.269400980547397005e-22
1.536308246574680288e-22
-2.395493872379920486e-22
3.410162523739699063e-23
6.103305113599141857e-23
-1.792949280667010657e-23
1.461417168126437438e-22
-2.004240316478019794e-22
-9.517954911652231865e-23
-4.476626268230770686e-23
2.254880443682735146e-23
1.449026346601733170e-22
3.864262657784094182e-24
2.300165322551844729e-22
-1.090480348026247542e-22
-6.270548864445046099e-23
3.087788587311604395e-23
-2.741349209533166556e-23
-1.140106566892067543e-22
-3.035623074972583063e-22
2.518381417147490056e-22
-9.125267125722599785e-23
-2.037059462096498968e-23
4.466394713430966668e-24
-1.550607166691888285e-22
6.272867531243345752e-23
-6.633295563576676718e-23
7.756536038271525416e-23
-5.527608714223442669e-23
-7.916036279168267310e-23
1.616363337383462391e-24
-3.688806276349578502e-24
3.414169881244041766e-22
1.179542707219218029e-22
1.249411412827794706e-22
1.101234007984465598e-22
5.215804064005319099e-23
2.751667074517066078e-23
-1.820233507182911708e-22
3.886112990517380715e-23
-4.086096535952671243e-24
1.342321636587186227e-22
1.747244210058278488e-23
-4.433882373573591468e-23
5.049088512670628907e-23
-1.873550541333932665e-22
1.633101673125129777e-22
-2.036293582990491481e-22
7.176163132766137376e-23
9.185785771369556558e-23
-1.402870835672790074e-22
2.767277893820768098e-23
-2.227525453149337665e-22
-1.236048075534336048e-22
-7.657571057037960871e-23
-2.232737175097764709e-23
5.784294134500404430e-23
8.597694741530841523e-24
-1.908065819263231984e-22
-1.343277962153663812e-22
2.882945838153635882e-24
-1.405489332291412873e-22
-1.861271503687971834e-23
-1.067969795062733571e-22
1.298364875538484549e-22
1.101052073261410189e-22
-1.999921938702234375e-22
2.777538586734878532e-23
1.319993330088464739e-22
3.584855151228176794e-23
1.320403241236483080e-22
-1.092057607449378981e-22
7.286377891679986556e-23
-3.552063345975743686e-23
-1.019137410438168280e-22
6.011503821377031649e-23
1.243701177021415882e-22
2.511599373244333479e-22
-1.860023895644915704e-22
1.520722396012328459e-22
1.446229641761963228e-22
9.282987510034157180e-24
5.766466191716892805e-23
1.499444836951001498e-22
-1.095513035161782520e-22
1.129828291935190990e-22
-1.275565238555360254e-23
1.574479511809450795e-22
-1.342720711634849897e-23
1.513194124398897732e-22
1.842350171965588318e-23
-1.535551287107395031e-22
1.572927255239600604e-22
-1.572068208122545851e-23
1.606583263078316783e-22
-1.752018824823003128e-22
5.877541582562281485e-23
-1.143518332966173344e-22
-1.670722511996130463e-22
-8.700297558662361407e-23
1.131051791219722333e-22
-1.190869505023817508e-22
-2.234150162716284105e-22
-9.489947491611873707e-23
-1.085358881528255300e-23
3.792046368569321174e-23
-7.867471165899568223e-23
-2.609471423850752808e-22
2.141582256368041732e-22
1.303177003949294782e-23
-1.356631943154815677e-22
5.223298832559303408e-23
-7.537083843463520488e-23
1.307118199183440067e-22
-3.329700693487297545e-22
4.213293812879260837e-22
-1.292090878876131628e-22
4.997551136914674370e-23
1.031864914435117308e-22
2.569555451091744528e-22
-3.662154244153444312e-23
6.590815003036639748e-24
6.907761229933281312e-23
-1.303307639498979107e-23
-1.218183231089423561e-22
-8.461793185906136509e-23
-1.240915903328363994e-22
-2.601254735261046295e-24
-2.358784975346339837e-23
4.988806865240756763e-24
7.538147741575783570e-23
-9.125013652234912308e-23
-1.463757297198284568e-22
-6.414760337006582562e-23
-7.089512907620407448e-23
-4.671203216836393123e-23
2.133107386914094751e-22
-1.848349973701104145e-22
-5.521588441726324498e-24
1.241723127021825079e-22
-2.056580973275563385e-24
-3.465261234943608693e-23
8.617517845161630141e-23
-6.871009177466502527e-24
1.299928785279341986e-22
-6.693537687724542525e-23
7.319832009278041627e-23
2.389976502970184214e-23
-1.523780526786158243e-23
-1.005502627804991914e-22
3.845710247651939488e-22
5.749703253102891381e-23
1.394905403858795435e-22
-3.151895070094820597e-23
1.073909196505460629e-22
1.361945621918832584e-22
9.135068655745453200e-23
2.500152575057761380e-23
-1.634022626987679616e-22
4.786276156659975118e-23
1.446657730632976181e-22
-5.628734640906013239e-23
6.106190356891929084e-23
-2.896170376543133897e-22
-1.902671856464286087e-22
1.193725479132457576e-24
-2.960898560463053761e-22
-1.882443058959814631e-22
1.968057027987656418e-22
1.161536380496513153e-22
1.894097494627293275e-22
-1.779960276520988919e-22
1.793343449386194756e-22
5.531301023138209092e-23
-1.590135974411714238e-22
-5.767782685810714845e-23
1.019225304339330750e-22
7.837201829030380580e-23
2.542206465693691820e-23
-2.357295691098467231e-22
1.037868983029107695e-22
-2.868040457952530010e-22
7.620033162055519410e-23
-2.091231489389465234e-22
-1.377732305730719080e-22
-2.033781467321974070e-23
-5.678584088732054645e-23
-3.435209279521579571e-23
-8.890606630847848255e-24
5.402887551821679293e-23
1.397942462155226160e-22
-7.171617518039596511e-24
1.612827408268670627e-22
-4.016633744450533446e-23
1.801664042049458671e-23
1.872333311123741973e-23
-1.441922515610379217e-22
1.067615265585589462e-22
1.050814369678735774e-22
6.874806095163128841e-23
-2.706735130711470802e-22
5.399117122667768723e-23
2.486466551348233293e-23
-1.407592578079317381e-23
-6.040158024855452397e-23
1.881497539189910732e-22
-3.200249496937797081e-23
-8.093987002994400380e-23
3.094012614539629176e-22
8.072836041855337223e-23
5.293931296431976279e-23
-4.790991509387681408e-23
-1.587935867244658051e-22
-4.319159545822626155e-23
-2.779335615120326656e-23
2.233904561417917982e-22
-1.129649524133685796e-22
8.585953112350455249e-23
-1.079848903057376798e-22
-5.857779894481833903e-23
9.206931445446152509e-24
5.939031348369874669e-23
-7.446623490254705720e-23
5.635852689133783924e-23
1.228109085267146127e-22
3.392552401260904846e-22
-1.200458910009645096e-23
1.448245274297311141e-22
-3.372158731762701212e-23
-1.149063936794379829e-23
1.433164739752340228e-22
4.375733441544751596e-24
5.811078642464543590e-23
9.548538513402947284e-23
-4.565701097555906399e-23
-2.446181883358665653e-22
-1.662047332079433008e-22
-6.444994367311964647e-23
1.161697791992481857e-22
-8.410772414890970212e-23
-7.858903744007026393e-23
-2.043008545851227474e-22
-9.044685437004276887e-23
-4.157230876801156202e-22
9.087997732601907829e-23
2.569209222311565820e-23
-1.368767925406059772e-22
-3.149111363373911711e-23
-2.046252795440546733e-22
1.631386644750555455e-22
-9.991992431483173134e-23
7.415977964441486951e-23
-1.581505156625732969e-22
7.027938392166941780e-23
1.027533621603546172e-22
-9.298532457422307350e-23
3.144041384744323066e-23
-3.467331308755171969e-23
-2.133486241287721207e-23
2.534053676252790193e-22
-2.887010142497097000e-24
1.801790465192874372e-22
-4.148622223744462338e-23
-3.581817004609748574e-23
-8.086141968090843828e-24
2.274341787824223511e-23
1.814172939344728903e-22
1.077327241864892597e-22
-2.299875321929795783e-22
2.766726360775675330e-22
-4.241123597355864602e-23
-8.159786976246889385e-24
1.048763731169225210e-22
-2.274798963059641763e-22
2.961935203182134995e-22
4.861830002773203204e-23
3.559208613500942827e-22
-1.073661563899635308e-22
1.217102225413594975e-22
-3.167852692842880399e-23
-1.239782554861183958e-22
-6.165581973068797845e-23
6.754527047054772858e-23
-9.011960962419551645e-23
1.706964755730007181e-23
1.419287054520229005e-22
-2.067200852094629034e-22
4.442123929300446953e-23
-1.054094826546715060e-22
1.404078364662859280e-22
-3.761188381182111422e-23
-9.433854091907730852e-23
-1.382801517151981644e-23
-8.134159437106954600e-24
7.797420140826718821e-23
-9.528477311077488940e-23
-9.025864549460291958e-23
-1.984149053432612548e-23
-4.515488708542310908e-23
1.037432354617170381e-22
-2.212842389194610955e-22
-2.284128455413393035e-22
3.727061841923681682e-23
4.790244916371963298e-23
-5.675436177792744414e-23
-2.082914991118681326e-23
-1.727844693861482327e-22
3.950971757641825437e-23
1.738339207152672735e-22
2.911413306801323648e-23
-1.080442106171810346e-22
-5.479573142458548468e-23
-6.200107728349766780e-23
2.156882077226864509e-22
-9.228230736087453222e-23
-3.762913351535834096e-23
2.203880324547576939e-22
-4.532632575195000028e-23
6.071647429822404448e-23
-6.260346131021665852e-23
2.835180630312546453e-22
-2.868923656609448448e-22
1.960787298590685002e-23
-1.818848398761514872e-22
2.200864812934410303e-23
6.397816680102120064e-23
-1.249729196038654070e-22
3.126071767554126709e-23
1.697334384835596563e-22
-7.244663808632947038e-24
1.089944383109839946e-22
8.733599570711656069e-23
1.668112873890088953e-22
3.701755394646424537e-23
5.698136758914084571e-23
5.686793400085869933e-23
3.592136996311264845e-23
-1.387656470834035819e-22
-1.144438027211046257e-23
-2.910438080285712444e-22
3.873569167938975605e-23
1.026894890061759585e-22
6.781090974299558319e-23
-1.579856700947587150e-23
2.563003859844082909e-22
-2.138078107290726059e-22
-7.725513075690190360e-23
1.536981212126679066e-22
-3.262101524628842725e-22
2.637840490469530683e-22
1.264623828396454239e-22
2.109397599585630881e-22
-5.602613866793886681e-23
-1.334088363089842136e-22
1.072362118384421009e-22
-5.159292856234507210e-23
-9.586783700270415275e-23
-1.716848980606359302e-22
-8.160571463836552303e-23
-1.912041134458289077e-22
1.630437230411663360e-22
3.563223335355353020e-23
-2.744368846138000262e-22
2.389205896181686456e-22
-1.007110097858077706e-22
-9.457432210499276685e-24
7.923869898395378593e-23
-8.553732540861673381e-23
-3.513575375309888179e-22
1.173514517454865655e-22
2.098263528812730337e-22
-7.761813538625069293e-23
-2.544398089778287638e-23
-4.371437763111587814e-23
1.465053363495590619e-22
2.105283096686232103e-23
-5.073893248868000840e-23
-1.070750372209747235e-22
-3.692606130658425550e-23
3.886275669223359216e-23
1.043582245002520791e-22
-9.342836306347281856e-23
2.601853560821341708e-22
-1.278346252074590333e-22
9.851333979974514523e-23
1.328124946584686943e-22
8.772202636156859163e-23
1.171732768957616993e-22
-4.693410180090063557e-22
-1.395426871308111574e-24
2.596818527828515260e-22
-6.115525114365347095e-23
-1.891396709271177751e-22
-1.261768996835475156e-23
-1.086289533945935552e-22
1.465231025211470614e-22
1.788344261296992698e-22
-5.193193237637608877e-23
1.145704072874413750e-22
-1.695699387076906160e-22
2.042518473436201321e-22
-9.571112652222322389e-23
-2.521220847992527789e-22
2.400565909187673040e-22
1.929408911632145644e-22
1.397505563640815914e-22
-7.927301419665278838e-23
-4.380984463527617825e-23
-1.318682916830357118e-22
1.658690122771441136e-22
-4.648874405180036712e-23
7.208904910703358011e-23
-2.700979565127095271e-22
-3.960483026302327836e-24
7.593534334027733186e-23
5.079704311483683867e-24
-7.666378712632090280e-23
2.229851105795425993e-22
8.452411371766285587e-24
-7.094811622509731479e-23
9.330468142354128940e-23
-1.741203115115982115e-22
-2.301706659979222682e-23
-1.282534757239073656e-22
1.593036700325549838e-22
-2.222712997261367895e-22
2.826779483052001720e-24
-2.087748918750367801e-22
3.834109661015066940e-24
9.531453019307987008e-23
-6.691561975804364766e-23
-8.895330011351143736e-23
1.701659780489434755e-22
1.489611705876240688e-23
-1.100221946972752654e-22
8.069853933283914919e-23
1.018395139155171930e-22
-1.582005128896386912e-22
6.220754891161162165e-23
1.033842635296667803e-22
-1.893552340048107040e-22
3.047462476953376388e-23
2.929929407365082543e-23
8.745127299374436294e-23
-7.391545086961624761e-23
1.138435170605735541e-22
6.155650881852980696e-23
-1.104793986989474274e-22
2.277369512545882617e-22
7.124202289083607966e-23
-1.823773301484120685e-22
-7.075126364178110826e-23
-1.372143932430316637e-23
5.791844671063659726e-23
1.673752422028657272e-23
2.258625662992553991e-22
9.186535041604622363e-23
8.613458902388440526e-23
4.746797891643598256e-24
-1.827487848990925814e-23
3.769453803370437380e-23
-7.699495767928643702e-23
-2.081163701530530379e-22
4.718190107771295007e-24
2.397135789124054256e-22
2.176143647380053814e-23
-7.184761734604768111e-23
9.080187627017680836e-24
-1.785378330562732080e-22
-4.194448650968275283e-23
1.677928512544811134e-22
1.472041621249590851e-23
-1.449228630718110417e-22
-3.688912269503180787e-23
5.629070773181947993e-23
-1.418025993990235392e-22
-3.699140071297366689e-23
-1.576065042121888508e-22
-1.033350643498556273e-23
3.458866636212261069e-23
1.061082230925812243e-22
-8.679285734050963817e-23
-8.980936387568297450e-24
-1.967498799536820073e-22
-3.098492010061529104e-23
-3.963606465400900710e-22
1.611430488366410389e-22
1.296011103807343121e-23
-2.508904535223203756e-23
2.608381167199987835e-24
2.098652721210597870e-22
-7.973948980425743479e-23
2.033411738503743088e-22
-8.544196479152736416e-23
4.047127777035600027e-22
-1.395014370456576904e-22
4.955644254860299151e-23
1.158729190141700261e-22
2.540734674872772315e-24
7.836830647514343500e-23
6.580999171639726799e-23
3.938844356014518633e-26
-1.507330701587825153e-22
1.036595492599236305e-22
2.095916322771151891e-22
1.230172436714071532e-22
1.513514655319162965e-22
5.600290505835721933e-23
-2.544582741362320139e-22
2.332852062231057857e-23
-2.184525965487556337e-23
7.124628256291927278e-23
-1.991419188976076744e-22
2.217359313723518781e-22
4.777524587902576318e-23
-3.261465744914063834e-22
-9.982824016699646990e-23
-1.159601910464056660e-22
-4.626577164163856012e-23
1.498606062409000282e-22
4.108199132883096866e-23
-8.534473210616631703e-23
2.849649813851446769e-23
-2.374669472309023339e-22
-9.473599958117142665e-23
-5.172682624960236733e-23
1.213511257022061518e-23
-1.526862249780311642e-22
-1.860509586252458702e-22
1.856721765387325626e-22
-2.720974743707444718e-23
7.818648730659627692e-23
1.945384477691613348e-23
3.758685115284607564e-22
-3.940656131427711882e-22
-4.460318804174726039e-23
1.125297160246841831e-22
-1.377274604416648855e-22
2.702516755480889456e-22
-8.121339949309543903e-23
-4.770051164616791838e-24
1.578699875471964017e-22
1.123255579151663277e-22
-1.667892025746545328e-22
1.998366329362880189e-22
-2.035871762604604516e-22
2.483236331349783046e-22
5.025110347403959211e-23
-3.169803071859269456e-23
-1.332862494655897338e-22
-9.308547390765152576e-23
5.525351262477833771e-23
1.014640511733481382e-22
1.114969101575723465e-22
9.519207945748632361e-24
-6.249809462461647738e-23
-6.053299670545471353e-24
-2.630851759862003612e-23
1.543539530915157549e-22
-1.624972369861344982e-22
-2.710772440614108677e-23
-5.288207000554191428e-23
-7.283489181362651818e-23
-1.135676860157180809e-22
3.814358126763845552e-23
1.007578943924420802e-22
-2.635099336549616168e-23
4.891471783099529442e-23
-3.643145365848403395e-23
1.135324404901192461e-22
-4.316377668491331056e-24
1.428076142701920885e-22
1.212788728768684451e-24
1.730228286474898968e-23
1.142649806117412277e-22
-2.275836263158513035e-23
1.115773612090121309e-22
-3.522777218921567510e-23
-1.215046252688253293e-22
-3.148178706469504033e-23
-9.898870310393348994e-23
2.315381218835545707e-22
-3.507260614964749123e-22
8.102744018171513989e-23
-1.640629570727418781e-22
5.247134863788070878e-23
1.379705213516032273e-22
-1.961577035503500228e-22
5.045687475958568857e-23
7.159890886180859248e-23
-1.469935453506682571e-22
-1.255224327343466857e-22
1.116050603800628305e-22
2.133944223495723213e-23
1.030506970612048624e-22
-2.034514229532297984e-22
-5.146904098214963182e-24
2.669395910416607106e-22
-9.422299105862029710e-23
1.101748953505363283e-24
-1.358779790582059805e-22
7.593883326554038235e-24
-1.371480896306727839e-22
1.197145507110341698e-22
-2.433240426949779760e-22
1.436656193029464633e-22
6.638263595391482979e-23
-1.341325118386905851e-22
4.515862328335838261e-23
7.970328136187290566e-23
-1.837416251287544241e-23
-1.413615466874690603e-22
-3.855082185614045999e-23
3.542160712267512905e-22
-1.512107510409953693e-22
-1.094419327126717423e-22
-4.664781687559174078e-23
1.878375178798543469e-22
6.213647689271498849e-23
6.357774684900905945e-23
1.145656272589886344e-22
9.744334288559823146e-23
7.745968928988492094e-23
3.783771803791860930e-23
-4.734830947375354921e-23
8.827528791920287748e-24
-2.183111791407567624e-23
-6.252227168493014176e-25
-7.110879238540902235e-23
1.761426672934649885e-22
-1.260105282154640766e-22
1.327963755200466602e-22
5.392781353012673677e-23
-1.522053350105345531e-23
3.918086296599293736e-23
1.106680478875736806e-22
1.481238706547213268e-22
-1.912536522000642355e-22
6.804330419798253073e-23
-5.799652433099121568e-23
-6.660273618522655528e-23
-5.101112002652814958e-23
-1.899639141479055920e-22
-1.448276533711365679e-22
2.051456344966600314e-24
7.812484224443121400e-23
-4.414375819450392900e-23
-1.015502635070290077e-22
-1.186962290722634425e-22
5.863324984255366610e-23
5.320251251548086354e-24
1.589791975421437328e-22
-1.456783413311044281e-22
-2.548574069505094579e-22
-1.992282359138984432e-23
-1.355433557605831805e-22
-2.859991164716538180e-23
-1.203149477556746296e-22
1.373650888175294460e-22
-2.599038005973703416e-24
2.651499589611533505e-23
1.325850088946935958e-22
-6.068221632589169471e-24
1.887072745939323711e-22
-1.249238078829090906e-22
-7.072821803614843667e-25
-7.460483876398035396e-23
2.100617632930654611e-22
-1.612882284576555069e-23
-9.074306639279725669e-23
8.830779751045272986e-23
-8.346905579593071246e-23
1.726643283238587179e-23
8.149364602967927772e-23
2.812051066274844732e-22
-1.433512735635428913e-22
1.849142125810221420e-22
6.600824929530814511e-23
-2.871681848860093945e-22
-4.794017051641445630e-24
2.247866286897007515e-22
3.449951922762124492e-23
1.061527014648976733e-22
-1.371760784111009535e-22
6.576877518007690484e-23
7.777315032269126295e-23
-2.759068983074879790e-23
2.129304017812097937e-22
-2.255339566635589236e-22
-1.304287827508884231e-22
1.449301151402211963e-22
-5.729758484156895234e-23
-1.195894115772405998e-22
1.523192262543256850e-22
-6.571078172597000705e-23
1.355914743441217637e-22
9.476768832568634111e-23
-9.631054995382833946e-23
5.574771173903833738e-23
1.364215648273962974e-23
-2.562777848744560174e-22
4.669627303037355179e-23
-8.923850439960545260e-23
7.894352195665309965e-23
-3.902509667665594940e-23
4.260868338518446940e-23
-1.161708584038346911e-22
-2.381342764242009807e-22
-2.917312991762403156e-23
-1.108751309034846293e-22
1.218614336315333089e-22
4.110348090038105429e-23
-2.074458123068981963e-22
2.969333941309883106e-23
-5.805835288761366406e-24
1.109716449281721987e-22
-9.172450180575042271e-23
-5.688774479168049432e-23
1.635632098157204328e-22
9.180075156106914136e-23
-1.228873270125284302e-22
-1.198450276464765864e-22
-3.659944208059794097e-23
1.044216528765817135e-22
6.424735510628103340e-23
6.237138287885087318e-23
-2.857252972499401740e-22
2.139749480044487529e-22
1.814516105390489985e-22
1.428155238029622462e-23
6.178907439368647381e-23
-1.548712948990027995e-22
-3.520232895127496929e-23
-9.190364144450252430e-24
8.380554726072360763e-24
-1.396707043008184450e-23
4.053464202886098733e-23
9.704959414839030444e-23
1.106205874432399067e-22
2.105423031530328752e-22
2.261887720226418663e-23
1.186075329511236349e-22
-1.017353795918527728e-23
4.747600346157543268e-23
1.077323120782733304e-22
-1.575820984615941467e-22
8.203946616974129092e-23
-9.326081168187479744e-23
3.209874149830631637e-23
-4.381668996617340103e-23
-7.867703035363626382e-23
-2.208117503799892525e-22
-2.008721186181308370e-22
4.815160373510643817e-23
-8.247699445048937816e-23
1.003292830689614290e-22
-4.445766454536929699e-23
-4.483873835758358749e-23
3.287038853411679549e-23
9.951149719075453554e-23
-1.009034871030890082e-22
9.675980994223281411e-23
1.058931478131012853e-22
-6.260211597659147434e-23
1.813287294789679183e-22
-2.701702174907240390e-22
9.769110635359156584e-23
-4.314587414874165697e-23
6.512070742482820213e-23
-1.267841290491502783e-22
-1.457638883255675396e-22
-1.937671420645362679e-23
1.147063652924933060e-22
-3.033639434533512913e-22
1.575465317086826038e-24
1.585659547405930323e-23
-7.208804517092080653e-23
-4.607023005901817762e-23
1.455341008588845676e-22
1.479708429291321880e-22
7.904671367663508301e-23
-3.342885056809693666e-23
2.509694925623356373e-22
1.637892635722009976e-22
3.029322518815820077e-23
1.051569493514734544e-22
5.858113732590551402e-23
1.582034308325802563e-22
-1.661874150472349347e-22
-1.913433344836247540e-22
2.498539191707262891e-22
-1.387008715862285513e-22
-1.468798634609162328e-22
1.149465509508922011e-22
-1.506590871840867233e-22
5.819334614783185449e-23
-1.510201028551140688e-22
-3.048057336096368979e-22
-7.698122838231707199e-23
-7.019661967867217937e-23
1.067615971497756506e-22
-8.155245080853503664e-23
1.875530272965971890e-22
-2.269679571780415276e-22
2.376293122225365340e-22
2.311277485662353317e-23
9.609574533083078407e-23
-1.423720177582381472e-23
2.852004511678996340e-22
-2.243330952275961076e-22
3.810040718616092363e-23
-1.717313646039045495e-22
-1.403561032564699692e-22
1.536813080210084008e-22
-2.205275193168674665e-23
6.153218154047026721e-24
7.396096295221223548e-23
5.891194339975626408e-24
-7.012921765694167663e-23
3.072379127921538804e-24
1.748006626666723080e-22
1.852630659278935563e-22
-1.351442525954265513e-22
3.580818934620785235e-23
4.438234361936523229e-23
-2.162289437376235029e-22
5.744572628094650402e-23
8.826457916523180659e-24
1.718444588117952023e-22
1.479354707245369950e-22
-9.975953932549804575e-23
1.255533814806141020e-22
-9.946673484676845712e-24
-1.849925229628764429e-22
-4.797058475517273024e-23
-1.340487298993677523e-22
-8.296374523148752276e-23
-1.259207491451077155e-22
-9.433836197690538532e-23
8.012742044722569177e-23
7.769611598377234255e-23
3.170088798074485862e-23
1.030929575869325595e-22
-5.990968455250457252e-23
3.497403637349613550e-24
1.297615497601920569e-22
-2.844913081242951150e-22
9.157281839553816119e-23
2.719072926090455235e-22
-2.385512830399466187e-22
2.046780909544912281e-22
1.137072542259812312e-22
-4.281431846233129618e-23
-5.257439073166262569e-23
-1.873505747880481398e-23
-1.098587457754412095e-22
6.194353128071640210e-23
-1.102028926910509060e-22
2.102348614810572632e-22
3.455099373357006963e-23
-8.198541791399079199e-23
1.700677022321549029e-22
-1.738872337883561504e-22
-1.839284780356545130e-22
-7.107918052874130039e-23
1.295190641580934349e-23
-1.270235073303403161e-23
7.533178767251283074e-24
3.151646009852703817e-23
-1.369509181753207389e-22
-1.321852497523822001e-23
2.132223198605494249e-22
-2.520723725760325780e-22
9.005338783833362489e-23
-2.545065248983066963e-22
2.064786526539222984e-22
-8.243443984341878484e-23
2.814820748800092993e-24
-3.103764220998882285e-23
3.601944555678659867e-22
-2.110215467418182845e-22
2.554797029551871957e-22
6.353885934854174754e-23
3.083859516188619529e-23
1.602276866809208457e-22
-6.370083037642614473e-23
-4.682447858926220301e-23
-1.395632972016414377e-22
2.565900294510045006e-23
1.374132516486543154e-23
3.677710994604138516e-23
9.370165778851652646e-23
-1.629822720648568571e-23
1.271654686577332564e-22
3.522633978437542886e-23
-1.070290774543919266e-22
-2.112556357637572069e-22
6.404409285395573961e-24
1.196782044659165743e-22
-1.082503704499114426e-22
1.171889947170048397e-22
-4.247895731606872135e-23
-2.793916154526217764e-22
1.919608196240285743e-22
-1.153871310851424396e-22
-7.752739956696700459e-23
-1.008672427034568947e-22
1.481491824972612054e-22
6.215798822720861718e-23
1.994703692417330396e-23
-1.148118937316399610e-22
5.324698877583337355e-23
2.377032800051841257e-22
-7.820106545542876277e-23
-9.100736967345635774e-23
-4.123216548214636804e-23
-1.957028972035230605e-22
-9.883851892305577261e-23
3.841266832008820657e-23
3.085492458296374125e-22
6.630296833111909837e-23
9.332319692257197489e-23
1.756379666868014572e-23
1.516164278559878824e-22
-3.239497069769377782e-23
-2.455420613006167100e-23
-3.042833988945781403e-22
1.899661105776857036e-22
-1.890367847137791264e-23
-2.920406962230513289e-23
-5.328361294385415014e-23
2.363350563132184063e-23
9.790050411125223037e-23
1.010102488707037396e-23
-9.122591554526352832e-23
-1.321377355849957527e-22
-2.807128611873292339e-22
5.775411855620816624e-23
-1.820991061399646933e-22
1.060545692760902571e-22
-4.639006019666763820e-24
8.014807542667788600e-23
-1.695175133555185922e-22
-2.265293845404602502e-23
9.105616311738371141e-23
9.738946908759738664e-23
-1.102211980995371919e-23
-8.898593099312473172e-24
1.340820458468917038e-22
-1.027323009336963427e-22
8.549374591871888242e-23
2.388744624903232968e-22
-4.301997179688927305e-23
2.058674005794389017e-22
-2.761563795502207368e-23
-1.660482046672816761e-23
-2.084246363150370469e-22
2.733574401667938887e-22
-1.761399840472641645e-22
1.436643459491933414e-22
-2.637754917136603545e-22
9.592759372123201128e-23
-1.089419052782878357e-22
5.755491658360406356e-23
2.257463004371464284e-22
-6.661760058648981322e-23
1.759025736142114697e-22
4.483932465964698637e-24
-6.584336454929833485e-23
3.783955047498133514e-23
1.929204089091552838e-22
-2.427262552902443831e-22
7.411993361270045427e-23
-9.417857789514582481e-23
-6.920566937081370002e-23
-1.457954139425266942e-22
-7.327676978537855889e-23
-5.258472845042685809e-23
-9.042253910938989348e-23
-1.436706208652093338e-23
1.902777127552968748e-22
9.500568740132437020e-24
5.781156482070420988e-23
5.161010946319249200e-23
-6.910917226089796580e-23
6.613605809179944482e-23
4.428133824837662141e-23
-1.482986654564338926e-23
-8.256603528282683427e-23
-1.285809174168573857e-22
1.406924465004149715e-22
-1.261561552840597570e-22
7.918586241120255271e-23
-3.630308449497291772e-22
-1.034703612566182301e-22
8.196435374645028183e-23
1.480676199928673634e-22
-4.387413197488973705e-23
-1.252605545524056494e-22
-7.383668923188331443e-23
2.720721501292586760e-22
3.985868911998386683e-23
-6.058150677815317716e-23
-7.460893494063313905e-23
5.839935265004616167e-23
-1.277681542084524015e-22
1.060048248306039094e-22
1.088838160462756561e-23
2.298114888694739138e-22
-2.042937713143418315e-22
-1.099319660872313438e-23
-5.220930299309013481e-23
2.706645733160807978e-22
4.292907242692996322e-23
-4.546717208104658120e-23
-8.423100030645394067e-23
1.289874552695663669e-22
1.224813955369221448e-22
1.906918058620965781e-22
2.345274718643459956e-22
-8.770779057857150938e-23
-1.831303912471098396e-22
-7.047691861499277004e-23
-7.247457117071521651e-23
1.057491876800899920e-22
8.875709712328417087e-23
-2.051957098668415226e-22
6.075406825573879350e-23
-1.792684106857554215e-22
-3.609149097130819809e-23
-5.545052712407367225e-23
-6.078358451566848184e-23
1.374423998428728201e-22
1.584222844819154242e-23
-1.684891233631329742e-22
1.212092649837925887e-22
3.587633922314192232e-23
2.066456045082867577e-23
-9.608091829079141510e-23
5.462718592545663483e-23
-3.975714127963967254e-23
7.771958686174240100e-23
1.385521780107393108e-22
-7.162994381104538814e-23
7.539090192072100094e-23
8.489475509732693784e-23
-1.441477521252917074e-24
-2.756525484110655726e-22
-2.606981666118207284e-23
2.384058435535921034e-23
9.187533293304518771e-23
1.723569577930383854e-22
-6.337833046409710730e-23
-3.552920683737894913e-22
3.070449967243597351e-22
-1.850747108608642628e-22
7.937565752269496070e-23
-8.594483488555830665e-23
-9.911022309208864332e-23
1.517090626165258325e-22
-9.945929671635334787e-23
-9.675627771716298184e-23
-1.660701258701920318e-22
3.510489861693768935e-23
6.564880568019896091e-23
-1.154622366619159753e-23
-2.827536415614694997e-23
-1.986970491660844889e-22
8.240553989099203781e-23
2.600121455613958385e-23
-5.066476843190764110e-23
-9.209632537384387300e-23
5.992629114048428098e-23
1.961450618572508342e-22
-7.175174653664412570e-23
8.244323697584840472e-23
2.049273289804205856e-22
2.004931432536123624e-23
2.429995588816176258e-24
1.864103733103406752e-23
-8.849597447052972839e-25
-1.633443228872335108e-23
-1.550255453697489938e-22
2.169059437935532322e-22
-4.996662568138198651e-23
-6.961526548815309568e-23
1.393273687491512831e-22
1.707901274782484686e-22
3.979673598028613424e-23
2.627116208467433413e-22
-1.446659187338301482e-22
1.554286036826267881e-22
-1.455338766134502994e-22
9.806360839080104188e-23
-2.666605280751465770e-23
6.299209666510155653e-23
-1.022359724873732205e-22
-2.010814025748930466e-22
6.163132487252278706e-23
-8.746485164245864542e-24
1.372081030659624319e-23
-3.687312138999295733e-23
-1.546549973531335572e-22
2.047984505759770273e-22
-8.507405221259213025e-23
-3.662638231167979404e-23
9.604175106276481382e-23
9.735859316844753220e-23
-1.564439591164873841e-22
-1.468419463772041703e-22
-6.806231688174236590e-23
-2.470986988437398368e-22
-1.545023751328318907e-23
-3.508278636924540670e-23
-2.164300644219430784e-22
1.379614266924744013e-22
1.080277041587636431e-22
6.660562149063127558e-23
7.976527822216483365e-23
-4.499871306477790957e-23
4.690532732763077098e-23
-7.107078422009343024e-23
-8.934069074058478112e-24
-9.054723398199799006e-23
-1.736098846593933333e-22
1.247087921843357717e-22
-2.166164539582334270e-22
2.022388930890037145e-22
-1.075441664013934376e-22
4.326161284868226388e-23
1.356854906060297370e-22
4.242549394271425395e-23
1.525873005396678061e-22
1.567474790199006008e-22
1.545558722321184064e-23
-2.637753701108885141e-23
-1.669420006237314409e-22
-1.785457377593072296e-22
-1.182741972161018022e-22
8.705634612611983062e-23
2.015089533066376533e-23
1.049202840817882252e-23
-4.381346432330453317e-24
1.546685817083989184e-22
3.195171603948042293e-22
1.858921748876649873e-22
6.711183161426182429e-23
-3.738397614323278348e-23
-1.701036267886905762e-22
-1.381728666372123571e-22
-1.352002538751895123e-23
2.149171189007922636e-22
-1.500512083915997419e-22
3.595757357712279878e-23
1.265375695815703277e-22
-1.236910819485917323e-22
1.711084165173996404e-22
-1.323281943994657072e-22
2.602695655787778147e-22
-1.922083286235830780e-22
9.432924151604967170e-23
4.398928927764347190e-23
7.147487487176263068e-23
-5.309556999964757312e-23
1.670292387097291711e-23
-2.781422266701983292e-22
4.204685826359925144e-23
-1.232254373484557677e-23
-8.085954358234356516e-23
-4.353041759792072241e-23
2.959689338714048580e-23
-1.868488392663423207e-22
1.478077331197915480e-22
2.619881804488116662e-22
-1.246531268339139176e-22
-2.347365785329363087e-22
-1.509308641343253206e-22
-1.759481239248184054e-22
5.461406676999399159e-23
-8.694241689362540807e-23
1.850155133938306323e-22
-5.923459196127890417e-23
-2.041247585018921919e-22
-8.718442937657268309e-23
1.009259221803290633e-22
3.257190555268972518e-23
-2.326503461933691494e-23
-2.170716095414568895e-22
2.176189150403979111e-22
1.746603268055784795e-22
-6.064059520335026538e-23
4.086819374008488131e-23
1.495324194137568781e-22
-2.488622929043366248e-22
-2.123265103115971335e-23
1.896944665625009949e-22
-5.309645639208281229e-23
1.512901177808976660e-22
-3.077429933980180463e-23
-1.014942416481580625e-22
-4.072726778294412290e-23
2.338024962007007098e-23
1.040811062077352841e-22
1.546720291540811819e-22
-1.445022742554112651e-22
-3.918245006135231423e-23
2.243899264343460394e-22
5.104804018042025814e-23
7.235132818791407777e-23
-9.383516449738171795e-23
1.033022663547628018e-22
1.505999127791776660e-22
1.539170134992799659e-22
4.589580279433131100e-23
1.505688337112426262e-22
-1.301448178107219798e-22
-1.513252768785685827e-23
8.289932076838131221e-23
4.525226749701184428e-23
-3.071791556989555561e-23
-1.415687176097389976e-22
1.484202508507451786e-22
-3.993159027438326501e-23
-1.222898251321201062e-22
-8.432846944045359355e-23
-1.010560370015448422e-22
-1.940216221475241812e-22
-4.123013981550546287e-23
-1.938956497804024503e-22
2.927995502882666334e-23
-2.545817830645097251e-22
-9.700370923984486772e-24
-1.304774208078067865e-23
-2.830331077159147432e-24
1.766949177999236255e-22
4.696022676367769501e-23
2.726947693431433885e-23
-1.718040367777160876e-22
1.383301761551430970e-22
1.430333640703292203e-22
-3.618282370609152263e-23
6.710455933758327704e-23
-2.486066320117589352e-22
2.575882940247180728e-22
-2.347543168634057286e-22
6.133080780821901331e-23
2.643531055644683543e-24
-1.535335864436360443e-22
-1.079846949231654895e-22
1.189937756770573503e-22
1.113843134104874701e-22
1.040545220758362199e-22
-1.684031648835048716e-22
-1.735684623203788086e-22
5.389148028149608833e-23
-1.420177644808775609e-22
2.038792917713154678e-23
9.750279928670815061e-23
5.431787331836630408e-23
3.894451829992251540e-23
1.061697852606268087e-22
8.920527534301413313e-24
1.934577787403234010e-22
1.168146401549815273e-22
-4.319999267055129483e-23
6.652697271130892505e-23
-1.214739429490541089e-22
1.315548045719630162e-22
1.729137571333255811e-22
-8.667831575878923173e-24
7.349907134993930942e-23
1.085458010288892513e-22
-1.212254078664309368e-22
1.152829988046132847e-22
2.042360847226692610e-22
1.275955938033750180e-23
1.051891262015419387e-22
-1.778982857641015522e-22
-1.821786654981141506e-22
-3.589929645934217431e-22
1.285449664532825427e-22
-1.224061528551195558e-22
-2.193492338951283934e-22
4.615615828381219881e-23
-5.893439705025832263e-23
-1.385834290026381145e-22
7.595939978272910880e-23
8.842977288859414135e-23
-1.440099469735836406e-22
2.769575957024779161e-22
-3.495684516773912617e-23
4.061148936288678969e-23
-1.926474247590476688e-22
-3.769517797491745051e-23
-1.228408441229643906e-22
5.990851375711621034e-23
-2.473724298013475979e-22
1.201281790153605180e-22
1.045843673213733134e-22
5.434781315245400775e-23
1.825255849885239137e-22
6.804078951266355029e-24
1.858377427226138740e-22
1.567059648121861994e-22
-2.154669644532532280e-22
2.075100018181421772e-22
5.834019244050328725e-25
8.594134847744942089e-23
-2.366401618321793759e-22
4.462365656087070434e-23
-2.122009558710361434e-22
2.932507640147086904e-23
1.201257122211078642e-22
-2.523047703100913331e-22
5.305064081677868773e-24
3.155823975480489979e-23
-1.127818915453823137e-22
-2.467029225875275992e-22
-9.606088745310191569e-23
7.685615483704639240e-23
3.658404355574645305e-22
-1.628168380272871365e-22
-4.025155153083331383e-23
2.693483360285201887e-22
-6.821851692391965984e-23
-7.954872686864589894e-23
1.415245131891600880e-22
-1.083708031981654642e-22
4.643232896310698718e-23
-1.162383449317791484e-23
-8.253490890610427873e-23
6.067935713891102448e-23
2.199857045385036475e-22
1.143401833563072358e-23
2.732146741687359779e-22
-4.359191217006514345e-23
-8.992058533234151284e-23
1.303492012408759345e-22
-1.386374135700521648e-22
-1.175955277549976932e-22
5.783846642752130035e-23
3.525061996958160391e-23
-1.853640540907181092e-22
-3.707389100495135203e-23
-1.484607420383729445e-22
4.144365251551046971e-23
2.158046722061443547e-22
-3.464652788228138700e-23
1.063487936341931553e-23
1.750939691180935456e-22
8.609134527717253724e-23
-8.257274871176856598e-23
8.156748470104356207e-24
-7.082213275881707569e-23
-1.510724627651671796e-22
-7.012069875871072152e-23
9.851631661152986915e-23
-1.875834412995054636e-23
9.416819637597458671e-23
-8.139281361894027529e-23
1.109516551321334154e-22
2.282353261381362602e-23
-1.708760779107410796e-22
-1.023680437592064676e-22
1.546166590271378200e-22
-1.989086036644200839e-22
-9.567847971099057160e-23
5.423524366320220671e-23
1.103379395519296803e-22
-3.038773745981700079e-22
-7.930676558393773823e-23
3.119694715857448405e-22
1.009095341168932648e-22
-5.544523163329483131e-23
-2.585809054788566335e-24
2.417893152935975515e-23
9.447683985003128924e-23
5.938559582258535440e-23
-1.444707119551158067e-22
-1.060424778054584334e-22
9.359592413449374406e-23
-9.873781276785622921e-23
1.242087003427549353e-23
-9.938081612460871364e-24
9.850563600723858530e-23
-1.283433046537348286e-22
2.272751136884951482e-23
8.598476383873803119e-23
9.248458691243100924e-23
1.462368589191219502e-22
-3.797441349401505568e-23
-8.917825406973736548e-23
8.488407526590546321e-23
-2.580085559364068455e-23
2.479201542684287850e-22
-2.294477699715411620e-22
4.388805828991432084e-24
1.046148825247456015e-22
8.659874461053481449e-24
-2.020071498808041489e-22
-7.132382600435743200e-23
-2.605697057542785498e-22
-1.214198303605587161e-23
1.726205272376619977e-22
-2.670307276728436406e-22
-2.662459788964497716e-23
5.095726171956379805e-24
1.017306226088924300e-22
1.011441298137971466e-22
2.962600473755662766e-22
-1.547985257651383426e-22
1.276056653997599705e-22
1.123533356664875302e-22
1.429378025611736100e-22
-9.212728366601630170e-24
1.235891811154939996e-22
9.999492124440803634e-27
-9.337572717215254491e-23
2.277193096196814880e-22
7.512741059392766160e-23
-1.574704479681788495e-22
1.161552194048249644e-22
-1.471151936843372941e-22
-1.641864224466596085e-22
-1.507291941979406112e-22
-1.377518491828710738e-22
2.939366477888687163e-23
-1.643171893621709569e-22
2.333800505883341566e-22
8.116333493572328998e-23
-2.000908053225886210e-22
4.661349046927496005e-23
9.790782649520743225e-23
-2.730984117994232597e-22
-7.080632367110723885e-23
-1.625990102613524832e-22
2.281491264369069482e-22
-6.454796751780726120e-23
3.380324543123741855e-23
-1.599884274645019467e-22
-1.481135961940427213e-23
1.313878529577905444e-22
8.764079830547933204e-23
-8.785854417364756223e-23
-2.912089297054493730e-23
1.469802741499347755e-22
1.160651507112733383e-22
1.000271482149369322e-22
-1.577876014552073285e-22
4.603149630353464900e-24
-3.147381341597630314e-23
-8.055257099792190535e-23
-3.437414230649879225e-23
1.053775235208749236e-22
-1.609281576741187633e-23
6.066538653215556912e-23
-9.443349836082223291e-23
1.935988485277020729e-22
-8.358771541259600212e-23
2.151621895087849712e-22
-8.813302714764556856e-24
9.012667684488601654e-23
1.241807415915681115e-22
-2.288969386852258251e-22
1.789782053126696157e-23
-1.632429719605268180e-22
6.011544349094715017e-23
4.644756861298512756e-23
-3.622520739712751721e-23
2.383292319836947510e-23
1.101441597981441293e-22
-7.002017026697926505e-23
-4.281910977926988680e-24
-3.187157347174297624e-23
1.868122296999542322e-22
-9.917388729686625200e-23
-9.230084174829466369e-24
-1.170783017745006530e-22
1.360758184154551249e-22
-1.986909741094610574e-22
1.397919261613807820e-22
-1.027816466711947578e-22
-2.175095514762851034e-22
5.953803908565512257e-23
2.184527213650338568e-22
-1.387155271162132909e-22
-5.235202842612903245e-23
-1.162136086775962108e-22
1.998396697474161373e-22
9.927822429833092397e-23
-9.250702948478355886e-23
7.238290648148860386e-23
7.924802232662971459e-23
-2.257254523166970009e-22
1.354536879070869067e-22
9.872323356069615719e-23
8.080672241539752672e-23
-1.160080451702428128e-22
-2.376339531302550081e-22
-8.586919010411208910e-23
6.232189268197132470e-23
-1.646906276230635896e-22
1.623150551963983419e-23
1.072430401056161442e-22
-1.051640265253162222e-22
3.402327059758488177e-23
2.794862580843937911e-22
-2.512636656836080239e-23
-4.982850408522994110e-23
1.150932592930448081e-22
-2.495529163636393684e-23
5.203177462944764355e-23
1.099216805942906850e-22
7.021958189117727643e-23
2.437653735318816123e-23
4.705586514441702177e-23
-4.722214685246695574e-23
-6.559476298058986627e-23
-6.341991969344501562e-23
-5.878186621538898800e-23
-2.341874736698048345e-22
4.132415547121256044e-22
-2.395482969204415826e-22
-8.269846513099830331e-25
4.107127107163754917e-23
-1.318394763959469918e-23
-8.807689058251726074e-23
6.814885250633202805e-23
-1.972195080800890907e-22
-2.102222403372505909e-22
5.910755482478161469e-23
-2.938738868226145877e-22
6.286505414169791459e-23
-1.201656045663919968e-23
1.294951205226270076e-22
1.745567400742985783e-22
2.739057679137589015e-23
-5.097419067436081940e-23
7.731375785266209957e-23
1.146360930496398177e-23
-9.412827014396905752e-23
7.401453023069884337e-23
7.420956654551975171e-23
1.076722223526450412e-22
2.063863413792611748e-22
4.318114759170067686e-23
4.078653400349347531e-23
-8.467160292431720104e-23
-2.085934013625773175e-23
3.529791412341328673e-23
5.519350992687435873e-23
-5.871566174932473782e-23
1.702897491381409640e-22
1.930867431068644194e-22
1.352238395760839072e-22
-4.583190738985506416e-23
-3.409082557385929860e-22
3.879453319722983884e-23
-1.305660372518634312e-22
1.532112698386786477e-22
8.720328402210611644e-23
1.567835265382434656e-22
-2.451815921880599397e-22
-9.980993319140097165e-23
-1.908181017521630803e-22
-5.381650290227759997e-23
-2.196436750122019177e-22
-2.267143847498715313e-23
-6.567982228932673338e-23
4.546767828235241619e-23
-1.035962118894925745e-22
-8.413863155681876838e-23
6.640559490718318757e-23
4.335114700046229634e-23
1.105683780318370533e-22
3.437621499173105369e-23
-2.785726903685391519e-23
4.827828980781554212e-23
-6.331061388714083564e-23
4.245170282379751065e-23
1.748686348882429837e-23
-1.152815121794818051e-22
-9.258273520220518891e-23
2.818808871760387633e-22
1.284075952469911607e-23
-1.918815172541478871e-22
-3.017280490445560559e-23
-1.112305744375501776e-22
-1.267646367157140615e-22
9.364873429646253997e-23
1.161078193926800286e-25
-2.240602497952018408e-25
1.000374240850248831e-22
9.368254218936392238e-23
1.766583641846971451e-22
3.676848615760384379e-23
1.947585235244439807e-22
6.095232095368920527e-23
2.167814356925269460e-23
4.226633882755556855e-23
3.043251344904834659e-23
1.278208506618532627e-22
-3.104546498141410355e-23
-1.409436120087806329e-23
-1.002040866574959526e-22
-1.148556509482865806e-22
7.606099095990496274e-23
4.755549722746304007e-23
-1.893996281074739133e-22
1.243473998182214846e-23
-6.491264303773003113e-23
-5.322406091776695569e-23
-2.425196481972363147e-23
-1.098874687408798003e-22
2.100317288785095327e-22
2.465562661639699869e-23
-6.155639925950880525e-24
-9.427551510284238467e-23
1.344192374927629660e-22
3.367369160398053714e-24
1.340755481455170989e-22
5.503797521704302383e-23
1.653805889496876677e-22
3.804709088436328370e-25
1.640453442464638697e-23
-1.153385339331615550e-22
-2.091855083194049832e-22
5.244634265172416776e-23
-4.872945511841430678e-23
-2.643315162575211540e-22
-1.706541218040764865e-22
1.147977684545418951e-22
1.031286782889866514e-22
-3.627164398556928783e-22
1.144716315019856409e-22
-2.328908743120163507e-23
-7.123338903604865658e-23
8.504431316745899464e-23
7.167177478717862757e-23
-2.224211548988678989e-22
-2.823961044118293380e-23
-5.826745833703883571e-23
-1.812409953152517937e-23
3.851984847408903326e-23
1.028331883460750991e-23
2.276083823447562548e-23
-3.781867395932144340e-23
-4.546893129991426083e-23
1.761480745225587826e-23
1.556179249097917326e-23
1.300435888035670739e-22
-3.687464019590636535e-23
1.452075188269841603e-22
-7.930294279264059695e-24
2.067019912429325761e-22
1.402220493055135081e-22
2.619803291811071344e-23
-1.761968852090367071e-22
2.487056360735567874e-22
1.814105430339525183e-22
5.379569338154404626e-23
-1.892826989259822241e-22
-3.820847047683316598e-23
1.646162264603177978e-22
-2.778417669120901495e-23
2.086267614482672983e-22
1.136869479509570262e-22
-1.903112799816604491e-22
1.321272636653580539e-23
8.988703556271646349e-23
-1.655564284007248886e-22
-5.515721415288302054e-23
1.043799398463081175e-22
-6.814691515727426400e-23
-4.416583269925780960e-23
2.938678495983846372e-23
-5.788044658603399524e-25
-4.366546070414431558e-23
5.423276294739256228e-23
-7.559771881283882044e-23
-6.010786111722287349e-23
-5.127389197204520058e-23
-5.250563896129142799e-23
9.837634222233550167e-24
-2.524773244784204443e-22
9.100031270167253935e-23
-1.317882957549708391e-22
-8.253667979608649168e-23
-9.675825215382178204e-23
-1.488175752467116527e-22
1.737697221525215652e-22
-1.761814988215900708e-22
1.100612566325340627e-22
-1.045579711127021808e-22
7.406802727193012632e-23
-1.474418237512039439e-23
-7.062405058503641464e-23
1.489757122939931846e-22
1.757932983819835022e-22
-1.801331600619267951e-22
5.441216425433354680e-23
-2.244729611814729889e-22
8.182966412970189249e-23
1.305220170851278204e-22
1.699430939174875380e-24
6.339355707523720155e-23
1.596121797937527341e-22
-1.064970953716747362e-22
2.230036557997992875e-22
-1.095474287015184893e-23
-1.767336951105123278e-22
6.784919858068701483e-23
9.016822377166795222e-26
6.284959063280105021e-23
6.238557197632438938e-23
6.413998031522922079e-23
1.848992249382599623e-22
1.119176224770510639e-22
-1.435813448566211300e-22
1.275651892846684820e-22
-1.224756624466437136e-23
-9.096011459086508124e-23
-5.139978792268982369e-23
2.223929699789116899e-22
-9.421472502495616214e-23
-1.196797677573063383e-22
1.035228955860574909e-22
-2.561617676372502221e-23
-1.016835413723913735e-22
-7.522391309953040897e-23
1.475796002731781808e-22
-9.378875022519302830e-23
3.770337357350387376e-23
-1.617591312530993810e-22
-2.344925251749429595e-23
1.409692303894255090e-22
-4.914909166341493888e-23
-2.910407269831322381e-23
2.661937039263253486e-23
-4.316755694743751850e-23
-2.346454289020277920e-22
1.192185398962830682e-22
-4.276542058867007312e-23
-9.847170836778232640e-23
1.229372550573920284e-22
-6.143041747851925338e-23
1.060476144323910599e-22
-7.134027502606604285e-23
-1.496731001162823617e-22
-3.088275106984110802e-22
-9.614221979247571069e-23
5.386543882036090445e-23
6.330971998568882572e-23
1.585753289334713284e-24
9.287323273535674119e-23
-8.905234351572921529e-23
3.569975998045781396e-22
2.432938204543492648e-23
1.517779306153677143e-22
1.910206599949042993e-22
-1.465919721032838782e-23
-1.311171453968397339e-22
9.488600736475397075e-23
9.523731523524086829e-23
-1.442919271248106884e-22
7.240502118313888485e-23
-2.562539123783636666e-23
3.562956266790200143e-24
-5.026022802266579642e-23
1.776536211802611337e-22
-2.347725128093031855e-22
-1.718003298201424996e-22
-1.247205879029595010e-22
-6.151161897982994550e-23
9.822059980187750234e-23
-7.035807545010757949e-23
4.960948642633848325e-23
3.515843239141177623e-24
-9.123655612234977287e-24
1.737093625951271496e-24
4.606723356975834093e-22
-1.013643257434474098e-23
1.433376624201108130e-22
-1.040276221662165752e-22
4.198906028676212783e-23
-1.541314946463656896e-22
1.038947501516978180e-22
-1.457638854826518729e-22
1.685708980202180685e-22
-1.416224009731427448e-22
8.088361196137533228e-23
-8.050107143175430656e-23
-9.762261664178826543e-23
-2.550627844887344152e-22
2.469429909581137723e-23
2.502314181782170582e-22
-1.750780420639622124e-22
4.270619363197224171e-23
9.777948871295796711e-23
1.022547133148955284e-22
-1.013335634469064312e-22
3.771349459281679098e-23
-1.516683361607194760e-22
2.454251735843887419e-22
-1.719666510967998165e-22
1.300210409007261645e-22
-2.201997146284621671e-22
-1.121131212891148005e-23
9.003204098586014449e-23
-2.445148508540281778e-23
9.267066132647173245e-23
-8.344377871197213507e-23
-1.416723994668142578e-22
-1.419035998854756898e-22
-2.447481327808285859e-23
-1.019885283836572753e-22
-1.254778193948790218e-22
6.932392762077212257e-23
-1.818783646151120812e-24
2.878725707052533338e-22
1.044877511405614683e-22
-5.468773255845715969e-23
1.396178074641999607e-22
-7.188584773441184385e-23
1.509488649158123236e-22
-1.899311727440069510e-23
2.481374742779944104e-22
-7.917188726869607986e-23
1.717905650441458050e-22
-1.021220150082129981e-22
1.845819574848524701e-22
-4.915117413810351022e-23
1.431898373883633899e-22
2.027968819756420734e-22
-2.721138895176602031e-23
-2.449284621628580260e-22
-2.667297393556139893e-23
-1.976401810551281148e-22
-8.303303381333817757e-23
-3.076072114976998111e-22
-1.733760044197841298e-22
9.300264382936960093e-23
4.826207580581134805e-23
-3.249931691636511372e-23
-3.410240963392686435e-23
-1.529095781673664513e-22
-6.395998039750916135e-23
-3.196630491314841825e-23
9.497554061659250235e-23
1.049713863578271721e-22
1.721343176122510739e-23
1.721944854192519726e-22
-3.171990101833222088e-22
2.289845132661511417e-22
3.938283890864519512e-23
-5.541523373245264139e-23
-7.341815569493032884e-24
5.106278798427483161e-23
5.745555432564995766e-23
-8.535611947399118085e-23
2.208080838313011100e-22
-1.011836518593518276e-22
7.939973348918547087e-23
1.839138331315090747e-23
6.364120164338345275e-24
-1.309624779670414563e-22
3.288065457672722922e-22
-2.547713095789454503e-22
6.980426069694573421e-23
1.057750766531677972e-22
-2.609770593895390863e-22
2.045906158305089739e-22
2.932517622949972454e-23
2.789949691371766288e-22
-1.509643488857739413e-22
1.707513929375134372e-22
-1.700012492544161713e-22
-4.226200476767770054e-23
3.768305072355686268e-23
6.461561813220312428e-23
-1.684694829832202977e-22
-2.567790421562693715e-23
1.973170779339788693e-22
-2.478195334265332447e-22
-2.081193002985051284e-23
9.936038730077191714e-23
-4.461707988624146632e-23
5.465557214043539762e-24
2.721561138484446963e-23
9.207268483973899222e-23
-2.083168675162807823e-22
7.475441818773587867e-23
-1.729025157691864374e-22
-5.753817815939760633e-23
7.195226745607993500e-23
-2.106264575669751920e-22
-2.915993780471278045e-22
-3.834404377231265415e-24
1.848511867208431604e-23
-8.293091183291538969e-23
2.317354165141109063e-23
-9.604750071418253355e-24
1.703821354863873785e-22
2.138859119689777074e-22
-6.121320057385427113e-24
2.556119262095948440e-22
2.767417390094461965e-23
6.055484796262616606e-26
-1.114977460836928501e-23
-3.509015046969807052e-23
-1.689871235319086682e-23
1.734256360604275721e-22
-1.396803582739889186e-23
1.702514939835763888e-22
5.314894648162012278e-23
-1.387532360603595544e-23
-9.030953076542121933e-23
-6.818037908174735816e-23
6.203211896883585108e-23
-2.367192241638534317e-22
-2.091659632042309804e-23
-8.334070715465632212e-23
3.738131952811009029e-24
-7.923975759961986214e-23
-5.209491158284725272e-23
8.182153102638091137e-24
-1.381996110215289574e-22
-3.119246669827577738e-23
-4.023777162472227088e-24
1.887350081573479114e-22
-1.144516308607961511e-23
3.199022712062449745e-23
1.354496831863380452e-22
7.899782121455235184e-23
2.809964683175345508e-22
-1.190472710640298449e-22
2.344284592699722058e-22
5.122522618949544656e-23
4.652541679596427322e-23
-1.369918805097728163e-22
-1.109318525519599983e-22
-6.349815672410580663e-23
-7.047853824707348861e-23
-1.527697948031127182e-22
1.575961603836604869e-22
5.481684797378913327e-23
-1.234648768681053958e-22
2.633069416027177552e-23
4.688497965377012477e-23
1.517980099596419932e-22
1.151334414951730096e-22
-2.444697723335609331e-22
-7.598787617189517860e-23
-1.989317068289290183e-22
-2.908188635719969886e-22
1.670124483743920965e-22
-1.588554869263083470e-23
2.908451865421095044e-23
9.823005503962190050e-24
-7.419434780451186629e-23
3.019044062017552212e-23
1.335884785278956002e-22
-1.344970887093784983e-22
1.601145107418270758e-22
-9.701157392350076164e-23
1.278543921317202919e-22
-3.552451451211114534e-22
-3.176459287271454039e-23
-2.061938233490709217e-23
-2.217515230493521991e-22
1.008888639116285229e-22
7.093638740606730229e-23
-1.331380054021083240e-22
2.359671738201605472e-22
-1.103074530998926216e-22
3.044186259353277283e-22
4.181790069806338653e-23
-5.393215792236070603e-23
1.549669203026261858e-22
-1.629595492982063345e-22
3.259899542735013909e-22
-5.815914149034577243e-23
1.568180971057950814e-22
-6.194147935405921440e-23
3.196607024901323973e-23
1.468628411636242141e-22
-1.917502532537826553e-22
3.344960024256005011e-22
4.855247700790725202e-23
1.063777940613420732e-22
-1.029841411715711394e-22
1.505848547246188340e-23
3.850959599537764421e-23
-9.483881148784464098e-23
-9.746070245978687720e-23
1.419871540787154057e-23
-3.821490035284930512e-23
1.407394304862443008e-22
-4.584216748158767862e-23
3.677392603493801692e-23
-4.422742872412513362e-23
-2.137516401188020568e-22
1.630071248654637275e-22
-6.563455603572554452e-23
-3.712159835888780745e-22
1.117425604556798047e-22
-1.962062753872255556e-22
-2.201004949630857697e-23
-7.977907943090528873e-23
-4.175782915539821120e-23
5.879443718940670982e-23
1.802534697454484683e-22
-4.524974574763618247e-22
6.360537241218392746e-23
-2.774745179381755086e-23
8.565966515924931469e-23
-1.620417512215740930e-22
1.593837901520915403e-22
-5.317370435881761329e-23
-1.079642045211230822e-22
1.339239016037348460e-22
-1.343120182221825515e-22
-2.116009645615986249e-24
8.754908082100966710e-23
-6.932616980152615873e-23
1.749505130946754475e-24
-1.005923211567273936e-22
-1.001383063571579316e-23
1.653710677688008756e-22
1.955723073325651080e-22
8.189418957668656531e-23
1.698847239243119856e-22
1.657116412136296118e-23
-7.487786319718950032e-23
3.142954998677454396e-23
4.645805249557932872e-23
2.788443224725757376e-22
-7.179110948813519751e-23
2.191837280341241141e-22
-9.034967486010068844e-23
1.196461913723339879e-22
-4.053664705563701925e-23
1.435873348435263627e-23
1.148319631995455805e-22
-1.678528697012601473e-23
-9.961436240832249928e-23
-1.581203473973440582e-22
8.210560348544437852e-23
-5.313781540891187387e-23
3.879429445723663527e-23
-6.252861223879423691e-23
1.026255650493072268e-22
-7.375975032699698834e-24
1.024451202919184720e-23
3.739509253357070211e-23
2.244434443575163552e-22
-1.750898369182447809e-22
1.171012579897309089e-23
-2.813983037824982988e-22
-1.475703668818167000e-22
2.978682293791284222e-23
-1.121847149226813975e-22
-8.072058160234209612e-23
-2.004781796312422410e-22
2.537898960084691639e-23
1.959649271008624971e-23
-5.949071967591753500e-23
3.059334857362422528e-23
3.177483906939964244e-24
7.476044126023449037e-24
-1.158892881035847772e-22
1.046838298834168990e-22
-2.850285845704346410e-23
-1.478319100041924240e-22
4.443323934396982191e-23
9.444459010993572409e-23
1.167831593355646078e-22
-2.196528493258086093e-22
-1.172391885424558317e-22
-9.373218172408996529e-23
-7.482676668257275625e-23
2.261096188465068185e-22
-1.150857026638804017e-22
1.833600999903900964e-22
1.496911293342496195e-22
-1.688853331167587356e-22
3.955402728015069371e-23
7.133213596621169699e-24
7.268442252264050499e-23
2.131988890517714535e-22
4.081013497770061056e-23
5.368628567152875434e-22
-2.640263354348177782e-22
2.993743773611759503e-22
-8.741265652120202554e-23
5.010440052142857844e-23
-1.808699994901842800e-23
-1.064776757945232486e-22
4.997372222457156960e-24
1.912052298626946934e-22
-8.895574043632365330e-23
-1.119345931503712413e-22
6.952376892557320197e-23
-4.338219276283258844e-23
-9.655524515073118097e-23
1.904896136085041678e-22
2.794116335765552762e-22
-2.882206323123305594e-22
1.428352026994285796e-22
-9.407205939564214199e-23
-2.552129291388712314e-22
1.279256739529701001e-22
-2.528152158785966580e-22
-1.752767117801657414e-22
1.099289269366529764e-22
-3.862932796276844878e-22
-1.938764761586598230e-23
2.307102336554964000e-22
2.295031337987693920e-23
-1.196564312675165484e-22
-1.107529394344343254e-22
8.218117421925553347e-24
1.002174622844027136e-22
3.806496394256910332e-23
6.730490226577742416e-23
9.127416565136956327e-23
1.412295264773949553e-22
-2.224378310220910527e-22
-5.035969704966582364e-23
7.514571271895916814e-23
-1.068210960696703511e-22
-6.200539189238924495e-23
-1.484123498727717632e-22
-1.257196244085313615e-22
1.245966890285072858e-22
1.998063715858230137e-23
-2.250954012121100483e-22
3.516712719163093135e-22
-8.760445116115945707e-23
1.777708693672726159e-22
-7.644017987692585339e-23
2.056956182285508189e-22
-1.474302189896678944e-22
1.451747648272682786e-22
9.003941817829947900e-24
-2.032482062397253616e-24
-1.881555581869561509e-23
-1.812523608895765855e-22
-1.348020080577955245e-23
-1.222450944560513563e-22
3.522080581769665610e-22
-2.412913122348976193e-22
1.634407855519490719e-22
8.211727573068585712e-24
2.033089481748352063e-22
1.529927795375719020e-22
2.697456382626793960e-22
-1.393989241112143702e-22
2.975622475503713670e-22
-3.014215438014934532e-22
6.081176496896940763e-24
8.495940492510216110e-24
6.558162173316603203e-23
-5.223017118647719289e-24
-1.092147691760189016e-22
-2.429058708763570326e-22
2.401613250650728293e-22
-9.880833988635577809e-23
4.066678629597379229e-23
2.899992189772142494e-24
6.938089847009392773e-24
-4.821352847387481480e-23
-5.853174822984982337e-23
-4.939648164340930936e-23
-8.073354589847379952e-23
-2.438855118845245699e-22
-4.352242410598430956e-23
-8.273742659236796738e-23
-1.816413601475347591e-22
3.086101129958294128e-22
-1.675549715429705163e-22
1.550668604688989725e-22
-1.591498443822035105e-22
-3.305768524475606281e-23
-8.632256311274050376e-23
-8.303600420721028451e-24
1.532984274454807740e-22
6.368877293961082694e-23
-8.771685283816027166e-23
5.274809300550075603e-23
2.289942787892332239e-22
-9.089531422867359803e-23
-7.489785854056651657e-23
-3.049484576415327851e-23
-6.666440912610679770e-23
1.683601338887263908e-22
3.326420467483887325e-23
1.340987363838200295e-22
3.148760661545349648e-23
-2.286086179720266158e-22
2.967099709770046892e-22
-7.126294096578578699e-23
1.099916702959293523e-22
4.089148746348867331e-23
1.159063084988316507e-22
-1.180917741224675245e-23
-9.758171049591012152e-24
1.013655204570557422e-22
-1.365293784979014162e-22
-1.339293374117383496e-22
2.302500903937343481e-23
8.569367929858250327e-24
1.716600562639731133e-22
-1.383351960421908349e-22
7.713308762686152476e-23
-1.808966014747717423e-22
-1.198842940343363384e-22
-2.436568068243613738e-23
-2.674241397576756935e-22
-2.348589564118140449e-24
-4.685653118340350957e-23
1.210142565970868689e-22
-4.670870490258824366e-23
1.111186519686224040e-23
1.498308352722384820e-22
-1.229210031266453350e-22
1.802241536687770792e-23
1.422376096069808870e-22
-1.116972574138270197e-23
-6.511361163997281759e-24
-6.295270302775918280e-23
-7.374910403443830953e-25
1.433673155822757994e-22
2.345487208073562456e-22
1.118412796118750620e-22
-4.822366443525699646e-23
-1.667589886468411156e-24
6.025745824581847709e-23
-7.837018925756574269e-23
-2.420941302606452303e-22
9.875250590463427937e-23
1.497889643892211014e-23
-2.264089344852545188e-22
1.054831462620584734e-22
7.174700168277100351e-23
-7.603926693968914728e-23
3.055263703475393548e-23
2.644239348219419979e-22
-1.827508723030846461e-23
-3.400522934901831009e-23
8.276695438145592360e-24
-1.702702315846354335e-22
1.064733790206261876e-22
-4.389795698180726458e-22
1.674878095544955098e-22
5.720594815964866660e-23
-1.984117458238426368e-24
-8.794988126906411448e-23
3.406622333410650562e-22
-9.833238324743409731e-23
6.916019130795680339e-23
-3.208788537174606618e-22
2.652875281809102956e-23
1.562082859282081669e-23
9.553324160856500940e-23
1.754223876048250349e-23
2.185641773333451030e-22
-4.486816953021827436e-23
1.376102405293295643e-23
-4.525955481314851071e-23
-1.930972941212643462e-22
-7.360265287630987600e-23
-1.743245535675453882e-22
1.153449680444080442e-23
2.112520746365566501e-22
-2.975246390901040932e-22
-8.550670937636143758e-23
-7.253388753294362913e-23
-1.243871836047342702e-22
-5.788554159627201565e-23
2.169706858577832445e-22
-2.152964372608143376e-22
2.859396007279443433e-23
4.226060161390561885e-23
3.279396348134243330e-22
1.487417669458845649e-22
2.248842802661710671e-22
-1.175546263515807782e-22
1.425670933351978872e-22
4.994979202984360723e-24
1.231566909305294835e-22
6.782292982073533374e-24
-4.038557451122550107e-23
7.495930837856001542e-23
-1.136786404535209548e-22
1.494031236262573915e-22
-8.822230900953448260e-23
-1.054777160768135197e-22
4.306227283274062055e-23
2.569850850080095854e-22
2.052994048810523479e-23
1.875330357201504771e-22
-6.661096743707383884e-23
1.702990970003943939e-22
-1.136928853995902474e-22
-2.124314450053583777e-23
9.925712403418856181e-23
-7.819846835227764553e-23
-1.469657516688845712e-22
-1.448089666626034825e-22
1.957366524606014643e-23
2.696504202979516613e-23
-8.147351748605904543e-23
-1.140598133834544536e-22
9.628430765675731093e-23
-7.395398721544166249e-23
-1.485867583737723131e-22
-4.199857196172387396e-22
-7.911337893827729634e-23
-1.310343592467367132e-22
1.685119799630067580e-22
-1.037310875433254382e-22
-1.400821361254869516e-23
-1.114626539478193317e-22
-1.885816332702776623e-22
-1.103566940400443664e-22
1.898705898536927850e-22
4.500400062373842439e-23
1.264044637588070002e-22
4.647193244188495487e-24
-9.283082641652997487e-25
7.844223129877846223e-23
1.677740454414040262e-22
4.172048236385244564e-23
1.562011434304302650e-22
1.082998570300483454e-22
-6.987031854957510256e-23
-3.032283933801457385e-23
2.503441870622059829e-22
2.068192199049028165e-24
-1.272427977825843768e-22
6.998717326491152995e-24
2.078401614816643688e-22
3.599279857826349245e-24
1.216976186165522962e-22
2.260923025366186337e-22
-3.146650332450865461e-22
7.804692479559233170e-23
-2.450709194806640435e-22
1.237857276785519534e-22
-2.658554140639212655e-23
-1.036046559846588327e-23
1.160328887874525996e-22
-3.252447034232606182e-23
-7.447846931609958568e-23
-1.892088193348575008e-22
2.581904079086159712e-22
-3.653118386129013710e-23
-2.098397841765569233e-23
3.730220195648950979e-23
-1.071438366842074199e-22
2.099163076092391523e-22
6.537688253336793319e-23
-1.124621614300398683e-22
1.779331191810113681e-22
-5.245591298891906756e-23
-3.322813416751938646e-23
-1.445564635378374928e-22
-6.980489839873390361e-23
-2.800283494686461717e-23
-9.962360583446466785e-23
-1.198184566903968882e-22
-1.631456225353634959e-22
1.675946433245964168e-22
-5.430303201866738264e-23
3.490348092998676253e-23
3.850835517065746086e-23
-1.132977608619146083e-22
1.091735142749159077e-22
-4.439559328958164859e-23
-1.036565143009732012e-22
-1.053697893758742117e-22
-4.485459708246137058e-23
2.492880907335417339e-22
5.826497379377647962e-23
-1.076547333308191448e-22
-9.403248536997369828e-23
-1.461106200322570406e-22
2.420310549945187936e-23
1.575144726351136973e-23
-7.626235336791731802e-23
-1.919905089818716603e-22
-1.553463977577704016e-23
8.574286689781502197e-23
7.235172246292770836e-23
8.717489447026717404e-23
1.816654322073130642e-22
6.848359986768427126e-23
5.998034078895388048e-23
3.628370346946734783e-22
8.528203853636356363e-24
-1.199144475121569978e-22
-4.593954929488604784e-23
1.081461258193878112e-24
1.257581181418856360e-22
-3.058427129208480521e-22
1.568716421926581023e-22
2.184374391383497387e-23
2.882795849188115320e-22
-1.640428934108111080e-22
9.888629199470922391e-23
-7.616110261088951987e-23
-1.554764777743988869e-22
1.044473190653268893e-22
1.295390730825562353e-22
-1.499323966235088921e-22
4.243590996186698162e-23
1.829332469192846292e-22
-1.785950818273562602e-22
-1.567812947648738145e-23
2.409793347805352385e-23
6.568666916162870406e-23
1.857135737426193479e-22
9.867628824085478096e-23
-1.494459097859646405e-22
-1.767582831651986642e-22
5.261739249459554835e-23
-1.486264315915809591e-22
-2.675363641061515833e-22
-6.064232958389529410e-23
3.556099823120691164e-23
-1.191437122332536407e-22
1.973707359585229923e-22
-1.122544399571359997e-22
4.191562437736850957e-23
-1.388567671864680704e-22
2.297147158687097013e-24
-2.284781707706355388e-23
-6.762182561270084687e-23
-1.274195726216608667e-22
-6.144727909048197111e-23
-6.792151355740923016e-23
7.579532516253371092e-23
4.888287835751758325e-23
1.829916326753924915e-23
1.213574069393911765e-22
2.322885338783612270e-22
-8.652687191306650175e-23
5.476669068047935236e-23
1.164974606491981650e-22
-1.966866669046449595e-24
2.959078768768829312e-23
1.419377719899717823e-23
-5.002191373728230050e-23
2.733142800893917813e-23
1.260925054000445789e-22
-3.016217519368532404e-22
1.374749196595159995e-22
-4.691521555625676904e-23
1.322366020774385555e-22
-5.355580491620307857e-23
3.314440781547142761e-22
-1.467122430522420087e-23
4.394506753053308390e-23
-4.500502056936706943e-23
2.651160624200145735e-22
-7.629933807854263252e-23
7.207961444878891733e-23
-1.544997396887783457e-22
4.117876242536697833e-23
-2.239497519401193641e-22
-1.647526726634779035e-22
-4.097857294764788368e-23
-1.030522437400245683e-22
-2.403610519161250988e-23
-2.006166177306555589e-22
-5.371222011640827294e-23
4.172414410824439500e-23
6.843962915506001003e-23
4.348056762352759667e-24
1.760891689068392317e-22
-8.118012836532578159e-23
7.452740483627313883e-23
3.014609092737585274e-23
1.294313182521228404e-22
-7.223359274509249794e-23
-2.888569116583069709e-22
1.993580820472312169e-22
3.812220429599783537e-23
1.186731041676133573e-23
-6.791533541569766609e-23
-4.216152318843235508e-23
3.549654964715332945e-23
7.751300275001762022e-23
8.955771247358542782e-23
3.171614241668510244e-23
1.501210093746531793e-22
-3.511496671623917329e-22
-3.216861052615494407e-24
-8.620745614177822486e-23
-2.272549783658808503e-24
4.822734470088325198e-23
1.078704110315988029e-22
-1.814415048763931167e-22
1.793368957588443087e-22
1.716503514578657569e-22
-3.621227658969337141e-24
-1.718663987457837495e-22
2.248883853515989834e-22
-8.108318179412202378e-23
2.216464600443014483e-22
-5.007174166846479246e-23
-5.838391859980681959e-23
-9.496775667176093425e-23
9.494259762173301108e-23
-1.219966591608872972e-22
8.294425499534145490e-23
-5.431121152327508006e-23
-7.347203186088229994e-23
-1.154767780679481741e-22
-4.318351802024600730e-24
-7.724663134054275979e-23
7.372320964507282340e-23
-5.215377811692212025e-23
-1.012746073648387842e-22
-1.316812507624003744e-22
2.260490417769173875e-23
1.726220720268929311e-22
-2.878577409506807013e-22
3.408673850783237182e-22
3.622554675817466436e-23
-4.729231079245277131e-23
-3.560524705307861439e-24
-2.063390563593178569e-22
1.812590193451930014e-22
1.634652989766545315e-22
1.205006048745338396e-23
-7.016414463986825707e-23
-7.641403697382094199e-23
3.132487286338420639e-22
2.508515535438774271e-23
1.410029080112865753e-22
2.103174906110502986e-22
-1.720437047649877422e-22
1.570354823278695088e-22
-1.489403560795826644e-22
-1.036741114912809413e-22
-2.040432374320343548e-22
-1.178989989401286962e-22
1.091541200220292709e-23
-2.160401654196708331e-22
-7.145067454275024517e-23
1.594994945874281729e-22
3.105766275567043572e-23
-9.146977980751715336e-24
-6.961403293558845031e-23
-1.456387005773750817e-22
1.677617659552640381e-22
4.762499484216521061e-23
7.021256416659976157e-23
-3.184396041121552572e-24
-1.415145731091447580e-22
6.453829194103155080e-23
1.116995740952730235e-22
2.062139856971955369e-22
-5.343804427829598908e-23
-8.775041466746658258e-23
-1.468189924818706787e-22
-3.318988819297377098e-23
5.612785080260828833e-23
-1.790470211656381848e-22
7.820436635561046679e-23
2.550598957314177471e-23
2.765226554506763556e-22
6.224967987361659366e-24
-2.160829806008566188e-23
-6.960513591341759121e-23
1.977225056592396782e-22
-1.324460415693450362e-22
6.977612613145014283e-23
-7.844979121825695139e-23
-1.244287862761516850e-22
1.054749004379997030e-22
-1.969781933381233081e-22
-4.199096752322980759e-23
-3.030689983550246689e-24
-1.370871504641333612e-22
8.671388386327738486e-24
1.471239779094502647e-22
6.131592659879181859e-23
1.086915155051573925e-22
2.461815336047568116e-23
1.144174683102930245e-23
6.070201215294431742e-23
-3.468827161285789473e-23
3.955115779433915042e-23
9.450497836475334263e-23
9.818957691201315413e-23
1.848436723304962104e-22
-8.963837101066351565e-23
-3.573314597195240688e-22
5.695332112359124703e-23
1.763006525152348681e-22
1.009972788708458703e-22
-9.010705823190214989e-23
-1.918211659840640879e-22
-6.584815070772001528e-23
-8.095507383279686816e-23
-8.174118175168734332e-23
9.281230905567381269e-23
-1.882815284960673232e-22
-2.052535400735205896e-23
-2.858624300369488936e-22
6.847535359402243335e-23
1.837503782806922207e-22
-2.580752125257301941e-22
3.863159913969545882e-22
-1.763263520046855920e-22
1.819619102285015791e-22
-7.020174538726883212e-23
-1.945476807905460131e-23
-1.014643723405038651e-22
8.807571937487658802e-23
-1.992654401945388839e-24
-1.105406202962572883e-22
2.901907257787348254e-23
-3.766556452648228289e-23
1.162287042644933875e-22
2.902618323392188302e-22
1.159006090420736383e-23
1.058846298818403880e-22
-1.246687457891625122e-22
8.043985311809474508e-23
1.352225125887705008e-22
-7.014736370441560482e-23
-1.016176134063264367e-22
1.170600125749998925e-22
8.992805344508033848e-23
1.857081122151863035e-23
-4.405852704424761112e-23
8.240488103699610304e-23
-1.185084052086047956e-22
3.361874525637517285e-23
3.589981850949595285e-24
-2.176540642019027708e-22
-1.327330085197750949e-23
-1.239646802597033484e-22
1.142768023502032463e-22
9.862752664323684983e-23
8.693515833303973461e-23
-1.069389252632380912e-24
-9.540716652757884802e-23
-1.158249661001582365e-22
1.624663346450144743e-22
-4.960038653415214657e-23
-1.296230776587199644e-22
-4.822058459033525387e-23
1.231289095539972448e-22
6.957110320456271635e-23
-1.639355539679016832e-23
1.207585162605796316e-22
-1.105364941904524165e-22
-7.599698698093745940e-23
1.765625924069794361e-22
-1.290426716084543279e-22
1.057241419791107810e-22
-1.151317843042743845e-22
-2.891260032960945816e-23
-3.753157344593875317e-22
8.146530351653962743e-23
-4.060940281823741336e-23
-4.509478435010735346e-23
-1.939061138894065449e-23
-8.263564873105582154e-23
-1.313064377022199000e-23
-6.437874447429151231e-23
4.019721389644020989e-23
-3.958971259459407577e-23
1.934550620715569857e-22
-1.163814958916983315e-22
3.853070270177950349e-23
-1.681674345230751959e-22
2.935713955529858343e-22
3.826494727711879801e-23
1.412566713780044250e-22
1.216732046960923794e-22
-1.735217289033502888e-22
8.246398281349536160e-23
1.798993495132403349e-23
1.283027258897071051e-22
3.700881175589030014e-23
8.131580486359723858e-23
-4.415490634119223328e-23
1.190946084027442619e-22
6.393355062218808637e-23
-3.877909671711594439e-23
1.216957439790387155e-23
-2.671535437195366214e-22
2.533398968117035624e-23
-1.200410939975940903e-22
-7.532591482387051389e-23
2.331185968731199594e-22
7.564372117495711679e-23
-5.763158486246946099e-23
1.401892142809355464e-22
-6.075805271471482683e-23
8.614699136506498294e-23
-6.735978814197221201e-23
-1.563748860397340505e-23
2.113093220173758803e-23
4.640275595309484016e-23
-2.658419671340329968e-23
-1.144584286980181117e-22
2.425550350052172223e-23
-6.358376255394508281e-23
1.383294493384623095e-22
-5.989628544941439284e-23
3.131016799536090564e-23
-1.915357164420601907e-22
1.372749966070730552e-22
9.586684743444704045e-23
-1.946573080259128263e-22
-4.510073597703949639e-23
-1.226680709665556963e-22
-8.397647850650670190e-23
6.933885880866306751e-23
9.497777683765873468e-24
9.386553389063778711e-23
-9.489471085477923001e-23
1.094696577870512090e-22
-6.586661919716033984e-23
7.602918849093238047e-23
-2.226123346029761960e-22
-1.110207629841484208e-22
-6.830341611647403707e-23
-2.030754478372744390e-23
-4.835961454155311383e-23
1.010754246851143080e-22
4.725503701682835607e-23
-1.277694955755015911e-22
4.492800686648410805e-23
-1.695927983159332709e-22
1.234170449190716873e-22
-1.736709070400925851e-23
-1.015448962681032706e-22
1.042894425129550353e-22
2.251431798021073650e-22
-1.326040821958530531e-22
9.760775669269347483e-23
1.426901611984324753e-22
-1.488128302066532264e-22
3.077578923457854631e-22
-9.658328048069270236e-23
3.320533990316155405e-22
1.014456588941865379e-22
6.613592430912269926e-23
4.395615540845815613e-23
-1.075990196962163244e-22
-7.911407749732386377e-23
-9.718273358946470548e-23
-3.345558337984731906e-23
7.188322244853285042e-23
3.661487155276410195e-23
-1.440837398949609924e-22
2.801320608719987867e-22
-1.204866671830202387e-22
-8.887984073506335042e-24
1.568691620857339487e-22
1.443803999665598431e-22
-2.187011217867298740e-22
-1.076645914806524901e-22
-4.606945392948251655e-23
1.738163242836098694e-22
-5.064206907256278664e-24
-3.120269319702575617e-22
-1.087554648495900881e-22
1.309148945479573578e-22
-2.740370696627306339e-22
-9.530193838663529011e-23
2.228674014147187098e-22
2.265548957719749791e-23
8.171644818016737245e-23
-6.105118826959865585e-23
1.035559637320889260e-23
1.330920476806616953e-23
-2.449005807428471785e-23
-8.616170722519288507e-23
1.703473906463124798e-22
-2.459097282818037555e-22
-6.985685713393938647e-23
5.993545724004788453e-23
-1.310788092653805128e-22
9.022337924928051002e-23
1.509743161064470949e-23
3.224177469828773187e-23
-6.239183052035031245e-23
1.453997023079147791e-22
4.837225367257736485e-23
1.715529401351275397e-23
9.796465148373952586e-23
3.142090588760103194e-23
7.881107929666164872e-23
-3.602989361467880806e-22
2.145317423155194791e-23
-5.053845603375354442e-23
9.744069192887896782e-23
-1.563703267015429404e-22
-1.240403961474806137e-23
1.288805123716967777e-22
-2.328431424562468281e-22
9.551608549616598994e-23
1.003947266186186643e-22
7.483737135895022609e-23
-6.258248423779268987e-23
-1.654203377503433967e-22
2.617004737277643351e-23
-2.064495790437014708e-22
-2.810288797180329213e-23
1.446136166437305132e-22
3.075684748390318450e-22
-1.523128098927423553e-23
3.351538434044346995e-24
4.636662928514490131e-23
1.468983322830919060e-23
2.545558005919574103e-22
-5.293058878552346992e-23
-4.100322962152078346e-23
2.523697618527725039e-22
9.834342841145670812e-23
-6.773184968125758955e-23
1.695727376385363429e-22
-2.788166104392916417e-23
-2.829345718700419819e-23
-3.752377345760388221e-23
-1.069004474376179758e-22
8.509742027941294061e-23
4.998652036709269483e-24
1.666331516285000833e-23
-1.230248307438210930e-22
1.386285005218873132e-22
-1.595207767384914121e-22
9.042279959100187367e-23
-3.094762758438860098e-22
5.885454805236077073e-23
-2.858361636119800656e-24
9.673395676044129332e-23
-1.605687624736182380e-22
5.554877407179020660e-23
-7.692655714355970672e-23
-6.191108107479953317e-23
-4.607960548621822774e-23
1.314551673583625434e-22
-2.537475099276931150e-22
-5.497537643848256684e-24
1.870098012585469121e-22
-3.420299721872320206e-22
2.814294477126772912e-22
-6.340913270973636863e-23
-1.138304332892794558e-25
-1.749225085469987056e-22
-9.655734184121615626e-23
-1.426132566608686344e-22
1.571289927952482933e-22
-6.937979496673482701e-24
-3.558865686381821217e-23
-1.185542245720162137e-22
7.467468419588596336e-23
-1.475822938194107863e-23
-2.240382348672647357e-22
5.517897731391689400e-23
1.119610795776138438e-22
-7.035539496347066855e-23
-1.663596651702221254e-22
1.490027233693237600e-23
-5.850376206459056787e-23
4.671912355351533832e-22
8.248357134410704828e-23
-1.352840248466513191e-23
2.764776663098914353e-22
-1.168655320563105656e-22
1.481717683153470708e-22
-2.832531584642963000e-23
1.523689322512456424e-22
2.327724921088111242e-23
-1.570804452228041583e-23
2.254874482459946687e-22
3.981829119117074228e-22
3.664408406142507405e-23
-3.014550869540588989e-23
-2.232134306750513840e-22
1.412140257454979672e-23
-3.225125659401143728e-22
6.186689902616033025e-24
-1.295449274208652164e-23
5.268352462941558299e-23
-5.452492609703586679e-23
9.482013992000875542e-23
-1.216250261652555081e-22
-4.965786205904256824e-23
2.324791595693970225e-23
2.243833621916986765e-22
-9.774247537692256116e-23
1.122905394955384408e-22
-1.565341535730156676e-22
6.585852817055503917e-23
-6.293171285078297905e-23
-4.159038679759532143e-23
-2.667928474730658390e-22
1.394652466603604197e-22
1.089478483312567774e-22
1.112425849101453843e-22
-1.240530157424847055e-22
-3.466273643194760898e-22
-8.650520673185373300e-23
-6.667716316670036262e-23
-1.624435068712340339e-22
-1.030251380663893105e-22
3.762982409515821228e-23
-6.783931319972702652e-23
3.715377512968027094e-23
4.055511933049529436e-23
-2.005030280507057055e-22
1.010485104306345868e-22
-1.186378838506100006e-22
9.194914515988175402e-23
3.456983665207081272e-22
-9.985468403220974641e-23
1.077765850949664942e-22
6.834204594336134720e-24
-4.445117923886966065e-23
3.319853053962689414e-23
1.525125096172937381e-22
9.033923349438760255e-23
2.861190470848896249e-23
-9.533798973104016277e-23
2.056128747606603131e-23
2.097667400909796093e-22
4.713066165257002144e-23
8.823907244173615570e-23
-7.993859141054975636e-23
-2.117307098718426255e-22
1.000464837414408861e-22
-1.026588829005831414e-22
1.884748950933175001e-23
-1.265837805181856284e-22
7.148736885025292311e-23
5.693591076641603527e-23
1.287614580341235687e-22
2.400074180707336012e-22
-2.894742930544935653e-22
1.761166608573075249e-23
-4.766821546967455519e-23
-2.986505995352473121e-22
2.406030289432872000e-22
-3.174075826124806849e-23
1.918366073468435963e-22
1.420909643349441611e-23
-1.172900750005552346e-22
1.897361404482598500e-22
-1.254151400465188185e-24
7.421012279677931809e-23
1.799955493843305866e-23
2.177864136012658231e-23
-7.355716302994643955e-23
-1.377311129750119124e-22
1.614073245082554838e-22
3.455244446122758794e-23
-1.881018585742619510e-23
-1.742779025841443461e-22
-5.459626803362253807e-23
-8.219445335748151704e-23
1.777135919929685620e-23
8.504609741181921171e-23
-8.331590102118952039e-23
4.842356249257719914e-23
8.726690572162322961e-23
-1.482109571558995592e-22
-1.095038165226484274e-22
2.455227734804517735e-23
-9.345668322325963183e-23
-2.109837762123997613e-22
4.994377821030530167e-23
2.229873732727047957e-22
-7.256130140142405904e-23
-7.132357009572671464e-23
1.853601507689182682e-22
-3.506620081107752409e-23
4.742696795830083361e-23
4.807477167528399530e-23
-7.234586639167399279e-23
1.843234946837620026e-22
-8.128937866138521124e-23
1.049265043535315207e-23
-1.825933660325622458e-22
8.965629425529054341e-23
-1.867361475211629486e-22
-9.386095810598799428e-23
2.503383160764073677e-23
-8.428188823208085768e-23
4.473622444271303850e-23
8.957917001943150003e-24
6.943481664626997053e-23
6.953017826595904315e-23
-2.011064658462833198e-22
1.831787453380628244e-23
2.127460469369411591e-22
-3.726106301243196917e-23
1.527697087532385241e-22
-4.424861278146961790e-23
8.568411154706144828e-23
1.425894120368732301e-22
-1.299597698151944826e-22
-4.001450613325559810e-23
1.147005309232702975e-22
8.969294070741591412e-24
-1.074395241896322352e-23
1.042717516771793612e-22
-8.976557482550324529e-23
-2.478315295108778338e-22
3.548772829001684453e-24
-2.131034431219717173e-23
1.831991227104799707e-22
1.113687384033036528e-22
-3.449793666055190535e-23
4.748631078590580245e-23
5.053223119310177434e-23
-4.092534388395333036e-23
1.370736704202454046e-22
-7.112112048790198132e-23
5.523497830671357195e-23
1.047879133318028008e-23
5.157309895390822425e-23
2.305542716868573533e-22
1.213754031210018175e-23
8.931189596284351615e-23
-3.703954492954781678e-23
1.734561232048402544e-23
-1.813454394093334172e-22
-1.677286152757539566e-22
8.136713844669462696e-23
-1.379566427749135769e-22
-5.674287147331821224e-23
2.040824230319238374e-23
-8.284479509514025684e-23
-4.731604027237262178e-22
1.267340830318856438e-22
-3.108315870032873225e-22
1.330775346173743124e-22
-2.131704061226664144e-22
2.015775341819828048e-22
2.480792671999945505e-23
6.982162488439021863e-23
-1.050067177344690930e-22
5.840760744768752355e-23
2.037853189848724323e-22
1.978063947540468281e-22
-2.335484484990464381e-23
-2.373811079101823784e-22
-2.020915073367945777e-23
1.037838136773655150e-22
-9.391512801309727085e-23
1.487856761721282378e-22
-4.337915559281903871e-23
6.877275284235246757e-23
-6.785370107032076060e-23
-1.064733204256282146e-22
4.851512165547861040e-24
-2.153064439165568937e-22
1.144551417614671740e-22
-6.529042422258476079e-23
1.347924219674781326e-22
1.296918703306001822e-22
-4.845016686152489540e-23
1.602383554974230992e-22
-1.225027458590228724e-22
8.817580197412592463e-23
1.124093020309628566e-22
-7.972098234071630094e-23
7.638044176367678519e-23
2.101435026761729685e-22
1.388430196720713844e-22
-2.546980397715404054e-23
-1.383447988970418099e-22
-8.062348983598813684e-23
-5.143945938773189707e-23
-1.084220000548752793e-23
1.042490887725919373e-22
-1.977677319006915241e-23
-7.150351439357144743e-23
1.045960622291674767e-22
-2.094404633033612783e-23
4.042362651343021258e-23
-2.087854311330156258e-22
-6.341106895634209734e-23
2.437157265728821847e-22
-1.287919407665531160e-22
-1.236120077827202409e-23
3.763206439066078565e-22
-9.886777817702096347e-23
6.383356326111642333e-23
-1.831932772582770649e-22
3.694404108991614795e-23
-2.591498638928769601e-23
6.098723708408752392e-23
1.093033674999995406e-22
-3.254938095683730821e-22
-7.706564882890547370e-23
-8.507036150624639770e-23
-3.804006182782033410e-23
1.942706446181275554e-23
8.058870465205855000e-23
-5.315049100415393398e-23
1.308012538433217261e-22
-1.474816621585970302e-23
1.770163733154685223e-23
-1.718351682870555336e-22
-2.097999799117418176e-22
-4.872679765447879200e-23
2.958152814591665594e-22
6.197245210543006857e-24
5.542417581096196060e-23
-8.298742556127013592e-23
3.880474638977874182e-23
-1.725277613464384239e-22
-1.272201377289283625e-22
1.745215216592134839e-22
6.810093438270007247e-23
-9.673063819920099735e-24
-1.126723701992127812e-22
-3.348132603242299969e-23
4.838470414806865692e-23
-1.179681374341813433e-22
-6.545352151695619298e-23
-9.666024943673442780e-23
1.353806529784868061e-22
-5.232604810922065134e-24
1.891029090170531186e-22
-1.004564730305046312e-22
2.768358835119789511e-23
3.179072054432424709e-23
9.583785152593403642e-23
2.366383388597166502e-22
-3.125349918844838195e-22
2.058972391904656291e-22
1.556722879609570198e-22
2.041734583690637468e-22
-6.281651294826551513e-23
1.470146023469618347e-22
1.019204284174323075e-22
-8.054778593396919600e-23
-2.278983263940499622e-22
1.981803142220403097e-24
-6.079609219609781445e-23
5.807663270661598466e-23
-4.718144433266163770e-24
-5.505881838779799831e-23
-1.199859027342068002e-22
-7.874997056360731638e-23
-3.293779408876801604e-23
-3.186283202339115167e-23
1.274879110975297940e-22
8.130056697324523943e-23
2.786640928326873057e-23
2.379412293791550803e-22
6.152310142623694319e-23
8.407587540726414394e-23
-3.316534096685844793e-22
1.024053006826426608e-22
-3.982961961563961651e-23
-6.149481015530764243e-23
-1.180173336509549075e-22
-1.786972354179028677e-22
-1.539865320886139828e-22
1.128328400999164841e-22
-1.628523881199454335e-22
2.493313073633641565e-22
-8.155964850623221135e-24
9.863286447134220686e-23
-1.262506444243791273e-22
-1.421899296462357872e-22
1.985434411925999725e-22
-1.638723657172268848e-22
-6.858731309362112895e-23
8.282245602513365212e-23
-8.007700293627263646e-23
1.931318383434174357e-22
-1.319416908930896699e-22
1.850578645796949188e-22
-2.838693422630367279e-22
2.522918008053956244e-22
6.914813524323619690e-23
-1.139807002070778510e-22
1.525396554999181240e-22
-6.085746753264820476e-23
-2.437417553577991824e-22
2.619445885747723791e-22
7.877136826068289754e-23
-2.110108977087506794e-22
8.532902127503032073e-23
-2.123261291372465327e-22
1.374303278482776420e-22
1.936337606798514560e-22
-1.302898531199746238e-22
1.462358720013044718e-23
1.069112308078347127e-22
-5.154417501964053188e-23
-1.634110197399093274e-22
-6.254899651544281980e-24
1.465516715081347260e-22
-5.162367429628226082e-23
2.905368443367381694e-23
-1.581452246110796698e-23
-7.999326798503575320e-23
-6.320595028562812233e-23
2.927635037872682731e-23
-2.752612871497406632e-22
8.881833668912005121e-23
1.853454330287881144e-22
1.176917925064786150e-22
3.750418401818304154e-23
1.158094263953419108e-22
-9.321478759798295495e-23
-1.816018129921669858e-22
9.994455819592786111e-23
3.759521628708271436e-23
-5.033470432748577614e-22
4.457705358535639183e-22
-9.656538257917197197e-23
2.397672360132460877e-22
1.471226075218914985e-22
2.041054975751947037e-22
2.475201460388916452e-24
9.898844944654712277e-23
1.102410983334510737e-22
-5.588381799603119758e-23
1.164435446156215481e-22
-1.053217292695642080e-22
-2.188147267021928189e-22
1.117084505789459545e-22
-3.872749745729803112e-23
-1.619339221648308821e-22
2.273182709299198327e-23
-4.898288973795225342e-23
1.114644962083154733e-23
-1.525182391594145410e-22
9.925801307206228240e-23
-5.422243431246083042e-23
-1.319215884419526313e-22
5.121234867535144122e-23
-4.717179552074590405e-22
1.558670780433478373e-22
-1.924866240534984179e-22
6.192945362875862963e-23
5.375976515968751809e-23
1.552489519385682088e-22
-2.318085308266327495e-22
-4.259394050330183104e-23
1.090648332925953854e-22
3.912136112368661442e-23
7.368544972787936695e-23
-3.103165925596167215e-23
4.054921630070715755e-23
-9.471716435165995113e-23
-8.141881687442268428e-23
-5.353238748840230328e-23
-7.022404877070339997e-23
-1.621269184031158549e-23
5.766699616279003174e-23
6.029102935732057318e-23
5.314282257038453364e-24
2.538585426549229524e-23
8.997419835442273849e-23
5.738124636614093350e-23
2.551582239250786487e-22
-5.395475716462204462e-23
1.903005046795270303e-22
1.692748758003992954e-22
-1.014629190356513721e-22
-9.866900195929094058e-23
-1.136253384948045864e-22
-1.110756564704764384e-22
1.420093197598223919e-23
-5.354307668845206403e-23
-2.668693113462865321e-23
2.381298819474054568e-22
-3.662184995216563110e-23
1.916585716114901163e-22
6.316178734606281835e-23
7.678887471912388109e-23
-8.768980110799070119e-23
-2.352433552519724336e-23
-1.418162325961168633e-22
8.420326914027683321e-23
1.763070591578792297e-22
1.687406977746296294e-22
-1.290431060845466678e-22
4.685561964851272263e-23
-3.157360488113089479e-22
1.692824532146399077e-22
7.714223254766262819e-23
2.794243197772928271e-24
-1.454057321868229529e-23
1.632290924689009903e-22
-2.297421834377329403e-22
2.902852957580944108e-22
-2.225319752850809807e-22
-8.414733416306991168e-23
-3.078901644947610509e-23
-3.544729051786262335e-22
-7.890826732641880577e-23
-1.198387337535985179e-22
-3.540574391986506464e-23
-2.920459575888673719e-24
4.544074042133255397e-23
-4.055304517022777752e-23
-1.667822797528839316e-22
1.804668342245793336e-22
-2.161003240294963849e-22
-8.328014267484984329e-23
6.920737380426964443e-23
-2.382591587942191997e-23
-9.409162569971718959e-23
1.158356983014863662e-22
1.336533259231876135e-22
7.118193176547278719e-23
1.396860655100581541e-22
1.658484156878259595e-22
1.320364434340618657e-22
-3.373401675800945395e-23
-6.874917162008615963e-23
-1.381296549152045329e-22
4.575875636007427205e-24
-6.162815542504586099e-23
-6.680745836030817403e-23
3.370408421102297283e-23
-5.621122399407717103e-23
1.068336980197575395e-22
1.886008963996053685e-22
-6.489922927049266936e-23
1.184574892577420185e-22
-2.929986249659082967e-22
1.505239314965254762e-22
1.324324429011633166e-22
-1.251778957414875299e-22
1.181379886237524230e-22
-2.182304036713585310e-23
9.384430821349127151e-23
1.121421743600874053e-22
7.598669374354865929e-23
-2.638421673100773898e-23
-1.200191242678628258e-22
2.098176400659016957e-23
-1.061172328227597861e-22
8.215434017311494829e-23
-1.418319149213755150e-23
1.377620737578631256e-22
3.130743267980123617e-23
-1.108203278850556761e-22
7.189515974837745795e-23
7.378146434861498404e-23
-1.023961793175230125e-22
5.156624821582005399e-23
-1.372546706808053124e-22
-1.137359589016328538e-22
-1.601994026262950937e-23
2.307500564724077343e-22
-9.417024357472907832e-23
6.693332886785083350e-23
-7.236215139872187052e-23
6.346464010104035735e-24
-1.420398633147355821e-22
2.208734269974798915e-22
-3.833593462282666529e-23
-1.665608713431853094e-22
-1.134668750372448699e-22
-2.178054230159265332e-22
9.753628096063575413e-23
-3.375752255777147454e-23
-1.100839602114073664e-22
-3.223481271199196114e-23
-6.190925956661417366e-23
1.927826830823748653e-23
3.899681132464556949e-23
2.033555453942259015e-22
7.256305352499571189e-23
-1.312464958106937984e-22
1.469014891532690715e-22
-9.174843844673265870e-24
6.416612914510899933e-23
-2.028088877015768445e-22
2.569023309817235197e-23
1.411541865307837913e-22
-1.502130921518809756e-22
-1.089391342869600509e-22
-1.078852360503713451e-23
6.362314643116058881e-23
-2.294556201192774526e-23
-1.554600509998811149e-22
1.397712563662082740e-22
5.552123660598578790e-23
7.349816673072329368e-23
5.176139251988996311e-23
-1.853215344483838190e-23
2.330925463279885992e-22
-1.435665011222549659e-22
3.839013065255340814e-22
-7.234324255353049168e-23
1.373313328764276116e-23
-1.444008310825505207e-22
1.397946619803807488e-22
-2.244937271166497411e-23
4.342517582258977623e-24
-1.908027445744182629e-22
1.091427871861333927e-22
-8.052999150579951404e-23
7.797057957407252262e-23
5.096161647617470494e-23
-1.206588982133445601e-22
1.811322616056160762e-22
-1.093643670576387724e-22
-2.754968694170812730e-23
-6.971898399679737152e-23
1.555306393150438716e-22
1.239981805536208424e-22
-2.846256807437836579e-22
-5.476772647108216632e-23
2.570761774507146813e-23
-1.009126385151859375e-22
-5.878053902448309857e-23
-5.213277797088183982e-23
4.328271616269495988e-23
7.015447033495261957e-24
-6.565780935536306321e-24
-3.093242314651810831e-22
-5.370904319886722629e-23
2.034870434214396020e-22
-1.110886712538930736e-22
2.399612860521327101e-22
1.100137827816543274e-23
2.152428182658067026e-22
1.487062836663578847e-22
1.022546904822255834e-22
9.078032082694891931e-23
-1.074382794464707701e-22
-9.590347473206090656e-25
-2.090955367591631876e-22
-1.857188161852277669e-23
-2.184910352950724742e-22
1.146857935452824068e-22
7.662707366104156136e-23
1.587994598953810889e-23
1.330207514945999097e-23
-1.095186811274220718e-22
1.808672898752746887e-23
-3.838278229123407310e-23
6.705553233239552909e-23
-1.203889495941875570e-22
1.578713222749672166e-22
-1.990252876458592550e-23
2.021561533321750289e-22
-1.620501038193216583e-22
-7.727679510768579484e-23
1.212891395908436999e-22
-3.149950820825799040e-22
-3.364355386580063099e-23
9.192107343975233752e-23
2.377963043921778680e-23
-1.195452823863575444e-22
-3.926487079091819946e-23
-1.271057946250985007e-22
7.963178748760676005e-26
1.417179296466600318e-22
-7.358669746246801372e-23
-2.238619539970418686e-22
3.144794199144531346e-22
1.133964431194057641e-23
1.860134618289587427e-23
9.013186088925594964e-23
1.027186814879088248e-24
3.650162518130735635e-22
-2.901794064792427806e-23
8.510294950884273693e-23
-1.234598163290029153e-22
-5.807788259305204209e-23
-4.996722413981252669e-24
-6.370209285662097602e-23
1.020110666022826850e-22
-2.158711645065531414e-22
-1.203521783712549177e-23
-7.132127120789165455e-23
1.707483787741168181e-24
1.232079652777046395e-22
-1.060614615215253928e-23
7.556079143395313302e-23
1.961480975984206963e-23
2.807591956291579851e-23
-3.178409972948299658e-23
-6.410725087407524045e-23
-8.314791054422216820e-23
1.842443332227821023e-22
7.420727045535319444e-23
5.930149405335148394e-24
1.944485300902521804e-22
3.063890114964322146e-23
-1.753176842523098750e-22
1.017743796176254259e-22
-7.296293792119336581e-23
1.237870378473876356e-22
-1.324957245597561145e-22
1.063654636635715450e-24
-1.859156931951868678e-23
-1.613417824951687645e-22
1.519006029008421205e-22
-6.080051603927909147e-23
1.563953342247986638e-22
-1.501904496260340158e-22
1.753055653298977063e-24
2.623237347931439467e-23
-1.506242394502739068e-22
-1.793037491270110917e-22
-5.626637420168478492e-23
3.496900308580091402e-23
-1.536076477669131079e-22
4.231765487514892835e-23
1.618372164372879744e-22
-1.351240030477940554e-22
-1.848442027068580568e-23
-1.080846791987194941e-22
-9.140322398005992280e-23
1.571358319486678319e-22
-9.514941601241044333e-23
1.692763281760164041e-22
-1.629458205801076814e-22
-1.449224322994991691e-23
7.774690690963490894e-23
-1.458880624146545871e-22
2.819173600069938260e-22
-1.911125974747456239e-22
1.761407936160305179e-22
-1.263346496850487099e-22
6.129370885145599919e-23
-1.683794321810701188e-22
2.246197860163113812e-22
1.231955960946371844e-22
-5.569231810455086038e-23
2.043863424135050121e-22
-9.071147193935194518e-23
2.379379636232133092e-23
1.835897553161510956e-23
-1.028400226563141728e-22
1.044470424114998109e-22
1.063167363322348952e-22
6.978049821068704806e-23
-1.899133073002971732e-22
2.669753221818218021e-22
-5.692179132962554091e-23
-2.723625210546576438e-23
1.129284806642512252e-22
5.235180348172528735e-23
2.413726354509210154e-22
-1.758429130527928028e-23
7.668843909774950469e-24
-5.652602081837538781e-23
-9.895491859171770694e-24
-1.846044677295865374e-23
-2.046978231871081478e-23
-1.342793200360283416e-23
7.623798243778774477e-23
3.674707465921992422e-23
-6.734397245098489026e-23
-2.052009193535176625e-22
4.640198343152874597e-23
-1.746813560448514466e-22
-1.946691100850349350e-23
-5.874679414298275353e-23
-6.352835646062480068e-23
-2.235909691361549204e-22
-1.697663743870415196e-22
-1.162787431628009808e-22
-2.034212920317034820e-23
4.205017132251521912e-23
-1.703123702328941355e-22
-5.737216570903924497e-23
2.507799541810005351e-22
-1.480685611677589863e-22
1.009390668586695758e-22
-1.042175096834514392e-23
1.190493696538965067e-22
6.430168991606628388e-23
-2.871330670586463784e-22
2.603649594825331568e-22
9.792865101775600856e-23
-6.489425323952538326e-23
1.674591215960819253e-24
2.899504697712700043e-22
5.079803634233443194e-23
1.476317111625905374e-23
-1.420074702225988242e-22
4.426665418331009111e-23
1.691660888531468188e-22
-8.487921367982636918e-23
-3.244185885811528756e-23
1.969949167134794992e-22
-5.475820536582140283e-23
1.224227331219729801e-22
-1.055511694863239200e-22
5.435469184291716607e-23
1.544802530745484034e-22
-4.071077074203006261e-23
1.214374054367004561e-22
-1.356669476830291513e-22
2.177685448661990169e-22
-1.349321826383440012e-22
-2.117544402070577798e-22
-3.169124376610737290e-22
1.641636442150898226e-22
-1.544253276155411711e-22
-1.290455566834049558e-22
5.710087534610518018e-23
1.206401601724117442e-22
-1.476816930108664184e-23
-1.511142865226655946e-23
-3.201053481694531785e-22
2.482715012056162592e-22
-7.110948288954375641e-23
-3.583733573596439344e-23
3.717605635326345352e-23
2.040435930787961869e-22
-1.963370003782469543e-22
-2.764483125039105196e-23
8.792944669110200812e-23
-2.842969117865138827e-22
2.857335863306354642e-22
6.297438590567964314e-23
1.801448397911351775e-22
2.112892529282631121e-22
-1.491928662991974816e-22
1.807022482821422169e-22
4.450290702415095816e-23
6.637120026506466929e-23
-4.533908417963881643e-23
2.713371872550501653e-22
-5.590780346957764299e-23
-5.893814545498834014e-23
-1.259177331094628052e-22
-1.948751534674393077e-22
-4.921498455027208712e-23
-4.914449618121613507e-23
1.239913600811389544e-22
-2.600645511806330624e-23
-1.733442010898860677e-22
1.729056900465760470e-22
-1.525625086335498376e-22
-1.631862852302377174e-22
-1.128017509079500430e-22
2.125044485375425528e-23
-1.168590246012971164e-22
-8.803783981290317899e-23
9.758984180994321943e-23
3.764898605362813491e-23
1.342208171429572548e-22
-1.095580398383198121e-22
-5.056833630697164619e-23
3.990049258705741356e-23
-1.762950875689788843e-23
-2.693623206658816939e-23
-9.311255887268732316e-23
1.095458934840937516e-22
3.891152093371450139e-23
-1.526435607013835614e-22
-2.674579029696238500e-23
-1.413482542590925676e-23
2.294031881994924308e-22
1.392215538793031082e-22
-9.843060551127950428e-24
8.562966534642041242e-24
-1.793118201191841011e-23
-1.732361921754089113e-22
2.238991379270669346e-23
-9.209483646681127993e-23
4.967192447167086584e-23
2.053808751972154454e-22
-3.838243933637645888e-23
-1.506831086750710127e-23
1.134797404668243496e-22
-1.309380053906492777e-22
4.821669923379152681e-22
7.103728804981746569e-23
5.710967892264295601e-23
1.249103418223479901e-22
-2.750184765751071413e-22
8.499494198838135716e-23
6.032280919616212139e-24
1.545932859123274605e-22
-1.469748473284771563e-22
-4.820424753546171811e-23
9.280675307195648048e-23
-1.847470527918831653e-22
-1.465757615103350475e-23
2.580641427720185914e-23
-2.548310584365872330e-22
-7.401426766749893252e-23
4.827181442968211697e-23
5.959341473640952702e-23
-1.356538676131209444e-22
-2.116794553916867253e-22
2.509908676508206247e-22
-9.452232650323204191e-23
-3.635597349111079601e-23
7.864714958526582863e-23
8.295966288212012590e-24
1.196014610975321307e-22
-2.008776352419672880e-22
4.180524309143091377e-23
8.126187045310172166e-23
1.381748236291749842e-22
-1.007561337809462421e-22
2.825370635337773537e-22
-6.900062615086450108e-23
-1.708757621243681202e-22
1.414763776782416698e-23
-1.467845907719956564e-22
5.377857047975175397e-23
-1.081481470723588527e-22
-2.215321749738229432e-23
-1.248401922366153325e-22
2.993501022936021808e-25
-1.851520413930405418e-22
1.014775855767065763e-23
1.061827636319855635e-22
7.027963906893763982e-23
7.426911291602373914e-24
-1.519303077892895155e-23
1.073602152203047993e-22
1.824385309965850290e-22
3.265289016322336699e-23
4.307739314886983519e-23
-2.174468675520605494e-22
1.475446472887290881e-22
2.055630289825543647e-22
1.294573473595271300e-23
5.424604522913421396e-23
-6.881745071313975371e-23
8.070184290874441843e-23
-2.882045374416872960e-22
-2.912036575723781321e-22
-5.070812402369302962e-23
7.519691627494234441e-23
-1.800813819923263634e-22
7.271882068292512406e-23
-4.654488285336618678e-23
-9.358899931936941678e-23
2.269336451600722605e-22
9.447620580634790870e-23
9.423935885471155346e-23
-1.142801588134866975e-23
6.739519681978320027e-23
3.431997160101470579e-23
-5.399357831734341752e-23
2.600460777534984364e-22
-2.528937288140010698e-23
-3.425637109019524757e-23
1.816360962738896102e-22
4.443131495649249445e-24
-8.932081737848492475e-23
1.521154294727198121e-23
1.081393672887141065e-22
7.171139435209922889e-23
-1.140618327340420309e-22
-5.142364036170702322e-23
1.772372352806388236e-22
-6.054368425210094035e-23
1.605163252709098362e-22
-6.006769047869875639e-23
-2.555388675173446631e-23
5.067710672262131621e-23
2.657596992571512534e-24
-9.718288374130010714e-23
8.121703790308746680e-23
-7.935647881331498188e-23
-1.375434130839962612e-22
-2.076594846937103324e-22
3.368979007672286049e-24
-2.634737609658746037e-22
-3.299474724319444097e-22
3.751978853893764096e-22
-1.914168650465015235e-22
-6.805761614397046822e-23
-1.299298172621562227e-22
-5.471631108506573786e-23
1.342161456141390679e-22
8.356463397030449233e-23
-1.771887425001884809e-23
7.226250685236614927e-23
1.552295226801847084e-22
-1.010966121975010051e-22
-2.295050286330198832e-23
9.960963375127339084e-23
4.717338433583836053e-25
6.790207808335353041e-23
-1.351781783187220938e-22
-1.724319087017502839e-22
-3.447685991744461305e-23
-1.383183715036819377e-22
1.779312276221101643e-22
-1.638684048197969185e-22
7.501441109960346139e-23
-1.905059859160492320e-23
1.985099751367339221e-22
1.309391231302059688e-22
-1.019126028292784356e-22
1.109657060117679951e-22
2.470810444138669313e-22
-2.207426971942823497e-24
3.716643148299428980e-23
-1.336834869291134027e-22
2.662077359814724242e-22
1.636203221727009854e-22
-2.018716364122518807e-22
1.327173317760625433e-23
6.106495097882549069e-23
2.023366029366586683e-22
7.975149424386520644e-23
-8.248715992824411501e-23
1.163569573848501878e-22
-2.617509254112051194e-22
1.244963595382387401e-22
-8.920641660468810706e-23
3.821853892191743339e-23
-1.452746201410406749e-22
9.026468569467495430e-23
7.451625955559607935e-23
-5.756377062220303691e-23
7.703831763360454044e-23
-1.022583507253088501e-22
1.078912258849909496e-22
-1.702637586668673031e-22
1.224992618531846637e-22
-1.676432103044494509e-22
5.816316835436722309e-23
-1.549088172178678219e-22
-1.260012526294419147e-22
5.330040255576642243e-23
-1.709995412945316866e-22
-3.622404154689349620e-23
-6.121893712636286921e-23
-1.263699593019697408e-22
1.800845881337504751e-22
-1.023446452698993390e-22
-1.311018413045901289e-22
9.754961935751667907e-23
3.225032870361550218e-23
-1.761524521994373559e-22
2.330053376823000647e-22
5.181380193316606028e-23
1.491606545699392015e-22
-1.950161942333243731e-22
-8.756373324500297512e-23
1.425642979482975809e-22
-2.565221045425019268e-22
6.427695213601667053e-23
-1.310918766484353660e-22
9.813363400516786663e-23
-2.806103059080881789e-22
2.415113604694954624e-22
-1.236165915208618896e-22
2.336857656613962947e-22
-5.402403598140937845e-23
1.201461584418445164e-22
1.486089687137942514e-22
2.405488105160969994e-23
1.178504818942013536e-23
1.738166858916927607e-22
-4.318761777544208578e-23
-1.474835029407142227e-22
2.304650079752721764e-22
-4.733786243525127513e-23
-9.240830864912827784e-24
8.222371072895229070e-23
2.366519152097877115e-24
-4.527650684931032645e-23
2.174775378481239620e-23
-1.243765991553804051e-23
1.053527387509253849e-22
-3.098039928611965594e-22
6.831569806166326584e-23
1.101574101765826206e-22
5.929143641552099603e-23
9.889255242792530930e-23
1.764797088670772205e-22
-1.867057271207977746e-22
6.188367007993480321e-23
1.227428069637067351e-22
-1.038794838738881336e-22
-3.626441971904818314e-23
-1.023675659236839300e-22
-7.551657964294118367e-23
-6.187068786601088751e-23
1.166754911168492948e-22
4.055033161539173590e-23
-2.586629867172821364e-22
-3.020336056978302404e-23
-1.197739878061104927e-23
5.570420604694196253e-23
-1.093705594655841232e-22
-9.698525765962671669e-23
8.019170862203117243e-23
2.133143169925051734e-22
-4.361264902659677645e-23
1.020973255770570429e-23
1.589740970359976142e-22
-8.579644653845215228e-23
8.974138937059264118e-23
-5.907257077135697781e-24
-1.675695619487638131e-22
1.308690745953605939e-23
2.062063420968649788e-22
-1.780559973152075457e-22
-6.136230706221057373e-23
-1.256194677232077563e-22
3.003099805812105701e-24
-2.396194799522928564e-22
1.324406241471256700e-22
-8.942387448956341872e-23
1.894236397310815580e-22
-1.306672035051303786e-22
-2.750781268361157350e-22
-1.287456046049156150e-22
3.501220387560231305e-24
4.729318504297856808e-23
7.848229876924083795e-23
1.592437714615822490e-23
2.246658712694971027e-23
1.349145384519340161e-22
-1.359694677976599447e-22
2.943225881825018693e-22
7.923702880744026695e-23
9.745848368414317945e-23
1.611384576622578567e-22
3.491367188254950791e-23
-1.437617106696175466e-22
2.015692525036448181e-22
1.156720406248151708e-22
-1.205449550014193870e-22
-1.880025096810208308e-22
1.088657727617737632e-22
-1.033517589126671288e-22
8.506602450622811909e-23
-7.021253339982186845e-23
-1.148586828090974927e-22
1.057713117097786334e-22
1.062726428177964286e-22
-4.733165907424685833e-23
-1.321138804425727454e-23
-3.231380269419531483e-23
-1.976414773487043920e-22
1.626531651621912961e-22
1.235493138004624218e-22
7.639622203511775472e-23
3.473860741070525020e-23
5.546596691789804251e-23
1.261215612882670833e-22
-9.469298319178367755e-23
3.441901019139540613e-23
-1.264673714773521154e-23
-1.767746217245529188e-22
4.658314171114806769e-23
-4.491929218939031378e-24
6.018356811763011326e-23
-1.498559737114766089e-22
-6.403799875828511143e-23
-8.396654799400058335e-23
-7.074692990216982058e-23
-1.591971442066870624e-22
1.422411097995536886e-22
8.255290173723929473e-24
2.077303646532465839e-23
-9.821364795184739595e-23
3.518607726786638149e-23
-6.219798283372084364e-23
1.316338755579770622e-22
2.086593500273171922e-23
7.595597364220282383e-23
7.353151972815986358e-23
-1.753055359751829311e-22
-7.785535160386746612e-23
-1.369951946947887623e-22
6.205649138192903648e-23
-1.201548684617643221e-22
2.388635714396737606e-22
-2.176535576419682560e-22
6.562634299581281423e-23
-3.416143068101554378e-23
6.711795711751287077e-23
-9.657655530263324769e-23
5.859494565922161473e-23
2.060807157152700834e-22
-1.282325237128603033e-22
-2.719807085498374141e-23
6.508399431353824042e-23
1.178126670646541920e-23
-1.925951244473369567e-23
3.167639882234788605e-22
-2.077144476639120575e-22
1.130139523771631950e-22
-1.423401184216120269e-22
-1.221461430054529912e-22
-1.849526103626079149e-22
6.770606501503110072e-23
-4.399772927464454860e-23
1.570580704876911250e-22
4.832914134402477627e-23
5.866008843552297473e-23
-7.577129836539519332e-23
-6.981410938368260134e-23
2.898348028919090270e-22
-7.729942255937095654e-23
-1.482881557822645845e-23
-1.343064159337122502e-22
-2.093246323095727351e-23
-6.088487227929789131e-23
1.532853428709511673e-22
9.462191144491939457e-23
3.750612402427887130e-23
1.073593998307567642e-22
4.499253811241589017e-23
1.834697513455981821e-22
-1.683501573824235862e-24
1.625845958401873582e-22
-1.008230718920659999e-23
9.939691927448474920e-23
1.195368572091202351e-23
-1.823384937958980681e-22
-1.498432590538710996e-22
1.277806716642546225e-22
-7.319361812107594724e-23
9.528354391634589573e-23
-7.697730908451808299e-23
-1.827399290260134448e-23
1.300930599339538190e-22
-2.463156289185198835e-22
-1.256289125707678143e-22
1.066171490629623004e-22
8.480239106406423739e-23
8.258124998926259530e-23
-9.029064636503636768e-23
5.088454215553287864e-25
-9.249659118636417215e-23
-3.580355010356574511e-22
-2.373089832358998163e-22
-7.098397493200848144e-23
1.411466059408922224e-24
-9.561174234733359328e-24
3.792528823821322355e-23
-1.083226447766820275e-22
-6.219220329225116491e-23
2.918526998374498873e-23
1.765163438262698853e-24
-6.114362123843354083e-23
-7.529394981458121033e-24
-5.471050172006663610e-24
-2.500185294224028984e-22
2.570194603720285555e-22
-1.185576434303274417e-22
8.526424979545823660e-23
-7.843983632948691104e-23
2.099804794732942579e-22
-2.292480337223117465e-23
1.612735450540757473e-22
8.402518213694775436e-23
2.218531150263363725e-22
1.364493212105067231e-23
4.864210118450095082e-23
-3.501869332641438838e-23
1.730710532621361465e-22
-4.040467661215834853e-23
-9.476766915636372524e-23
1.772820879063918886e-22
5.253983613852660833e-23
3.025665493157317678e-23
4.790701474076944515e-23
4.072978377621128775e-23
2.088099189625492203e-22
1.054055557683101376e-22
-1.891213731923081937e-22
-1.052355857757554717e-22
3.636833213514545060e-22
-1.665031227525210929e-22
2.107195352857017896e-22
-2.469451319305399024e-22
5.528419899954107736e-23
-1.661778217491150634e-22
5.761107022464731396e-24
2.690594710266342046e-22
6.002736659673798448e-23
-2.344520600754054944e-22
9.036712266692990169e-23
-1.836278944592479794e-22
-1.857349622945303995e-22
-1.634318845773546177e-22
4.839927446932205866e-23
-2.318253053318142543e-23
-1.278407663150350644e-22
5.877638931344727495e-23
-3.598949286276307289e-23
-7.686871197184387306e-23
-1.883559232004009561e-22
-5.443525158114036109e-23
1.795761776513999402e-22
7.837285047903202690e-23
4.375990490668455154e-23
-3.234965736178218608e-23
-1.684614673055753502e-23
-3.073113808632461463e-22
-2.009855093113363914e-22
-1.398822151764739278e-22
-1.478213019327301766e-23
3.296318217876647082e-23
-4.297478288653622880e-23
1.034488873430975281e-22
-1.946141559149841173e-22
1.288720285490513371e-22
6.916536234201474160e-23
2.088344688162775534e-22
3.416509480760716846e-23
5.509508580384538744e-23
1.658910815517001614e-23
2.706495209593244160e-22
-2.081122106322772791e-22
3.214681651097134842e-22
-1.327802830879818501e-23
-1.850431211942183813e-22
-1.407879674396289627e-23
4.878408073145759087e-23
-1.000167925349605944e-23
2.183143609111904785e-22
-1.016213792480662226e-22
-2.200962715794300603e-23
2.398056051701024861e-22
-1.116296025405236231e-22
-8.223136582659845590e-23
1.273269713698848521e-22
1.136819115271115373e-22
7.580283744246497733e-23
1.423219378916328717e-22
1.700678773165999627e-22
1.741020452904746346e-22
3.060411074082417565e-23
-1.851890487187023791e-22
1.954727051721523861e-22
1.490058133328325783e-23
-3.306291132677031535e-22
-7.719569560497754005e-23
-3.542638036231409212e-22
1.251227464189408692e-22
7.383752295689084595e-23
-5.690752537629504733e-23
-8.379407101697545206e-23
6.677763024428604040e-24
-1.230227889550844306e-22
1.244149787236506421e-23
-1.527276341756546011e-23
-1.622561997212484903e-22
5.277031217532842060e-23
-3.193185657024595002e-23
6.288664383716832054e-23
2.165116094090723793e-23
-7.097058152488720411e-23
4.172951077921343847e-23
-7.158947343345508634e-23
-1.255417935923985597e-22
-1.298944738716532341e-22
4.083698509507192534e-23
6.620861495651270943e-23
-7.634193381283782650e-24
-1.648668407934719279e-22
-1.557731847498929950e-22
-6.497259777359118174e-23
4.830076110294353392e-23
1.401535528025902889e-22
-2.055981420526711424e-23
1.525673826847355029e-23
1.288167955346453723e-22
8.019136054911923245e-23
-3.302763320675736169e-23
-3.991665850200288619e-23
1.159160133423378065e-22
-8.972192856412460988e-23
1.997865212782414122e-22
-1.521066096237711144e-22
2.769313418105283880e-22
2.835862387329602176e-23
-1.016192552212884732e-22
-1.199606943524511125e-22
2.709374321595007175e-22
-6.149312306856667891e-23
-2.138960235243753206e-22
1.772063188442199706e-22
7.240741965763803992e-23
-1.538830501440209225e-24
1.999749741426497857e-22
1.478876240481810178e-22
-1.720310781674621458e-22
1.868169398910091463e-22
6.319303348135784634e-23
-2.497601408106807148e-22
3.411373677464684042e-23
2.883139682308018779e-23
-1.080218583981732268e-23
5.463512322299829539e-23
-2.361441189248687602e-22
1.634290988571219257e-22
-1.499482069493263153e-22
1.777417621401270223e-22
1.167623712664105586e-22
-2.577867324841075152e-22
8.370893556062521767e-23
-2.890480099410339996e-23
-7.417647376705490588e-23
-4.990655310585015054e-23
-1.570845167193356900e-22
4.148443238561709830e-23
1.475684986087528662e-22
-1.880342021330529211e-22
3.940079375307803503e-24
6.987055946740171168e-23
4.836867843178873279e-23
-3.208818792167421782e-23
-1.062670683445064601e-22
4.053652992111230477e-23
1.434240606457565831e-22
5.987772368312903160e-24
-2.323695404884774794e-23
-1.607295088111017458e-22
-1.519317285730892424e-22
2.109391252661719652e-23
-3.266855771677336889e-22
1.074780885272754871e-22
-3.658273616207182705e-22
1.386846221153815922e-22
1.683969904658343605e-22
1.396819923835741772e-22
1.382281714789963584e-22
-2.177708163678977094e-22
-6.726217980543929650e-23
2.127852658743685360e-23
2.688935414254038986e-22
7.139230918631541569e-23
5.136538437563374012e-23
-8.950778478377015344e-23
1.530686620451049455e-22
4.330944428335554399e-23
-4.151871415457380822e-23
2.051438060909368734e-22
3.226126009160296218e-23
1.905696051839028785e-22
-3.446965157889911474e-22
-3.181667101253538476e-24
2.140159468427113110e-22
4.527742214301823216e-23
-5.712759218781842791e-23
4.112571922732591828e-23
-3.011208748629033695e-23
-2.487356055662358172e-22
4.871703761273966879e-24
-1.105130355900915736e-22
6.900165776183238165e-23
1.416428030653827257e-22
-3.598048217920577767e-23
3.722485134072061378e-23
5.863121021524463996e-23
-3.831013200561323797e-23
1.102296843080356738e-22
1.373482156999159494e-24
-2.825903348288725466e-22
-1.661254954725737903e-22
-4.512517392539505165e-23
5.246530446366475282e-23
2.052154395666113607e-23
1.409979509295712247e-22
-2.281159148890258270e-22
-1.043737340093623005e-22
9.793622464892181852e-23
-1.523720330039036758e-22
2.191753343857021975e-22
1.011199742305784435e-22
3.377420921446911434e-24
-4.482750655389582249e-23
2.124775465533608484e-22
8.692617865350807687e-23
1.060441652576212350e-22
-4.757296799642919478e-23
2.708773669710045153e-22
-2.492896120829147159e-23
7.903932288687405984e-23
-2.169132875263111879e-22
-1.035923215193011753e-22
-1.660225400046338725e-22
-1.390703631630385262e-22
3.359898294787474315e-23
-8.314698643320120230e-23
1.015238676902733105e-22
-3.574677341122261217e-23
-6.581737532241137497e-23
-3.446964054110891601e-24
-2.156565504492970752e-22
-6.807745341298271876e-24
1.122288059950237205e-23
5.932336056666316782e-23
-1.439760003573487186e-22
-4.679669430676386049e-23
1.685869045530330983e-23
-1.179643625149412334e-22
3.248817245253767978e-23
2.667724207812654527e-23
1.526766926241904915e-22
-2.070412217173377577e-23
2.998698282765137383e-22
1.986800033595636366e-23
1.254993689041227721e-22
2.308532212378488668e-22
-6.296069593228976617e-23
-1.266706723036956951e-22
8.162952681376843666e-23
-3.216745294744448588e-23
-1.337342829150177796e-22
-9.077472702239256904e-23
6.016157539651822920e-23
4.172075333450648903e-23
6.665006492245433494e-23
6.835780114039427965e-23
4.122239482057527793e-23
-1.299072224096783264e-23
2.091830673613132317e-22
9.846997670510534465e-24
-5.570341489773308639e-24
-2.522134268294625477e-23
-1.193054455153016843e-22
-1.523316660323982511e-24
-1.322610229423184179e-22
-1.907412107667216656e-23
-1.812874807794808210e-22
-2.089765477774299571e-22
-2.948152047525962551e-23
-1.000573954184460913e-23
1.196500711524263920e-22
9.773128619137261865e-23
1.593284649941331378e-22
-1.601538043565999465e-22
2.603640285992803740e-23
6.072217294413640979e-23
-3.140780535763780952e-23
5.425336553654401505e-23
-6.841406499127562816e-23
1.841364188459326728e-23
1.119251417890071679e-22
-6.152770664546045969e-24
-1.876593091647061963e-22
-2.120715914891446194e-22
4.168036012781121660e-23
-4.660723323954782374e-23
2.306743930743280858e-22
-6.445760296601208587e-23
-1.694417068189676772e-22
1.046760558472412936e-22
3.920887219538007293e-23
2.391123841737317893e-23
-9.247115678738567062e-23
1.254485372638113632e-23
1.856613363694626896e-22
-3.064241307643918047e-24
8.929256478429388430e-23
3.031569794772124663e-22
1.284737144373062424e-22
-1.320430156129820141e-22
-1.508649601953363618e-22
1.432686515956583778e-23
-4.103933591118207120e-23
-2.395613345262931217e-22
7.408339223832956006e-23
3.229941774310086892e-23
-2.896777200534908870e-23
1.057553507841827859e-22
-2.131807809125137774e-22
-2.654312962733583728e-23
4.979498776025508910e-23
9.298533474150378012e-23
1.381015853809771916e-22
-1.447553751426006931e-22
1.995810685693391981e-23
-2.045797707767241170e-22
1.703767853371748364e-22
-5.797135175932563131e-23
-7.692899247767965699e-23
-6.896671297825871271e-23
1.656848987818272190e-23
-1.354986436414614777e-23
1.326886823180805578e-22
1.097279604898606020e-22
-2.462461702377349473e-23
1.159536388714760317e-24
1.761900504915264802e-22
-1.587645131929783901e-22
1.615811421291879205e-22
-1.673501524624612717e-22
-9.168195697784260561e-23
2.079528323911670171e-22
5.521084743029103953e-23
-1.539852455857333745e-22
1.264199146627750615e-22
-1.621254043723933647e-22
-1.618221072242659122e-23
1.099362937748023961e-22
4.636467783610281126e-23
-5.310140274372258170e-23
2.786401945156233203e-23
4.992278337887640814e-23
-9.488004125604482423e-23
-2.206313920882806627e-23
-9.575735205958695294e-24
5.697926980459469010e-24
5.402770990838809394e-23
-4.874078668286710691e-23
4.310035839641746867e-23
1.483402137961984179e-22
-5.214546202941696462e-23
-2.784606165085713190e-23
-1.358260235801756196e-22
-1.289129640173806156e-22
-1.012292477729258886e-23
-1.913876782387795131e-22
-5.923532338428080725e-23
-1.315902609795305915e-22
-1.171935505610685204e-22
2.011412328764780425e-22
-2.528859772318714649e-22
1.522243250167127262e-22
1.526324624103368747e-22
-3.221510108377937606e-23
6.992687070609178478e-23
-1.917593372394267724e-23
1.644001094748894975e-22
6.155346023032323372e-23
1.363231476750040284e-22
7.154237772793043464e-24
2.905696953161600365e-22
-1.664668566679807463e-22
1.548594213931415841e-22
1.897202770780015075e-23
1.994289836874682663e-22
-1.550452790536313567e-23
-2.810489638418742600e-22
1.500522728570326280e-22
1.278084923977510236e-22
-6.000177664425284974e-23
4.236496435452284008e-23
-1.252840270815960196e-22
-4.681097577229005131e-23
-1.228215197077650811e-22
4.703406683210955681e-23
1.089513061489006090e-22
-4.366908058309197846e-23
-6.351851484203051691e-23
-1.540130505231932527e-23
-1.264159380531433247e-22
-4.586336502937518390e-23
-9.248770151448178857e-23
7.920796675867361519e-23
-1.586219850216151161e-22
-2.645823343755983157e-22
-1.001176517354824659e-22
-1.184561384724514871e-22
5.958093235321394147e-23
-1.708326776639163733e-24
-2.714269431697961334e-23
8.133454822800536813e-23
4.849058304921399587e-23
-6.830180430019182744e-23
-3.783046674984026084e-23
2.351695499886016544e-22
6.158448029691124471e-24
1.363591833855671239e-22
-2.784679076841576709e-22
4.097772124296374841e-22
2.424404284957035602e-22
-2.393197310541736818e-22
-3.668967997273252914e-23
1.285598163860895461e-23
1.221500565255324768e-22
-1.036632661608610743e-22
-9.949648341176150587e-23
1.387188463208497346e-22
2.052973809432610370e-22
1.374202111347358914e-22
1.432458737278438376e-22
-2.128307664447662180e-22
7.638506297617259859e-23
5.162272816595040380e-24
-1.131450397010689793e-22
8.495263237522036412e-23
-2.114211697714038839e-23
1.099010583692364716e-22
-5.224185455783425091e-23
1.552735233720503283e-22
-1.546170865897639428e-22
-7.838845876715122296e-23
9.969602162815771367e-23
-1.169380624844757087e-22
-1.587861639371183230e-22
-1.909652667042326745e-22
1.445615356509672837e-22
6.103154716505768251e-23
1.040128847238440377e-22
-1.688028879789419347e-22
-5.653449107015145375e-23
8.154526677778576193e-23
-2.375040443307773590e-22
-3.871657202868583453e-23
-1.783199865191996508e-22
-1.798074234825996587e-22
1.606855141593375705e-22
-1.284644303335719163e-22
7.561577791979614268e-23
-2.065482695016189997e-22
2.293214584110334076e-22
-7.451507945678078781e-23
4.479299939556069139e-23
1.310585237896673273e-22
-6.241153776218139470e-23
-5.708026869390720369e-23
2.864751537114026888e-22
-6.588766632072577577e-23
-8.247428459302437985e-23
1.960936580325363080e-22
2.158830763443772558e-22
-1.642560843825737771e-22
-7.125805355678868663e-23
-4.974494693746618948e-23
3.033142405493296040e-22
3.102636181430156279e-22
-4.040039173522666559e-23
-1.042019689644282855e-22
-9.677905192607725263e-23
1.401717725613072737e-22
-1.498618346164256549e-22
5.805970184483037065e-23
2.792022009992652808e-24
-8.248409457741249125e-23
-5.200777259594945281e-23
2.271441222642502523e-22
4.224751263357033503e-23
2.038066706178426593e-22
2.153667583511092564e-22
-2.347813033048091222e-22
-2.425997003455418455e-22
-1.647474356006656595e-22
-1.128911455824054363e-22
-1.580275092215983607e-23
9.119634088812760268e-23
-5.262854694558170211e-23
1.375638363602485235e-22
-2.725613900618999817e-22
-1.218206415949960261e-22
1.357423221053864850e-23
-1.462705686382206925e-22
4.818252767842031813e-23
-2.749139258932323031e-23
-1.268053134325400262e-22
7.050598054647280374e-23
6.121110529579760458e-25
-6.793272119238780691e-23
-1.032075510190958545e-22
1.071568568001607493e-22
-1.349957670642385204e-22
2.277764310165138666e-22
4.149612742049000615e-23
1.613495102500964918e-22
-1.535063428379694071e-22
-3.266673044538270155e-23
-2.208931229444216535e-23
1.414645402425380094e-22
-1.622934067480229621e-23
3.549003859933858102e-25
2.488273190076577026e-22
5.203963684710413940e-24
1.216933477639486123e-22
1.152843473482431420e-22
5.109217992006156537e-23
2.839181166330026221e-24
1.087977620464724763e-23
5.119564607817868048e-23
4.736447523214966995e-23
4.238775084205112136e-23
-4.022723032172039241e-23
-1.339591289559537082e-22
-3.896075090018876244e-23
-1.555137192947086371e-22
-1.315946226768134685e-23
1.468357013682930687e-22
-8.962203342661613633e-23
-1.509181771713396568e-23
-1.586636298210310215e-22
1.126346844048282032e-22
-1.269943749565395565e-22
7.940157144680557086e-23
-1.341513555158974320e-22
1.037227980119944205e-22
-1.582464102898847543e-22
8.498588778438914195e-23
-5.505039160216188501e-23
-3.717607685615978379e-23
-3.539022496498417023e-23
-1.122351844345669963e-22
-3.915405493337625615e-23
3.125443569028608441e-23
1.320678366145190417e-22
-1.551825550322338602e-22
2.420920799157488282e-22
9.478624105427735508e-23
-1.995127994988943652e-23
-1.194565820519030448e-22
-2.285617144674752316e-22
7.382157662937154565e-23
6.248334511195937835e-23
4.364205200646950857e-23
8.147120392214463045e-23
-1.331735424191043578e-22
-1.307134727422181943e-23
1.148592690474987036e-22
9.500450722540183318e-23
5.947317256658970051e-23
-1.285415177738805194e-22
1.647830399180757560e-22
-9.460508357425403495e-23
1.550068279685876230e-22
-5.925203260443886809e-23
1.881298955692861470e-22
4.125325996228248324e-23
-2.546056994874145501e-22
-4.513100765023550812e-24
4.598563200339966697e-23
6.416285448846261806e-23
4.273740515276828587e-23
1.507430028215986326e-22
3.635842096728538575e-23
-6.227715564309497006e-23
-1.493621381821709032e-22
-1.937778544771660382e-22
1.631242311987205977e-23
-4.761997671651378436e-23
2.000469447218059431e-22
-6.530814520773725048e-23
1.382846544641424022e-22
-2.543557115869510611e-22
1.518891946963822111e-22
-2.877159006468096338e-22
1.996602051144630324e-22
-5.148070395541378010e-24
-5.808791728470051460e-23
-1.694533737610684838e-22
5.058511052084092434e-23
1.866862658671518381e-22
-2.462998849426014700e-23
1.434648268943789663e-22
-1.905820407424556941e-22
-1.335462317851960701e-22
-7.351135684167071997e-23
-1.329774409710447348e-23
-1.166343489395089897e-22
1.289643404321175388e-22
-3.782236279410831217e-23
1.285899695532347128e-22
1.034389292296339901e-22
-1.535347914936059691e-22
1.249114467056367540e-22
-8.122777194598360267e-23
9.631121138217221334e-24
-1.515693747469533843e-22
2.257702552321474809e-22
-1.722210144821506371e-22
-1.695068786676878214e-22
1.153431375004841837e-22
2.162101243493259721e-22
1.441892896108076349e-22
1.530099327339378017e-22
2.061244278712515773e-22
-1.203801235549251647e-22
-7.050679432704687721e-23
-1.338862771770073846e-22
2.977937086337812743e-23
5.061673644308545955e-23
-2.179643855486620006e-24
1.685916662571179428e-22
-7.715092130944705220e-23
2.645910864567165123e-22
-1.910484791513853620e-22
-1.018913218320963439e-22
7.343224831539983494e-23
-5.865686936658300082e-23
4.932829598854680259e-24
-1.391199745249217188e-22
-1.332901157485479739e-22
1.771973398415571441e-22
-8.159917805136961563e-23
-2.105186459880439694e-22
-2.293613428990095987e-22
6.524028437767388966e-23
1.762152959343260712e-23
-1.528835052789207054e-22
-1.976310723916054112e-22
3.057988073158995734e-24
1.594634632267662886e-22
-9.308456450350061394e-24
2.783201423067166160e-22
2.096571105139080078e-23
1.168677678407421014e-22
1.312899780296908167e-22
1.109678591162229968e-22
-4.293911797239396376e-23
-2.221873900019382328e-24
1.541058188014600557e-22
1.468519117531101980e-22
-9.809599698463917247e-24
-1.869145631128754684e-24
-2.649376069666751974e-22
1.153058814293087251e-22
-2.203789616826412499e-22
-7.713330794567782539e-23
1.414655155946588823e-22
-1.017347358022920904e-22
-2.291509290424538764e-22
1.031941153169276189e-22
6.335668081866598905e-23
2.534059819402936806e-23
-4.089742964604405032e-23
-8.312269299938284439e-23
6.104195136883774665e-23
-8.095026986125692701e-23
5.050995592261853734e-23
6.791648957368985864e-23
2.619543024128849722e-23
-1.309761316304607644e-22
4.589336885387554701e-23
-1.035559836649307167e-22
4.642989134207654242e-23
-1.905461050296793893e-23
1.284219421566041830e-23
-1.979014672324894051e-23
2.709079041916096557e-23
1.442756771538155450e-22
7.285588386052568549e-23
-1.535985734900250627e-23
-1.704630364600272972e-23
-5.355464666034850008e-23
-4.311473550982785199e-23
1.215925874289795827e-22
-7.486085288773004819e-23
1.339205379088617763e-22
-1.613668107302266297e-22
-7.115849672787342545e-23
1.952078506514152719e-22
-1.378215432515236471e-22
5.879332264726441857e-23
-2.494097161196589284e-23
1.294761439708611845e-22
-5.137254087443496600e-23
5.933943292523431502e-23
-8.028625141480491230e-23
1.918585655698493275e-22
-1.992619086521567327e-23
1.182560905098240022e-22
1.129598816315252850e-22
-4.100759732848251186e-23
-5.275642835545888949e-23
-1.521328857313776112e-23
-3.474509880394269415e-23
-2.371511600329349275e-23
6.827081611678456622e-24
-3.539623563299617220e-25
-1.075920063335741559e-22
-8.632151002917410416e-23
1.057822862899336482e-23
-2.185281789324389577e-22
-9.500746231674506941e-23
3.359974267566113787e-23
-9.099351320992243765e-23
-1.909849587596234285e-23
-7.550854939052003813e-23
2.262453580416224907e-23
-4.303512425759966296e-23
1.213130160161692112e-22
-1.141076278915227024e-23
2.096863814820621825e-23
1.076813309762266097e-22
1.474332611109748515e-22
-3.477284557616840899e-22
1.285951653213603612e-22
-3.279838159978910234e-23
-1.800895980071407589e-23
1.149176510034612933e-22
2.203056377784359959e-23
-1.450142992985378326e-23
-3.835617342658911858e-23
5.916770161475798540e-23
-6.215141832944509473e-23
1.547265073385736364e-22
1.059821474046854018e-22
-5.096616364931762453e-23
5.717022488344893235e-23
1.119498784387533351e-23
2.339046443062569286e-23
3.279209467997710675e-23
-9.584982510276395970e-23
-7.663511605086993540e-23
1.746324854476257497e-22
-1.231680055885552359e-22
1.269911661986625499e-22
1.487814916542169149e-22
-2.082174598654501316e-22
2.312224276081500762e-22
-1.001591835603624179e-22
5.659856220279895165e-23
3.330974760740365905e-22
-1.718564491292075764e-22
1.275078051352322555e-22
-1.906338165424381289e-23
-2.478006252605040160e-24
-1.991774238097341117e-22
-2.495522924794853437e-22
-2.750110040267350454e-23
-1.233885046564568089e-23
-9.734153826058602556e-23
7.262695303445619473e-23
-1.325159316310771788e-23
2.010576449329958562e-23
-1.009302768698016691e-22
4.649800942826953496e-23
-2.599692222319917216e-24
-1.006317089706882095e-22
-7.335609023677160800e-23
-5.927859050832863299e-23
9.363664756272295835e-23
-9.007883995190961951e-24
1.670719843036189759e-22
-2.782785671465068982e-22
1.533799774906902323e-22
-3.316166481671026866e-22
3.112876965413009120e-22
-6.944071572407181969e-23
-1.256411826461105842e-22
1.233740199530129035e-22
-2.446848419247869390e-22
-2.680283373033335347e-24
5.092144527955351770e-23
-7.464265445407391019e-24
4.897218832359889649e-23
1.381332515794067787e-23
1.480384686672755300e-22
-2.670567660024156887e-23
1.875245702497133878e-22
2.303336296318708124e-22
-5.634310625475362511e-23
6.935389809478986535e-24
1.135187349320980996e-22
-1.084479146684902505e-22
-4.462817452516116432e-23
2.402363249246396743e-22
-1.928043772522165696e-22
2.930338049432187912e-22
-1.366335073979867521e-22
-4.846755987124673362e-23
-7.840112042013561357e-23
5.397693993770090299e-23
3.890618251193187618e-23
3.527130008520677529e-24
1.311395837982752630e-23
8.213426989809835659e-23
1.663149255836873074e-23
-5.959875304469196017e-23
-1.331750692057751250e-22
1.281708840994062647e-22
-2.293389820366015389e-22
-3.955769096276134176e-22
1.914180670541597194e-23
1.730732863855256066e-22
-1.359824397565557390e-23
9.525659088478632935e-23
-4.051054020741691136e-23
-1.016534937408129449e-22
2.397867648780677198e-23
1.409496653347770592e-22
-1.383794536426733044e-22
-1.010735127683224891e-22
1.601511364003055113e-22
1.401762914063043913e-22
-1.440372779896515781e-22
2.268336391861961865e-22
1.880417829847441972e-22
-7.862573882492461833e-23
-1.317284520992392586e-23
-3.192726974722675831e-23
2.065046578345392065e-22
-7.685734278659631992e-23
-1.399282633120282236e-22
-1.297488580747897762e-22
-2.345705849233204930e-23
-6.316604809966960415e-24
-1.594739384760932694e-22
1.192126475477297685e-22
-6.256092380222229606e-23
-1.803260264117007648e-23
1.726272733216211508e-23
5.146009458164415010e-23
8.419442357533300130e-23
9.604485265824980472e-23
-3.263893454972092255e-22
-1.923247053011872776e-22
8.905721101927535359e-23
-7.379918510963188689e-23
5.891262752431166336e-24
9.070304980312800776e-24
-7.214508134761036556e-23
-1.086080538122309688e-22
-5.216403081942321281e-23
4.059282441119055420e-23
6.838556983056904688e-23
4.961713710890068864e-23
8.867351469997699976e-23
8.361673079198037675e-24
-2.316846133261052035e-23
1.165611168576016547e-22
2.054471233151400209e-22
1.740390245994873096e-22
1.521753542517178074e-22
3.715511907781441054e-23
-1.760555560453388488e-22
3.237697076777436269e-22
-9.822700095451499438e-23
4.398418195314470999e-23
8.242167829649781568e-23
-1.437855893323593509e-22
1.201068533139472853e-22
1.420887059822813782e-22
-1.124757586632793885e-22
-1.272412756858361772e-22
6.306362667414513202e-23
1.872526673417683955e-22
-1.403688766140426520e-22
-3.792475562937249538e-23
-1.895786244239403488e-22
1.312946078498375364e-22
-8.320540664316837580e-23
-2.877482860365691580e-23
-2.426852256378815151e-23
-1.406625590568938826e-23
-2.744144653740756343e-22
-3.198856462041736142e-22
5.736884148056614628e-23
1.261090152699302004e-23
-4.870360448431624377e-23
3.263013098576088221e-23
-5.415189742655556471e-23
-3.771070982766888612e-23
-3.161759543934708106e-23
1.461853035489201552e-22
1.431454717029418716e-22
-2.362314972586423826e-22
1.387891426810921204e-23
-9.150102749699331858e-23
8.572933886475747142e-23
-1.384166921590601383e-22
2.751575032927029540e-23
-8.107175417102515175e-23
6.301504112188931017e-23
1.640197885528470669e-22
5.867860579216671764e-23
5.145818591580551468e-23
1.799136901927380233e-22
5.617755793300700782e-23
1.129274096994615725e-22
-9.669934879540587861e-23
-2.550510329299570394e-22
-9.388032383672607594e-23
4.431992095360949764e-23
2.603473131353549054e-23
8.694581491999415216e-23
-2.572711027137912459e-23
3.020165665566062487e-22
-8.889414980080599966e-23
1.753355008952997618e-22
4.376348755207466442e-23
1.525829709457293276e-22
-1.782619107297403646e-22
2.183640426786520523e-22
1.962292414003916263e-22
2.410038235503385358e-22
-1.110783748943039737e-22
8.128805721749051636e-23
-1.559672735074098397e-22
-3.567145289227798006e-22
-9.019161006728641709e-23
6.828145112327452584e-23
2.381096035764460611e-23
-1.868797498881296549e-22
-2.729322609813500325e-22
-1.941673317861395022e-23
-8.327039901867622102e-23
-4.043840717378697030e-23
-2.452274036324240548e-22
6.108738926775478454e-23
-5.758982921590939911e-23
-4.934074994968713000e-23
3.246933729547772805e-23
1.306923932652089652e-22
7.261146999921373648e-23
7.489678007591658287e-24
7.672566391191341654e-23
1.487200328613658266e-22
6.343818317087227807e-23
-1.220199966958902059e-23
-1.507031863887484052e-22
1.257207463524466297e-22
-1.059178256839793819e-22
1.708893584633416143e-22
-8.336549263049373329e-23
9.525613576614949448e-23
-8.320835381233422625e-23
4.068155905776776429e-23
2.267439443869681694e-22
8.148095650876424525e-23
1.100755406335218462e-22
1.083225273910353441e-22
5.993510876551194847e-23
-6.809189901513819598e-23
-6.819867932678052159e-25
-7.258625947160963884e-23
-1.914253646259376333e-22
-3.054044050491224117e-22
1.535315935219361974e-22
-3.117435115528814487e-22
7.253329385699137817e-23
-3.752298455915563446e-23
-1.669349394537257489e-22
-1.855546014681081606e-22
3.091961169141029752e-22
-9.941672775642982187e-23
8.292431471004624738e-23
-6.907440604513158531e-23
-6.364140718870686426e-23
7.462825934742822820e-23
-7.982958417932832114e-23
-9.220401843041073995e-25
-8.159789198775685817e-23
-1.853249101191990714e-23
1.287838910324175696e-22
2.152313996971677970e-22
4.174022337052004283e-23
-6.875272552072488705e-23
1.301334608743454737e-22
4.768881793610995783e-24
2.518734349246975256e-22
3.095041931838219906e-22
-7.295841397595649237e-23
5.142304925891427483e-24
9.745343292299859354e-23
-3.602157010615068362e-22
1.140680185093521487e-22
4.944293488130841174e-23
7.821360451777414535e-23
-3.608001223558691540e-23
1.225133803615029400e-22
-3.792548959191086231e-22
-5.327181085806737444e-23
-2.133982489311866150e-22
-7.662240443743351835e-23
-6.234397274219431499e-23
2.366975987043219664e-22
-3.384747742551468608e-23
1.706320024748751330e-23
3.478990496530502664e-23
-6.650157034155666471e-23
-1.043395438041027282e-22
7.444764943603240410e-23
6.828356384956535664e-23
4.048607298876948020e-23
1.307628251225103706e-22
-1.664044305870185685e-22
6.161477154307605516e-23
-3.587041386583570472e-23
2.532089264114758165e-23
-4.630245622497807339e-23
-1.242906972663352066e-23
1.002017127026925770e-22
3.637617508902465785e-23
-1.168436716292538550e-22
1.458729006765088820e-22
-8.221110579200462757e-23
-6.267345200718263317e-23
1.659213893087047616e-23
3.254146248057054930e-23
2.406055810855634695e-23
-2.569288431702935378e-22
-8.739522741073666319e-23
1.098083036576913349e-22
2.379720921705493346e-22
-6.511346316992923247e-23
-8.628393310495060806e-23
9.557087224918474841e-24
-7.446628352783753498e-23
-1.455183548345876668e-22
1.033772751568370812e-22
1.040446408047933003e-22
7.163081226101831507e-23
5.739749015581733556e-23
1.131298108271606112e-22
-1.567205591406403736e-22
-8.664173728014427758e-23
4.709460518086413760e-23
-1.360204321417597062e-22
-5.241028451474380283e-23
2.561356734285593115e-22
-3.670561461330670211e-22
6.083509112598955144e-23
-6.924193496126892103e-23
-4.213369282157710656e-23
1.394010106784747095e-22
2.204348727989355727e-22
-6.161239027139966452e-24
1.833054242607922158e-22
-6.332316483634860431e-23
1.010411753066295985e-22
7.058219946657851108e-23
-8.212249479696175566e-23
-9.732373681849599975e-23
1.940910373619729983e-22
6.509577707168960699e-23
-1.759859334093168522e-22
1.046591513535354399e-22
7.709731991761010812e-23
-1.244422142443992482e-23
-1.901972322597957402e-22
-1.007275414831675783e-23
-7.553433597854739462e-23
7.727849834579991863e-23
1.043922717028802301e-22
-9.226576588204219592e-23
-8.339361782503347745e-23
-5.832431240270482119e-23
3.996460684484081781e-23
8.798261083124888573e-23
-8.535862913750210388e-24
-1.999032471891308840e-22
2.435101100877102911e-22
-1.231816796121736771e-22
-6.451826921880017809e-23
-4.065392566059697660e-23
2.933984805611197441e-23
2.792176067692413019e-22
-1.942098307410520382e-22
-4.452183784674200562e-23
-1.423456011265315489e-22
1.221141782307248338e-22
-4.105981760544234215e-24
8.135464787545610162e-24
-1.341043325443179799e-22
5.173529838347893055e-23
6.763751643504750270e-23
1.246730009010513525e-22
-9.946609753153723215e-23
-5.037334839104635217e-23
-1.841821698072354285e-22
3.167940841435615471e-22
-9.797232277515508871e-23
-8.510878735795943109e-24
-8.595493506308676065e-23
2.319280131736934964e-23
-1.536415151559968732e-22
-9.848659119853744649e-23
2.752910279702728989e-22
-2.713072936068768427e-22
1.849915142249316062e-22
-1.387206247792566276e-22
1.675050299557899368e-23
9.709577049783450227e-23
-2.255483967773575373e-22
2.309005669514469835e-23
-1.800565749562302459e-23
1.059959426012215616e-22
1.335253645258783582e-23
1.103100284497546720e-23
7.777732513357880467e-23
2.590859538225042781e-23
2.070440803283170036e-22
-1.724250222245695358e-23
5.126238515351502459e-23
1.451881035382128118e-22
9.100929825928039039e-23
2.812121968624114701e-23
3.163155952925051711e-23
6.405594481362615366e-23
2.321325100166923222e-23
-3.514083998141071119e-22
1.097154796518094586e-22
2.169509364417347972e-22
-1.360122705909604864e-22
8.380984470005739410e-24
8.590923313433920005e-23
-8.113008299381939183e-24
-1.596616997898918556e-22
-7.881638909005045456e-26
-5.502792217498689281e-23
9.205125972661548470e-23
-8.278378244146672766e-23
1.083872501306443614e-23
-2.015870340324848530e-23
-7.342818865496932852e-23
-2.804793096735127189e-23
3.201006450793115849e-23
-7.924598310100459948e-23
-7.942649040869618840e-23
2.294550707935450516e-22
-1.400387949971408372e-22
3.339937712515813690e-24
-2.786426933121888137e-23
-1.812817845582011025e-22
5.682805927085295514e-23
-8.438479587505014511e-23
7.664982045414319273e-23
-1.121639930668374880e-22
3.918818995928998141e-23
6.106268961723803357e-23
-1.537908772960461247e-22
-3.214276265663280814e-23
2.623261880544860307e-23
-6.519424633138653725e-23
1.846208613700835841e-22
2.414235321199924397e-23
7.538323559031538779e-23
-6.230867569475467896e-23
2.878784182725491330e-23
-2.452381571387855825e-23
-1.302572029283228731e-22
5.550437890620023071e-23
-2.917451593510114633e-22
1.822708421417604540e-22
8.290250270188719842e-23
1.353094118790313634e-23
-5.713705776964133901e-23
1.426019488632725809e-22
-2.232746789761991963e-23
-4.511557028033064760e-23
2.987810247174678519e-23
4.810705318208832591e-24
5.768534556693391067e-23
-1.490475349806335840e-22
2.779442682967015241e-22
1.423461291322325370e-22
1.585146966773463918e-23
1.250379808119875424e-22
4.236791349601515597e-23
6.901690558634170604e-23
1.263254486970603566e-23
1.989525538558489885e-22
-9.102440821066794089e-23
4.346734364450152358e-23
9.200615980377988956e-23
-1.733334100752571694e-22
-2.230921573671056801e-23
-1.832982987474759547e-22
-6.413488882095099231e-23
3.374446635939404218e-23
8.335167882986549168e-23
-5.626149227249169813e-23
-1.605189365498321509e-22
-2.344199590133094912e-22
1.444140501454906733e-22
-1.677530101675433648e-22
2.240978172468778195e-23
-5.356524651516042468e-23
-2.269851401756718648e-22
2.315160356413754390e-22
5.554214957738164460e-23
-1.349662586958246702e-22
5.712875833250131181e-23
-1.311371751646560827e-22
-9.545817660780627554e-24
1.601168608151710107e-22
8.483275277492766407e-23
8.338011300134747167e-23
5.860023912394817962e-23
-3.062734032154773564e-24
-1.287854379443496660e-22
6.102867813704464171e-24
8.460417923754520142e-24
-7.838718916921496441e-23
-1.402291230189439053e-22
1.625707027606802134e-22
-1.218700783728052170e-22
8.438966805041334635e-23
-1.208418877243591565e-22
-4.218201496174474100e-23
2.261965150278621990e-22
-2.402224623346561974e-24
1.496111858143325135e-22
-1.326443179957719748e-22
2.033426779494053318e-22
7.133465993257380810e-23
3.904998953058913621e-23
4.860767967598740091e-23
-6.382190971250329361e-23
-1.453353808393174323e-22
-2.447716628349424164e-22
-1.877647574100524881e-23
6.575403740679170493e-23
-3.770838498340281281e-23
3.058120861470273875e-22
4.373724451240967698e-23
1.853402377207864667e-23
-1.285032432543432492e-23
-3.933959405944986845e-22
1.392946912557774124e-22
6.930942135434907607e-24
5.020518542341796718e-23
1.476267131229756691e-22
7.218733593548285650e-23
-2.464791929190711892e-22
6.618228314248979289e-23
-2.013270446202743426e-22
2.309775576448717973e-23
1.108365059187907449e-23
3.255939168156601995e-23
5.295822164144531878e-23
-1.831358985015141073e-22
-3.845814730326872394e-23
-3.605692164113844790e-24
7.406135062230483479e-23
6.710894014719249888e-23
5.565296579169804878e-23
-2.532261550084840832e-23
2.894021319379406845e-22
-3.370685846559705641e-22
1.528731440628860139e-22
-4.617632416391151746e-23
1.773659685411663367e-22
-1.898518398973259351e-22
2.127891816347564070e-23
6.657509535954092307e-23
6.540686661097656986e-23
-3.090712441665265819e-23
2.748487333803284705e-23
-1.149730485250324413e-22
2.335585342789426894e-22
1.059967929875056656e-22
2.835439341409284458e-22
-1.000715749209864421e-22
-7.226481640003918105e-23
1.139821780283558394e-22
5.473098631849938870e-23
-1.511226471811904514e-22
-8.480768435073212546e-24
-1.112912044610993952e-22
-1.480349099641365650e-22
1.054222147115247799e-22
-1.681362816125361699e-22
-5.869921625865166922e-23
-2.999536170360312377e-22
1.842835891358386129e-22
-9.094526866182562049e-23
5.116562693044789207e-23
-3.241828901913989020e-22
-4.504939830721870655e-23
-3.082732477740555879e-23
2.505588452506762753e-22
-1.452014494335019178e-22
1.086467131948518981e-22
3.507468082576163037e-23
-9.643258659470992944e-23
4.950744010948058994e-23
-1.223421328763253519e-22
-6.702743111445375509e-24
-7.120052816463595117e-23
5.376145973749785164e-23
-1.098463198980993418e-22
1.961939971378298743e-22
-1.441594948803634694e-22
-5.328490034211454188e-23
8.567840982882178767e-23
4.146994658081122874e-23
3.388351496599165350e-22
-3.896746685247596095e-23
-1.039542933212427612e-22
-2.909284597909663508e-22
3.445238444376110517e-22
6.658145188640510394e-23
8.772902103326250579e-24
8.636059128920877949e-23
2.163604537389362580e-22
1.014487481559429199e-22
-1.576992775830391094e-22
1.388673883834738375e-22
1.753702224568645464e-22
1.541465442872905567e-22
1.196690891225330581e-23
-7.553099813705509098e-24
-3.331464696937840208e-23
-2.947517017262154005e-23
2.440082502563007362e-22
5.589382401539434340e-23
-2.500283186325849645e-22
-3.228477645020381098e-22
-1.181185917930481463e-22
1.041919267409530034e-23
-4.950051456277552207e-23
1.340390948720636847e-22
-5.244025646051224057e-23
7.794163905562445363e-23
6.619318277911657626e-23
1.760640824011453314e-23
6.529420465197678064e-24
-6.209400515186246914e-23
-5.466685633381821885e-23
-7.245121018985907078e-23
-1.452868931736636151e-22
-1.402959134901732551e-22
1.251062291586442700e-24
-1.336202249192945936e-22
9.768359527575452400e-23
-5.250121914785843445e-23
-9.932292961724487895e-23
-2.138746291540526189e-22
1.729561080975678051e-22
-2.118169160188095989e-22
7.370800189296856479e-23
6.445208742728189929e-23
-8.778347057236081841e-23
-1.983278704228074744e-22
1.583548285690675005e-22
1.158054207600335944e-22
-1.195405037075508996e-23
-2.010561313442263280e-23
6.009869050756842424e-23
3.717325357366066090e-23
-8.335966604098688217e-23
4.490691251910338188e-23
-9.928293309685039673e-23
-4.707633230461223742e-23
-2.905378534002857959e-23
1.452572269837642559e-22
-8.541582800308843099e-23
7.342922011643656801e-23
4.930858998212688137e-23
1.483300850251870866e-22
1.302731703703673280e-22
5.482808372904597947e-23
1.705908915311482655e-22
1.474311798925783998e-22
-1.098050614260179661e-22
9.534073327399048234e-23
-6.003455500139101878e-23
1.553526748271451079e-22
1.834139306727773737e-22
1.290085928953458866e-22
-6.744428129975317972e-23
5.885376878412200945e-24
6.898933402741405861e-23
-2.954894297264028857e-22
6.092689232948542915e-23
3.808700253562779802e-23
-1.760936035347358650e-22
1.067080421831015586e-22
-9.267701023564575954e-23
-7.925973268238541508e-23
1.529985116896154464e-22
-1.213092311785589002e-22
1.532482381059132141e-22
1.514630159551012491e-22
-1.186632562435186874e-22
1.968516795315300139e-22
-3.079028945026366175e-23
-1.102758413520824294e-22
-3.523132086304997156e-22
1.174876664985311902e-22
-1.130720076929108427e-22
-1.188459298123186672e-22
-1.248380358879572004e-22
-7.523019954446359887e-23
1.958340203660359591e-22
-3.695055879637746600e-22
6.034959678907935847e-23
7.898956090773172521e-23
-2.067247307845549777e-22
-7.588387013164703704e-23
-7.393927208229973451e-23
-1.846667747648281492e-22
5.451781967391566485e-23
-2.199103866583793132e-22
1.219109375522305393e-22
-1.244458664736426540e-22
-3.982907977578864157e-23
1.236589520975146231e-22
1.147451195210348747e-22
2.572478152362022789e-22
1.799552451841292446e-22
-1.956273910604782296e-23
3.927768037770780454e-23
-2.660734684852971922e-22
2.504335033165336174e-22
1.539620888205849800e-22
4.146143553753437010e-23
-9.314317097367498391e-23
-1.813088324594419989e-24
2.638730224963796570e-22
-7.386415718078484438e-23
1.406274552274041243e-22
1.052243442987564217e-22
7.215605626784269630e-24
-3.863650122253431120e-23
