-5.434072277254624904e-22
-4.629288074615870026e-22
-1.892760609107697908e-22
-2.940635949098812741e-22
-5.167125537469099609e-22
-7.299956221928229844e-22
-1.740588377601336691e-22
-4.032822471748127287e-22
-4.058960927847608183e-22
-5.321412754376677616e-23
-2.367464443646363188e-22
-1.993560463953949261e-22
-3.746490075238123820e-22
-3.790195539348330803e-22
-3.737599869509470729e-22
-3.433794383850500782e-22
-4.193569103640782706e-22
-3.746220684873529293e-22
-2.602753710584670370e-22
-2.073425560992436528e-22
-3.378606884484627826e-22
-3.421214916792930232e-22
-3.083201688359665909e-22
-5.934328049662091054e-22
-2.148513978520779293e-22
-2.787949129493982690e-22
-3.670439369971407823e-22
-2.232836920409551041e-22
-2.520380605947422610e-22
-1.689422881376275277e-22
-1.574898125494469790e-22
-2.236602838056628356e-22
-2.940423205916219270e-22
-4.292130351994556628e-22
-8.593422118795252053e-23
-4.861618989907993991e-22
5.411880655064655760e-23
-2.239275089976559524e-22
-2.024321813869198556e-22
-1.064014235924871066e-22
-4.590456764986891975e-22
-3.915479632301719813e-22
5.405547448775355695e-23
1.264356596736286765e-22
-4.059552907704722797e-22
-9.115088117688382226e-23
7.890237717120372322e-23
-1.153983099740416690e-22
1.500672188320608012e-23
-2.180046606678631204e-22
-5.811397244821693613e-23
5.442288735031213973e-23
-1.149899712491940078e-24
8.268631067461742081e-23
-2.528852221401085712e-22
1.502787484955485477e-22
-2.185692583653897218e-22
-1.232838433371564330e-23
-1.476904454072391754e-22
7.611997348449228950e-23
2.091413409788544693e-23
1.541771227060390591e-22
2.311287414039233876e-22
2.027724910927029161e-23
8.624680949585520334e-23
1.359747554530335717e-22
-5.499110335793920561e-23
-1.717568112536945101e-22
-2.570630876568402226e-22
-2.560698425020524064e-23
7.100312345836903162e-23
-3.685138155724200323e-23
2.797667768285301461e-23
7.382445653521715090e-23
7.303518692629907003e-23
2.983931995356663334e-22
6.870794117385688516e-23
1.020436929089434574e-22
3.102238019022099563e-22
3.924215470158179853e-23
2.613726768076226925e-22
1.787347052287626071e-22
1.905043269475400963e-22
2.358675939708583677e-23
1.090530807864153364e-22
9.299435181634077544e-23
2.001534812511013060e-22
-3.189873312934925851e-23
5.087859012182068286e-22
2.043754305326805828e-22
1.617623016120173401e-23
6.266564935928485100e-22
1.283029018822804432e-22
5.779054347455538290e-22
2.246968925055323880e-22
4.059712392181892809e-22
4.066681800881893218e-22
4.883208369053920084e-22
4.835386985962613587e-22
3.386721703463050560e-22
5.016603182935626505e-22
3.008364691155744356e-22
2.952223424804576019e-22
3.202022650024546558e-22
3.420053124859802845e-22
3.123096518766959704e-22
2.901472417567606692e-22
2.818440185247612703e-22
1.886274734915103311e-22
5.387841962200305090e-22
4.675537563791356088e-22
2.606735356745192567e-22
3.233032047594284665e-22
4.648946189823841766e-22
2.833982586700660096e-22
6.195798925236489680e-22
6.377845605502224432e-22
1.001978157901086461e-22
1.702558282089552744e-22
1.815803609409237427e-22
4.079800997685241021e-22
5.481498926106255184e-22
4.619424938653009292e-22
3.780855987577792192e-22
2.407397428087155805e-22
2.565243639178826165e-22
4.616402778992761082e-22
3.381006679987362093e-22
4.823754304973662497e-22
3.854305554538019184e-22
3.715230933092376973e-22
4.306401716767726659e-22
6.010447000366118339e-22
6.156025247901380958e-22
1.780897669432561418e-22
4.287089019434247456e-22
5.774930531439634899e-22
3.969392405027767844e-22
4.290654278427090758e-22
3.599673666352790743e-22
4.266668699181690432e-22
3.855026012241147364e-22
4.284522941860180981e-22
4.668556933210585562e-22
4.554152121468096007e-22
3.845985062022347248e-22
4.672619027553552547e-22
6.804243149548171793e-22
6.753358503157582244e-22
3.771485644340167206e-22
8.191210904805178695e-22
2.303105564458796258e-22
5.228298305427695398e-22
3.704800887492308441e-22
4.835883806445436429e-22
4.624733296173055833e-22
3.794493466456709124e-22
5.115982558137974166e-22
2.246220419381558721e-22
5.876198496396643209e-22
4.281970408295188448e-22
6.358281575826642793e-22
2.758492387880430392e-22
4.963537085054845844e-22
5.416715346578950999e-22
2.666288459328672950e-22
5.956759688542379082e-22
4.509839949622726340e-22
5.057679690148994666e-22
2.506258621145828392e-22
3.947216204246101586e-22
4.161396350386186627e-22
4.332986823615031795e-22
1.361506781685335867e-22
5.828995780325838638e-22
1.951618503895617364e-22
3.834822897466780906e-22
5.238151825608116603e-22
4.003823710022274221e-22
4.524709979914681278e-22
4.008373457369203279e-22
4.250572292694487742e-22
2.998170524372178146e-22
3.625608254720408241e-22
2.725813848988563052e-22
2.236026265935448581e-22
6.432527993391184877e-23
3.240497592984685918e-22
2.623575705302067111e-22
2.411799599836954767e-22
2.260546469792437636e-22
7.307036270038803142e-23
3.636551280619782370e-22
2.713880203971353293e-22
1.067087110229972823e-22
2.559762185317667817e-22
4.006035325548589793e-23
1.099071329874816899e-22
2.767283376970781903e-22
-1.592496681679277359e-23
2.160188505213579822e-22
1.561793049559716499e-22
4.130925068639331768e-23
3.070112688048162268e-22
2.038673392067809411e-22
1.450278154680988273e-22
4.067222154936828781e-22
1.591191414436642725e-22
2.252624196837140052e-24
-5.319058922970221879e-23
1.861547009451605134e-22
2.926987586694982100e-22
2.079025197964258567e-22
2.837110214402073596e-22
2.370738293958020494e-23
2.678277209433240575e-22
1.352841697421803062e-22
-1.468901636172985068e-22
1.629754272889041697e-22
1.754033990392249923e-22
2.770309344169697143e-22
5.751519083963360159e-23
-4.877414008403450555e-23
5.430390251247922574e-23
1.808252317469043604e-22
1.649734987120211794e-22
-1.817241167776147387e-22
2.387542627963850001e-22
-9.997000219549492549e-23
-2.958522864827266126e-23
2.512813529005819154e-23
2.051341468193513913e-22
-2.571708317028628671e-22
1.369841471043308252e-22
-3.558152090705679650e-22
-2.583492055823711757e-22
-1.939313035744507879e-22
-1.520102232814213433e-22
-7.163212468861886647e-23
-2.504062315862076198e-22
-1.497022394323444008e-24
-2.104075182224421217e-22
-1.651486203312156921e-22
-2.427225910749571488e-22
-4.234084841110081891e-22
-1.554863126335284566e-23
-2.158093247881979404e-22
-3.787713869064392157e-22
-1.285763956294135905e-22
-3.269425870171799037e-22
-2.499261910251752677e-22
-7.311432891287982368e-23
-2.541324636234739929e-22
-3.728033016916563821e-22
2.622140411649481826e-23
-2.990526921957613788e-22
-1.671019933520670389e-22
-4.489097852760569559e-22
-3.106247101815957536e-22
-1.264744493500587419e-22
-4.404750275589113922e-22
-3.591011137160211826e-22
-1.681884273204707180e-22
-3.108591987359025215e-22
-2.958266396123682679e-22
-4.796533668345359435e-22
-3.779530585213201292e-22
-3.450382238149667630e-22
-2.621490411935003908e-22
-2.379364033061443047e-22
-4.145276404447264709e-22
-5.071297866761257957e-22
-3.898688713218858737e-22
-4.284613967071980558e-22
-3.112603222243814219e-22
-1.688912087554855126e-22
-5.021477604316789930e-22
-3.100620892561569880e-22
-5.339258950328913213e-22
-5.575059214311799670e-22
-3.425123850788274417e-22
-2.203289870567783263e-22
-5.581342222259209488e-22
-8.865253636914638525e-23
-5.331107729924296338e-22
-2.353553632319406684e-22
-3.350893400768045971e-22
-6.487492042686262051e-22
-5.458906422157826619e-22
-4.146410492816380770e-22
-3.618859032614265774e-22
-4.163819730787511496e-22
-4.718138246968030228e-22
-3.014222827710410420e-22
-2.987960620526120996e-22
-4.467114306403113391e-22
-3.526166936574618620e-22
-2.090138925025955503e-22
-3.450236496659599758e-22
-3.257947764245975508e-22
-3.807073656384393415e-22
-4.067827271776420535e-22
-5.566207510597094085e-22
-4.489505705560457264e-22
-5.176977764011901494e-22
-4.307984909854396735e-22
-6.693197305603618960e-22
-5.514285436217725262e-22
-5.995617262086740314e-22
-3.042577649000297168e-22
-4.177466865833044559e-22
-4.833680415860659041e-22
-6.372133049091341456e-22
-3.587828914185189698e-22
-3.893612397235300819e-22
-5.627333165535151008e-22
-6.875281674512397915e-22
-2.942154497579990018e-22
-5.432904758313530945e-22
-4.047986218221484072e-22
-7.278459069060668893e-22
-5.223841466833377155e-22
-6.333047211892041304e-22
-6.305081555626714668e-22
-4.127506671570920569e-22
-4.489073551773074426e-22
-5.180865270314955723e-22
-3.661228013801777488e-22
-4.958433383415662211e-22
-4.896380087188083223e-22
-3.246900418034494206e-22
-3.684577311142567971e-22
-4.513863732961609387e-22
-3.129448857547451570e-22
-1.712018490332841761e-22
-3.699189733892571237e-22
-7.413417112321907376e-22
-2.661390725281386208e-22
-7.592789627474878869e-23
-3.990364042970819445e-22
-5.144342509744315089e-22
-1.963149822095418190e-22
-4.591744076448440427e-22
-2.580024959980742398e-22
-2.325768294100990590e-22
-3.809707234881903439e-22
-4.163454535345853853e-22
-3.472496534993344371e-22
-2.001637846266524188e-22
-2.713635077348574335e-22
-1.874321799369294388e-22
-2.916839108921235939e-22
-1.861470139916590299e-22
-2.470299137241259538e-22
-4.905892982124570907e-22
-2.246856048819032376e-24
-3.765568495396782376e-22
-1.832385163960162492e-23
-2.132288085524893426e-22
-2.751836561933403816e-22
1.322768485946132228e-24
-2.229297445608618332e-22
-3.163513408491766577e-22
1.792217106972803672e-23
-1.857094501160028973e-22
-2.116183284759652275e-22
-8.973093407674701382e-23
-3.404980721861598570e-22
-3.023333316648249415e-22
-4.349789256466488086e-23
-2.619250471327898007e-22
-1.928791114038959501e-22
-1.088306229469396758e-22
-1.470449766172180699e-22
-3.524873400942759009e-22
-3.330679066337588408e-22
-3.553565346117242967e-22
9.001520260010320261e-23
-3.888252468030609222e-22
7.812821714883384743e-23
-2.380980992594404563e-22
2.144807142114150124e-22
-3.370991176399530987e-22
8.359627443366942932e-23
-8.262950342535122751e-23
-1.452499309351829645e-23
-2.068811418773626814e-22
-5.954383726828069015e-23
-1.610129224410150205e-22
-1.668961103456886408e-22
7.993363496261334047e-23
6.826257711430583835e-23
1.735823040299882823e-22
1.427840065110698932e-22
-1.051616715906533803e-22
-6.147063535339065889e-23
3.132495898811269110e-22
1.000112736997635642e-22
1.558007224314681827e-22
2.138334577505535270e-22
1.292758947895289058e-22
7.985111799832712485e-23
3.827813742783166769e-22
-7.019840561561273556e-25
1.042449568187070900e-22
-5.109028207889435600e-23
1.022069238055232184e-22
1.405492679701053128e-22
3.068306462233102497e-22
2.699168638689333967e-22
3.035119083636351155e-22
1.830550450749984031e-22
6.220924916706136473e-22
1.488400755982121080e-22
2.141482807058599193e-22
3.983468951170913584e-22
3.707506837480269635e-22
1.873516305583352774e-22
1.673049630758392469e-22
4.825212118438180854e-22
2.065362313981117917e-22
3.205232433891628717e-22
3.561147342558327569e-22
4.352894866130293717e-22
2.647019627518489428e-22
2.694496843161702412e-22
3.742942605847157498e-22
2.238587551177776577e-22
1.357049349695821549e-22
2.591004571138913709e-22
2.860586995810561537e-22
4.548732422271741441e-22
1.805821723315202166e-22
4.236574296613328053e-22
1.987503404689927389e-22
3.106171082443586090e-22
4.074662588192767229e-22
1.476343741001243255e-23
4.197060531168079874e-22
2.432822635906412088e-22
4.715326426758229270e-22
2.876368676174021463e-22
2.197279103709659402e-22
2.717912832740211322e-22
4.078382788761262407e-22
6.641203947237230628e-22
4.934434385544936463e-22
4.757167862235135918e-22
4.618986309610170059e-22
4.396727844106119490e-22
6.565947610948688114e-22
5.323362731010454377e-22
4.890629546983858281e-22
4.085456122783689108e-22
2.540237605504187081e-22
4.972485031707950201e-22
5.016658509620299456e-22
3.966539913385701647e-22
4.967490863468802485e-22
3.496702328732388825e-22
4.509655798004913245e-22
3.854467460531827204e-22
4.584973793990227984e-22
4.130822562248615071e-22
5.305381367371054883e-22
3.277473585254322442e-22
4.001137089348339834e-22
5.687875110556287819e-22
4.914018911300481831e-22
5.517707475971559206e-22
5.776574599770449768e-22
3.905773476125357187e-22
5.662490819866844834e-22
5.526324782362488882e-22
3.442805559329202320e-22
4.524483838778431926e-22
4.295176529510552676e-22
4.299064268612279127e-22
6.766844743841660250e-22
4.237943332179695787e-22
5.197744874142930645e-22
4.973768094027512357e-22
3.508014312633689308e-22
4.356994801379257079e-22
5.400834749383917075e-22
5.139869927577081695e-22
6.617718108748737845e-22
3.748032768805065558e-22
5.776793385069034509e-22
3.228995271882595926e-22
3.705333356892310757e-22
5.827334578209367004e-22
3.329949758468007085e-22
2.662384192873875081e-22
3.351929878671891825e-22
3.863835048215716026e-22
3.898926216647078800e-22
3.754566052982233314e-22
3.767838020516691255e-22
4.138142625431110141e-22
2.294948164871868451e-22
3.111879619092366500e-22
4.465182179810327710e-22
1.715547979752636960e-22
5.167214585284997517e-22
2.357225684800962621e-22
2.531755909380133918e-22
5.772849173555926763e-22
2.255915858064525142e-22
5.570116300358827683e-22
3.189667827731561652e-24
4.658261246068468343e-22
4.143885018467593758e-22
1.906125958223967236e-22
2.539635103855961874e-22
4.044627084063919280e-22
5.598630652546538628e-23
2.716907245396231482e-22
2.799992151572093425e-22
1.370338112874105865e-22
4.032488166646568056e-22
4.636634281705291390e-22
3.898302747173742226e-22
2.650539590111430172e-22
4.208231519295950266e-22
-4.317347661277036256e-23
2.104193245009608479e-22
4.276810438283927903e-23
1.089626657678337232e-22
2.208225283855424704e-22
2.232245481461790695e-22
2.820883144153480735e-22
5.552317766302758714e-23
2.544096116717293635e-23
1.575087619024665499e-22
3.102418650813328760e-22
-7.940289661817979247e-25
3.545133641128475261e-23
2.260031259454164852e-22
-2.689490096658033472e-23
1.445299202605992381e-22
1.933188943392968018e-22
8.087711978840169923e-25
-3.905613366626876067e-23
1.636668558718910789e-22
2.491624980399684652e-23
2.024672315245104029e-22
-2.456260004093686965e-23
9.075744702034132498e-24
-4.599468711594083462e-24
-3.948923591848694784e-23
3.151166885784512531e-22
-1.185232531236782143e-22
8.493441832028586311e-23
1.044427909594647775e-22
-9.589393053297409763e-23
-2.394135126428355195e-22
1.039973984396998570e-22
-8.010581002137891096e-23
-2.190740495207251540e-23
-2.845986116265293392e-22
1.766421408457849568e-22
-4.110883025241034862e-22
-1.059273831860816393e-22
-2.750686515824229889e-22
-3.691245170172589974e-22
-1.712937701494335634e-22
-1.218445692885632092e-22
-1.883445911985096212e-22
5.116508757686140828e-23
-5.777665967611001921e-22
-1.341093492880450171e-22
-1.214115023811249436e-22
-3.224452602851424556e-22
7.915430405298046167e-23
-4.788511171773709952e-22
6.214476259785155550e-23
-1.765871257948566271e-22
-8.123133544887608648e-23
-3.756958272880968921e-22
-2.978727134500083762e-22
-3.394556495569016811e-22
-2.655982544554485660e-22
-2.130149549135880604e-22
-1.749443605916832063e-22
-3.045516204228625195e-22
-3.700317834142617721e-22
-3.996065458383842132e-22
-3.189707577265283517e-22
-4.148031144906446815e-22
-1.090180837217072761e-22
-4.310921056518881575e-22
-5.908474522052992168e-22
-4.412324976289457844e-22
-1.262054377677481591e-22
-3.857257402618654927e-22
-7.546465821002746179e-23
-6.792548682594038897e-22
-4.625383935909049207e-22
-2.678066977109784857e-22
-3.706382649687807265e-22
-3.949579670989217956e-22
-3.082819751255570602e-22
-4.084845468585358228e-22
-5.752117726433777821e-22
-2.330571827696200402e-22
-3.959063562026054111e-22
-3.964721299362665824e-22
-4.576611735861186707e-22
-3.925845409606614645e-22
-5.700896234666889148e-22
-3.849281434654231686e-22
-4.602133699212647835e-22
-5.508097392391147447e-22
-5.320287859555219954e-22
-5.489016290271528239e-22
-2.675867600020341824e-22
-5.512942536966942715e-22
-3.497883833041677386e-22
-5.281957135967836168e-22
-3.849087334653904882e-22
-3.048809602519976981e-22
-4.468366217158788422e-22
-5.790493747905226406e-22
-1.779808983039910831e-22
-6.908368403934865955e-22
-3.320560118904891787e-22
-5.933719767003652123e-22
-4.042200649258598446e-22
-4.408339278365418438e-22
-4.321332190373907805e-22
-3.759451418533627414e-22
-6.069937178792435049e-22
-2.016134461697644793e-22
-5.672377237063310248e-22
-4.188428331335754872e-22
-4.488255101527333224e-22
-4.886196598971504306e-22
-6.159522220458227890e-22
-3.291812412551481010e-22
-4.080890220046718352e-22
-4.460849639367919957e-22
-4.440217704104835600e-22
-4.149103735390883409e-22
-6.672365438270638407e-22
-5.525244553475616573e-22
-3.022378521392455607e-22
-4.645178266304054630e-22
-6.085005917253077053e-22
-7.532102326865874373e-22
-4.480461437512403355e-22
-5.833026418402454898e-22
-5.922590561203934702e-22
-4.329661664693945026e-22
-1.126874574388034263e-22
-5.297574560535711287e-22
-2.697424323185512906e-22
-6.795734234318913123e-22
-2.686517827407654971e-22
-3.123018087658752558e-22
5.602489225400232997e-23
-6.733514408294445875e-22
-2.911122093470653288e-22
-3.181307815717021988e-22
-3.878402297500799402e-22
-4.744930327460037336e-22
-5.301901507044253985e-22
-2.146866595488695927e-23
-3.634003617452591159e-22
-2.153006114119424976e-22
-3.821808173482600779e-22
-3.594488622862341009e-22
-1.782394249387896459e-22
-4.154235808590822769e-22
-1.649561311610789083e-22
-2.708454513137228340e-22
-4.177526217565424310e-22
-1.725270844232589471e-22
-4.824168127795482229e-22
-1.583621847304740702e-22
-5.737531066590385455e-22
-2.371578849110958100e-22
-2.766388624103553551e-22
-1.913980828889212779e-22
-3.216835556351022919e-22
-1.930295185805880160e-23
-4.188762095400312904e-22
6.301538079924597689e-23
-3.309364203501351743e-22
-2.908911949631238366e-22
-1.609623259316467398e-22
-2.921910399855163597e-23
1.701693759582377312e-22
-2.341839740131719515e-22
-1.068315335135744874e-22
-1.706269351231977168e-22
-2.520961583636808946e-22
-1.217990028289554255e-22
-2.636237549399925126e-22
-2.741557365175678756e-23
1.586777596661687365e-23
-3.645493831939214011e-23
-1.693587337198291021e-22
2.946483608409346469e-23
-2.471186543262410436e-22
-1.527348365054317929e-22
-8.197103619994360764e-23
6.539458206703089067e-23
-3.242610082674201145e-22
1.209669108552486995e-22
-5.113482999389485330e-23
-1.287730693894063477e-22
7.834836781479005741e-23
-1.817911310346630043e-24
1.703132917690524897e-22
-2.907137985389713702e-23
1.001576844932513839e-22
1.687817214124466879e-22
2.118750673499388711e-22
2.408319129442641413e-23
-6.017506612175850178e-24
3.053508030269421033e-22
2.906364104534015105e-22
3.600553967070768992e-24
7.434417574058391561e-23
1.777933115845343946e-22
2.844215965637500354e-22
1.616747955071834849e-22
-1.418336395368186253e-23
1.583709355399087415e-22
3.575361151423943005e-23
1.619886964137532147e-22
3.854952175601506270e-22
1.160095077032174339e-22
1.089411737686713358e-22
9.003801470881605743e-23
3.116872020234632643e-23
1.178340686363774075e-22
5.022336422259159478e-22
1.205018035862680177e-22
4.504195046986069017e-22
1.641943678111589573e-22
1.666416869276777419e-22
2.746170104234892747e-22
2.781521523442956436e-22
4.508467215572575659e-22
2.393339014625437879e-22
4.117987724741935973e-22
3.795190762049496185e-22
3.410005854658247345e-22
3.203729279448380702e-22
3.610846395387040505e-22
5.044216804669380036e-22
4.019317351242532428e-22
2.776193964167335184e-22
5.728205552953530774e-22
4.126163696041892061e-22
3.998066532777676615e-22
-9.932300303700258801e-23
5.394982608813494984e-22
3.592262509075011911e-22
4.004473828984565439e-22
4.726211823896568490e-22
2.998016890287981751e-22
2.813346562124688118e-22
5.629462558239767386e-22
2.719599887940924503e-22
7.297752821726491492e-22
5.545903659240247335e-22
4.544492301179823826e-22
4.259213040080288167e-22
4.664010992201364214e-22
5.146633036398442344e-22
4.328956436449121642e-22
3.883248940866751488e-22
5.675404620688104623e-22
5.274095565171918588e-22
3.854977419144044799e-22
4.765386046944402567e-22
5.396383573547552222e-22
2.717631755730656424e-22
4.549048234982359880e-22
3.751166034381152375e-22
4.147561289451233447e-22
5.013904623464880399e-22
4.162390863229692937e-22
3.218375580397331721e-22
3.785170388546225985e-22
3.672814679667381449e-22
2.670413321919965428e-22
5.415933704101686234e-22
3.459630325754621571e-22
4.972073807479243128e-22
2.783359241332585706e-22
3.401038466809297959e-22
6.600311580811060878e-22
4.411182000321151248e-22
5.809603526092940871e-22
6.463584322933018590e-22
2.883858522881210962e-22
7.538664847106616801e-22
3.684859032643060629e-22
5.099918132331537719e-22
5.307284595722596919e-22
2.814360144323839494e-22
5.723563621011458094e-22
6.170404651529196612e-22
3.538598831159968805e-22
5.842393758845915597e-22
5.178337351607308021e-22
1.893990522452989640e-22
5.075893139761722860e-22
6.658626319251086049e-22
3.556894525609992911e-22
4.074073070552930052e-22
4.272741094785253672e-22
5.458989088085402395e-22
5.651990337604986510e-22
4.683234143152405682e-22
4.415136781966059787e-22
2.655544907440632975e-22
3.435974534653335787e-22
3.942450196461781196e-22
3.348133521918333020e-22
2.404401454597909017e-22
4.559200295265343152e-22
3.201042776549483683e-22
2.977238392092892201e-22
5.701754748349356496e-22
3.317832604344727106e-22
4.796216832054478193e-22
4.820757403596471420e-22
1.888199889451117120e-22
2.034639963362230173e-22
4.191462218043741077e-22
-1.564205124187675527e-22
3.689918484227280296e-22
3.433468002584031091e-22
2.250644974442947641e-22
1.546182582934569662e-23
3.177690463962691698e-22
-1.007885676375122753e-22
1.710750008972625856e-22
1.781661463504646930e-22
2.345100498845797816e-22
-1.841364851917806057e-23
3.300157825595635487e-22
1.883054661901007392e-22
4.402736141589067659e-22
2.380218644356112121e-22
3.644745009847903699e-22
1.780515041919952834e-22
5.326357705990146778e-23
4.797234036346660460e-22
7.870231113611598231e-24
2.264851356183017230e-22
-9.312856569727037164e-24
2.057295587689906454e-22
2.700735487174170201e-22
-6.660636160001679220e-23
1.060777053114467914e-22
-5.554901252438009015e-23
3.282413747258725617e-22
-6.908018359882402446e-23
8.154269402905629454e-23
1.746620566443985814e-22
4.297695377407899011e-23
-1.141462906158349754e-22
-1.024208849315051124e-23
-8.549521092921349857e-23
2.034579501972499273e-22
-8.998101950701503631e-23
-3.264586876857004626e-23
-9.128843531188534363e-23
3.179799431556469774e-23
-1.304087790642845930e-22
-1.487061958045250236e-22
-8.734819245601693581e-23
-3.136016966775041623e-23
-1.548234024286288572e-22
9.685007978352715561e-23
5.921204756760261828e-23
-7.222903503354686166e-23
-3.356192081804006327e-23
-1.295670135286680875e-22
-1.390585037523675242e-22
-1.906776178842924572e-22
-2.754496978776997997e-22
-2.065121144459847638e-22
-2.198171858496021702e-22
-4.056502940291265799e-22
-2.020275498188068514e-22
-4.586484884401102283e-22
-2.043751170254820368e-22
-3.709124095153804576e-23
-1.307457551474128317e-22
-1.946471802464458147e-22
-7.573967933309719638e-24
-3.016861863695190220e-22
-3.249834499172178466e-22
-1.697881784829757996e-22
-2.802171916095515397e-22
-3.375518735114199137e-22
-3.085384311377152800e-22
-4.115711995141591437e-22
-2.598766096745534513e-22
-1.723970245198930030e-22
-5.641646798715324513e-22
-1.393491929306298299e-22
-6.107588435699742873e-22
-1.831038260785013695e-22
-2.462441352811601892e-22
-5.615717234833953866e-22
-3.040277303754489151e-22
-4.155578991758882823e-22
-6.912420506200323763e-22
-1.082138250612124115e-22
-3.378640314643309433e-22
-5.339522425839675340e-22
-4.633163935346616240e-22
-4.717538116638450126e-22
-3.965872200429579679e-22
-4.007733302117198312e-22
3.770686328979206422e-23
-4.175973737590106337e-22
-2.507154058477301036e-22
-6.245773232330493424e-22
-4.638755198165841116e-22
-4.960273562433699568e-22
-4.719932981904101172e-22
-4.230285971693741124e-22
-4.843947501370260576e-22
-4.243195128419322670e-22
-4.370598309303922698e-22
-6.055193165829734327e-22
-5.305927594619056086e-22
-5.387142446523018336e-22
-5.336332979518609628e-22
-2.461713652037164723e-22
-5.805135510445794134e-22
-3.675456538802685011e-22
-4.592635020141701029e-22
-3.007830255833140604e-22
-4.152862118597452392e-22
-4.697098028507619342e-22
-3.944836417199431637e-22
-6.541806419899410149e-22
-2.934524376183146528e-22
-3.049635355005810857e-22
-7.016184180666628729e-22
-5.831073436763853784e-22
-4.687331236188129871e-22
-1.137389361469362738e-22
-5.855139636191841161e-22
-3.845866686273817208e-22
-2.848530828554903358e-22
-4.331654587340537888e-22
-5.480279732765407901e-22
-4.878852386656835399e-22
-5.211455880978474884e-22
-4.346468248586549353e-22
-5.669044448521850105e-22
-5.951451060691503376e-22
-5.502233219566456738e-22
-6.124469654570936911e-22
-5.836479480032085928e-22
-4.503741109478807558e-22
-4.754276120751698589e-22
-3.927538304998435647e-22
-3.850399544232234238e-22
-4.375172357115550008e-22
-3.629835530534253908e-22
-2.908307182675264847e-22
-3.553530143057537252e-22
-5.720802600705800086e-22
-3.742900184277349169e-22
-3.137748126056268053e-22
-2.405070272984201004e-22
-4.830485573219298582e-22
-1.853917836387823154e-22
-6.063003667222991857e-22
-3.815097537585284616e-22
-3.205274077605598804e-22
-4.130209479455416823e-22
-5.094245878110590275e-22
-4.322142286108534123e-22
-4.491987819530157021e-22
-4.175312229684430873e-22
-1.461442878587070130e-22
-3.668793292241942689e-22
-3.235230855636437261e-22
-3.704883421911251064e-22
-3.337955820983307772e-22
-3.765958685911425790e-22
-1.390535985124965325e-22
-4.405640176191382499e-22
-1.868761656484879829e-22
-3.069027679017006379e-22
-3.138149373827033804e-22
-1.296385225416554035e-22
-3.074193731213836772e-22
-1.954381295017305402e-23
2.071446735895228100e-22
-2.567801301392112382e-22
-3.382910566129847649e-22
-9.703545885576350324e-23
-3.167602923024508626e-22
-1.815358968557069986e-22
5.474526889208457010e-24
-2.957981886113717885e-22
-1.111142934866512750e-22
-1.609734913527000697e-22
-1.356955228813455166e-22
-1.025011566711298530e-22
-8.640170648574444551e-23
-4.405109135205341442e-22
-1.736161982097783968e-22
-2.255267594150681693e-23
-9.594457317466083506e-23
-7.957793625748193386e-23
-5.980035410526680591e-23
-8.726015521238238580e-23
9.905920522941270411e-24
-1.903045217678437035e-22
-2.674650246515233504e-22
1.906085024722063282e-22
-1.173669754437525392e-22
1.591494034096855462e-22
2.955467856308853729e-23
-1.047694159868676093e-22
1.241246412822526442e-22
-1.344759173198383231e-22
4.967232687949959419e-22
1.249277791676480908e-22
1.136027285854515708e-22
-6.623687205389466707e-23
1.744359263872570992e-22
-3.416855911683010829e-23
1.597391389037020004e-23
2.763214931957745134e-22
1.618412611359416422e-22
4.160261205335493165e-23
4.013697020429342005e-23
3.305334440718392733e-22
-5.364258813729338330e-23
-8.490604951503110573e-23
2.399743501141252754e-22
3.804720026665580034e-22
2.061642929164939357e-22
2.783958926196923011e-22
1.880626397428112203e-22
1.976513754551840808e-22
3.225666218788885431e-22
9.390820583995079312e-23
3.647061059097086189e-22
-5.905493596942240024e-24
2.187069214845634163e-22
1.620216533425960354e-22
3.430774249096454544e-22
1.446576825897496201e-22
3.410185248079407434e-22
2.064632578953898907e-22
3.388690450914574348e-23
3.892411916577311180e-22
3.781705436618095473e-22
5.745639965265831609e-22
3.464827452822879953e-22
2.699117140297981848e-22
3.666596655026070291e-22
3.582001017063303854e-22
2.081717787900907504e-22
4.799476557408727062e-22
2.380330620203106664e-22
6.422672990485016096e-22
3.767702653778909564e-22
4.993834839059310339e-22
4.085818381851851757e-22
6.150084265605814103e-22
5.303184417620827437e-22
4.255805646871098359e-22
4.517186491145348900e-22
6.144891506115602177e-22
3.564497545507735618e-22
4.541742780171376094e-22
5.053117582385607070e-22
5.474958680030260180e-22
4.129515210094253217e-22
3.780465527664557163e-22
3.128325836797255873e-22
4.321609652324964753e-22
7.101090958235856289e-22
5.164195627599553289e-22
3.155137617636492190e-22
4.558066401489564498e-22
3.576802484029439646e-22
2.949998351456299240e-22
3.033347404279248083e-22
6.173321507619189107e-22
3.719571266365405468e-22
3.323955058011627015e-22
4.593927580600721792e-22
3.223390122768657290e-22
4.519763835602646650e-22
5.746963615794622041e-22
2.907240962774811007e-22
4.878233654409209891e-22
3.837998799262534583e-22
4.506676779994065549e-22
1.637147793199066997e-22
4.160809724569603955e-22
3.450279647524609380e-22
5.741574561056169293e-22
4.499590298362547956e-22
5.874922945641584405e-22
2.794974779261892112e-22
6.288683278702850691e-22
3.754292794996063481e-22
6.276267428988113941e-22
3.423737807699021830e-22
6.996590409967244845e-22
4.299308839724919049e-22
6.126048387698372153e-22
3.506335542325121641e-22
5.407055131253135097e-22
5.923478637002459909e-22
6.674216096109403223e-22
3.071820787956126071e-22
5.915524176079878364e-22
5.062949109039277066e-22
8.071394538735135736e-22
1.790658698002720982e-22
6.544716243602857865e-22
3.378915500084445137e-22
4.207519700072554898e-22
5.379938093096225148e-22
3.560578700239475479e-22
4.212030352078841839e-22
2.166536833912464618e-22
5.373907704145088777e-22
2.139217440413166686e-22
4.311391909939094990e-22
1.833152464182456596e-22
3.454579076259171813e-22
4.304832230842951703e-22
3.890409649506032514e-22
2.357841322036864278e-22
1.400624879315431455e-22
1.380323811403755404e-22
3.084894180192908773e-22
6.604950053198168508e-23
3.868430751187584396e-22
1.486646834886784313e-22
3.130298130833532670e-23
3.990875071530878576e-22
2.259230102079173451e-22
3.138147446185692834e-22
2.216849285460904740e-22
2.646921869075976981e-22
2.703840446374270872e-22
2.064773059834727583e-22
3.635980111319484546e-22
1.604392313825799976e-22
3.737597770026580962e-22
-1.941090440674154570e-23
1.653687644288238909e-22
7.303243231867264023e-23
3.705775364525056964e-22
1.816940230402547325e-22
2.160381431756680932e-22
-4.092275011552313407e-24
3.826477163310036468e-22
-1.221691201638460401e-22
1.621412372341936347e-22
1.302294955149971436e-22
3.628893998433481966e-22
3.372850102385049272e-23
5.714862174412647672e-23
-8.627810604379090743e-23
-1.951321726912290151e-22
1.084481102249012339e-23
7.003676297957571835e-23
9.384428377698991753e-23
-5.348455242610577849e-23
1.852280666557859684e-22
-2.152236390317273407e-22
1.474399758053887495e-22
2.192847121524480353e-22
-8.302234966863872359e-23
-2.951882298472117629e-22
-3.754417764565344161e-23
2.336860384104474543e-24
-4.360221926111076585e-23
-1.064702314644272946e-22
-1.167672920986646173e-22
-1.508349794144452194e-22
4.002986903399479102e-23
-6.848572765172608212e-23
-3.116527540922138749e-22
-2.550472243979616418e-22
-1.292547212953212732e-22
-1.725918079698001558e-22
-1.938249193176280449e-23
-2.008136731149041688e-22
1.461872677151855771e-23
-2.724317688672550531e-22
-2.226951251777701981e-23
-1.380841870623847753e-22
-3.374921581929303807e-22
-4.401616058909008732e-23
-2.173099580376926530e-22
-2.206978085864631236e-22
-3.683923928806896204e-22
-4.518645025727165636e-22
-3.016453680729931513e-22
-3.539289354649247913e-22
-2.419013807172092900e-22
-4.584829690682076630e-22
-3.681231932482056153e-22
-1.924875778404090026e-22
-2.467834951307876212e-22
-3.310057536242693865e-22
-3.253328831676336071e-22
-3.421764470414078778e-22
-3.324562331913380297e-22
-1.972616829734644339e-22
-2.677395639226288011e-22
-4.637805158695365964e-22
-3.913658115326799711e-22
-5.480125009946045143e-22
-5.123629496760628624e-22
-3.419169120151188687e-22
-4.550368855428935092e-22
-7.571987428331831725e-22
-3.075097624607388790e-22
-5.045098277317039416e-22
-9.163050034776874628e-23
-6.486299878830567189e-22
-3.589011891979933697e-22
-4.665242467002606567e-22
-4.776660578280967362e-22
-3.774377484914723905e-22
-2.408447934846850511e-22
-3.604182609280061741e-22
-2.770780136134695851e-22
-4.453953604409244795e-22
-4.115781100692198188e-22
-6.367688878279483894e-22
-4.529117222309516399e-22
-2.721200302039999966e-22
-6.873212680838638799e-22
-4.051799034518705630e-22
-7.270043967696888293e-22
-2.533658500942324214e-22
-6.411451216566120526e-22
-4.819156525920038871e-22
-6.332338775241232624e-22
-3.439345428177941686e-22
-4.867310940549519223e-22
-2.739558534413992328e-22
-3.905940428537986900e-22
-2.346037075760117820e-22
-4.058081622310856232e-22
-4.348674654182252412e-22
-6.640684397244312786e-22
-3.968935294108166477e-22
-5.493058346026645198e-22
-4.905568193335769993e-22
-3.311430826629142642e-22
-2.238286084478577807e-22
-5.736779388356138105e-22
-4.771288072809703731e-22
-3.429334200502745037e-22
-5.350921884112397120e-22
-1.943214379534957198e-22
-5.668447181317111691e-22
-6.421338504162469308e-22
-4.331448723778630914e-22
-4.123006364426561363e-22
-4.461394865865085549e-22
-6.452644156587835542e-22
-7.144136845377364018e-22
-3.658634772033614327e-22
-5.396730677811566239e-22
-3.294420722522401533e-22
-5.530013315956917362e-22
-7.745361502318079800e-22
-5.592685673991887105e-22
-3.686605985008679847e-22
-2.773897679670374142e-22
-4.113119043781080292e-22
-3.711349209577054609e-22
-3.545499539685950760e-22
-4.771380655031650600e-22
-1.118879738781445209e-22
-5.525871763208649575e-22
-4.433758569797012154e-22
-1.024420017166345092e-22
-2.644613849626784201e-22
-2.270088714936185165e-22
-6.384147271377126669e-22
-2.772084843262432835e-22
-3.719882827653519326e-22
-3.882452810983838621e-22
-2.913407057953469680e-22
-1.101118079953521445e-22
-2.692202532474651291e-22
-2.495743870810955965e-22
-1.746571735208446123e-22
-5.795274285656393150e-22
-3.018861225594348023e-22
-3.191521604000019789e-22
6.944510501182807603e-23
-1.677098378337046582e-22
-1.868683904238620219e-22
-3.473041775705415671e-22
1.314686698303649776e-22
-2.721284200395348344e-22
-1.119682439629979105e-22
-1.393757192426801078e-22
-1.854932977415345919e-22
-1.336870133701915289e-23
-2.213479717504563343e-22
9.246795666728852493e-23
-3.351885104014761913e-22
-1.198736832129334447e-22
-9.403820620350336600e-23
-1.490104820636583784e-22
-3.802803339567463027e-23
-1.806622281227689513e-22
-2.184921866098054267e-22
-1.714910130790844740e-23
-3.761501471833505161e-22
-9.577391742346621526e-23
-2.113370788494984525e-22
-6.102176176687110633e-23
-3.984257838442268584e-23
1.290943096319688715e-22
-8.194082127098777127e-23
8.726862026914483997e-23
2.005236959271745265e-22
-2.261963050453434381e-22
1.718587176163983081e-22
-2.027485271148861207e-22
9.033462257855089524e-23
6.289231095276027259e-23
2.316339606118637139e-22
-6.971197210706843246e-23
8.437106503102193961e-23
-1.502641751625771093e-22
3.307918846263615025e-22
1.597600401522408425e-22
1.075670531760824401e-22
1.718263800949089837e-22
-4.473120217626880906e-23
3.799795498334414932e-22
4.572690432247058901e-23
3.085149073812850685e-22
3.697532411426258457e-22
4.034757637185243802e-22
5.608824029376814127e-23
4.801857748464680722e-22
1.020650598275162123e-22
2.809399280184111990e-23
2.815451000741976507e-22
1.548027079535222698e-22
2.755698647163713450e-22
3.647736823619771277e-22
1.885714689521295298e-22
4.328471773694968183e-22
1.700867269973098253e-22
2.515405682310865077e-22
1.964296574204550027e-22
1.979315077660587013e-22
4.117515299357330632e-22
2.575494007836828153e-22
3.847907045102679927e-22
4.053583524431647032e-22
2.257153112783511563e-22
3.503270395056090404e-22
2.356979883791239912e-22
4.875444240323822459e-22
2.979315637866708010e-22
3.813306717834548883e-22
3.257559748059266553e-22
3.649233982093735130e-22
2.441673189706146937e-22
4.115796105084304072e-22
6.815049306598394826e-22
1.653496995323268611e-22
6.193187105600434737e-22
6.338015419906091689e-22
3.846936291734453270e-22
8.337559618100094720e-22
4.343337154669329866e-22
3.607885093740232444e-22
4.926543073543021597e-22
4.609362552240980990e-22
5.684950419932076573e-22
4.257515054485260713e-22
5.064939260011446554e-22
3.758809623234461116e-22
3.021512192084976641e-22
6.231167456171753482e-22
8.897874011080378994e-23
6.209654931218567609e-22
4.595828312774435027e-22
7.580038502117378451e-22
5.499936333152816400e-22
-6.600588037980718032e-24
3.013785637703282942e-22
3.723664083294396162e-22
4.086693891458366100e-22
4.284570536388361522e-22
6.505535545869869291e-22
4.087290096584171214e-22
4.133457727518658054e-22
2.236228767456174661e-22
5.772605782551361772e-22
4.979053065634130333e-22
5.273670473632104278e-22
3.696121739090193010e-22
5.838166924214506265e-22
3.948864535396934328e-22
3.342309521624756673e-22
4.603441983906596714e-22
5.448116912830499073e-22
5.408990202954018233e-22
5.060236398125651409e-22
5.078287529059381954e-22
5.208812487833887669e-22
4.422873967944104291e-22
4.934488810199621855e-22
5.014880132237877283e-22
5.431359922471885183e-22
2.088165341036669468e-22
7.282778937813095008e-22
3.437829987588797868e-22
4.692189167770565571e-22
5.917486767027713300e-22
3.992360485974012501e-22
4.249619250050130713e-22
4.538858424218371565e-22
4.889040564199401667e-22
5.127904728620136897e-22
2.956845019727810435e-22
2.213655192015331258e-22
3.604027876429982344e-22
3.696220081102335693e-22
3.366340080803521210e-22
6.273543357482717808e-22
3.362959266650534634e-22
2.462601020365504806e-22
4.594346179041082985e-22
2.746449125432673883e-22
1.709197044859501123e-22
5.308071523654804161e-22
3.440960178053316759e-22
4.282474827589434747e-22
2.576546305461268259e-22
6.966499486743498977e-23
3.548163688927349424e-22
2.175140337640190969e-22
1.239051872709050907e-22
1.567034579953978990e-22
1.410320713786491683e-22
2.507552819933004695e-22
2.875722833915494969e-22
1.765134466651575405e-22
1.881417127435577903e-22
3.315100624521096473e-24
1.011962877301247349e-22
2.572575714655629949e-22
2.708758884280942361e-22
-6.642745320740508579e-23
1.353182278968664251e-22
1.881117587209512407e-22
-1.348233398706186278e-23
8.192642543233701286e-23
1.424611545753363523e-22
1.814257993773748331e-22
6.354692407583192067e-23
2.619455615082254162e-22
1.652128388200158161e-22
-1.522484344246117083e-23
2.181595470208378238e-22
-8.651780682409751413e-23
1.919630449009379005e-22
9.918581876664474723e-23
1.610410720382627014e-22
1.352824940992526299e-22
7.501411580142908568e-23
-2.604454419111921742e-23
2.331672132401151604e-22
-9.950752294431379003e-23
6.322929015910484963e-23
-6.232214319977580384e-23
6.531773718548904024e-23
5.428105565492719070e-23
-1.582306374324340271e-22
-1.600328517871411984e-22
-2.386686597823882863e-23
-6.129097524165473634e-23
-1.616139017772527584e-22
-2.217662909613929649e-22
-2.192677023443242519e-22
-2.929253478931039647e-22
3.965137932571349186e-23
-5.931928602157062666e-23
-3.358961903152919026e-22
-1.515956763185766458e-22
-3.220315926828355950e-22
-3.680479353995922900e-22
-2.811718041646223851e-22
4.293053654976108175e-24
-3.430197478839903460e-22
-3.259268058958244230e-22
-8.025948654417972333e-23
-6.052517789408705025e-22
-1.101849022971495072e-22
-1.951992610803061962e-22
-1.812603062154554906e-22
-5.349675156996347383e-22
-6.747169022331339167e-23
-5.698375217668407662e-22
-2.329844390288672341e-22
-5.721422658159530630e-22
-5.604331013872216956e-23
-5.730527835621228578e-22
-3.874943810867943950e-22
-4.266806943198928415e-22
-5.672934106397263679e-22
-2.000258021953687987e-22
-4.270128208347323320e-22
-4.102926644346500637e-22
-1.874979797068436590e-22
-3.450619533992745508e-22
-2.364374452767199533e-22
-3.046080363922667888e-22
-3.194542123710922843e-22
-1.543012667521972869e-22
-3.252984806655748392e-22
-3.132231064393555370e-22
-5.214875885592186269e-22
-2.348667980610801909e-22
-6.036748297908287314e-22
-1.867711104395228418e-22
-3.340314723375855719e-22
-3.822451086506047421e-22
-2.520160351560496315e-22
-6.858415792592051209e-22
-6.079378854268952212e-22
-4.527105428831582305e-22
-5.274243948397721797e-22
-3.871100205269938569e-22
-1.000843426629083003e-21
-4.732360960818065689e-22
-3.180055690709321324e-22
-5.940020582739645849e-22
-3.895141303403389152e-22
-5.073751152916920912e-22
-3.482894722434143078e-22
-3.417034693889170500e-22
-7.084343331275666685e-22
-4.157740973048304527e-22
-3.529164320690007290e-22
-3.484244529975819659e-22
-7.295596381121630378e-22
-3.019505787335003130e-22
-5.029713006705005431e-22
-4.765270923735219114e-22
-6.876200846942777157e-22
-1.741781606901334180e-22
-6.788562851258902551e-22
-4.572853057330854141e-22
-4.305842328566368150e-22
-4.768597997535631004e-22
-5.161809561979278801e-22
-4.957856554004663771e-22
-2.454192693220979050e-22
-8.486602535757000410e-22
-4.616861769401362679e-22
-5.705961816833137606e-22
-5.839723180050276915e-22
-5.831923589371431050e-22
-5.413207995030056617e-22
-2.771454425994187837e-22
-7.839443807958892425e-22
-4.754350155334538826e-22
-2.559128587826994157e-22
-2.502332904751535728e-22
-3.577926743382629127e-22
-3.822417237271943921e-22
-4.372741593952856421e-22
-2.529148693997931141e-22
-3.391996391531641975e-22
-4.370912222388639481e-22
-3.611672735457389116e-22
-2.458015859782161062e-22
-2.108849562226748960e-22
-3.825032930976136594e-22
-3.167479565716188525e-22
-2.476049452023883783e-22
-3.185296159697962395e-22
-3.737529221300452289e-22
-4.521276619267549519e-22
-4.587544435886557448e-22
-1.773119746193805839e-22
-5.559625791308618932e-22
-2.620909049790675215e-22
-3.324270521044972557e-22
-2.803106548195509381e-22
-5.083549514661063692e-22
-2.373564045042698849e-22
-3.380948839426502197e-22
-1.538630597025785292e-22
-9.192404708633415732e-23
-1.540229085617563951e-22
-2.765963007263673364e-22
-3.176432379992105159e-22
-1.874233685053089204e-22
-2.680301877787271372e-22
-2.860566842784323791e-22
8.903030476193665566e-23
-1.516870461862976842e-22
-1.973038662062070199e-22
-3.077349742986872309e-22
3.984076976302267368e-23
-2.646590740537790636e-22
-8.943354616140072159e-23
-3.031480183898481114e-22
-8.143379554814833236e-23
-5.777253663836297905e-23
-4.582868539563455630e-23
1.535575801451827160e-23
-1.703295250800410765e-22
5.646713198810897603e-24
-2.723770179890140518e-22
-1.164146072803657844e-22
8.093400824181414916e-24
-1.911406989990236119e-22
-6.120436559529997388e-23
1.520351498836385035e-22
-6.468952768082426515e-23
-1.526545568049444767e-22
-1.591436795627398872e-23
-2.042319949736182226e-22
7.541600919554259938e-23
1.574054005217956205e-22
-2.230309970175092068e-24
-1.132806996883739503e-22
6.438092150255068191e-23
2.195243248970451250e-22
9.453420114917170303e-23
1.548111258371364199e-22
1.769343449445015915e-22
8.596141378242555089e-23
1.465199094204262931e-22
1.440017691424645378e-22
2.851914076581701658e-22
-7.851701783804821152e-23
2.852779880695142927e-22
2.956375669576229799e-22
3.093318623445057567e-22
3.179071152174548762e-22
1.390054506608563720e-22
2.995421359963112915e-22
2.189627787453075925e-22
2.221472035663016628e-22
3.888842250566448904e-22
2.778548817256727319e-22
4.804789972105697966e-22
5.038576462633420430e-22
3.023332447668519800e-22
2.998535211903363777e-22
3.742294116547169319e-22
3.754659706602258252e-22
4.104991595001810197e-22
3.775026943655384855e-22
2.719413798975775649e-22
1.454860458715750215e-22
3.371881520177899239e-22
8.244276624331322985e-23
4.841302697520671326e-22
4.742228478357489826e-22
3.186283159602413258e-22
3.152432327195569507e-22
4.210976193423558759e-22
1.863478666859793316e-22
3.590288707803363263e-22
3.223569216970402511e-22
4.442773049375873372e-22
2.042278474732786593e-22
5.677169480611798325e-22
4.576704716178914869e-22
3.912397213819643071e-22
2.632603947486616000e-22
2.671530206407714341e-22
4.266855757749296755e-22
2.609166828384243661e-22
1.802228128405560918e-22
6.626498541681729035e-22
4.539801469193685254e-22
5.520017925474563009e-22
1.853239263310997081e-22
4.745540841288510229e-22
4.204437355105989837e-22
7.132667032465898696e-22
5.035255638339638585e-22
4.086993353751151656e-22
5.826545059382328574e-22
7.170216508435622626e-22
4.967687372654402738e-22
5.467947176655793703e-22
5.596698112768421504e-22
4.986357751851806960e-22
3.852097406463098982e-22
4.885868993873073388e-22
3.368909223208545330e-22
5.642272446099407346e-22
4.317947567909150842e-22
5.035514976634308975e-22
4.963063932981769874e-22
4.617985319373356466e-22
5.230358229083520623e-22
6.997801211252701425e-22
5.121165305918733538e-22
7.225504224058967435e-22
3.207101186029845465e-22
4.256789231578168661e-22
5.386451913214633201e-22
4.567041092309635680e-22
3.212502363603741868e-22
5.700588178802459020e-22
5.718776779320789194e-22
5.372544671211529561e-22
4.235765507906553058e-22
3.667656260549269247e-22
4.872672522750563378e-22
3.369054113499609090e-22
5.989110308208708397e-22
3.659941776861873952e-22
6.585299292961042441e-22
3.311152264068780225e-22
6.090250005746554488e-22
3.455441402626271571e-22
4.856686980646687741e-22
2.928448101619272698e-22
5.462458772128651567e-22
2.067863861402928158e-22
4.212183131690693778e-22
2.164586758896794071e-22
1.691972543369705281e-22
4.055755367605838745e-22
1.122702056378522810e-22
9.859379227191102944e-23
2.661017485448116361e-22
2.583587669461668259e-22
1.472988756227357835e-22
3.732901647338540760e-22
4.669897322061126893e-22
4.111566131287844062e-22
3.053106437907384858e-22
2.535790310751504436e-22
2.242970492036570245e-22
1.415428336791695407e-22
3.875492105077304463e-22
2.129033228091383055e-22
1.641029313393250197e-22
7.344462629477304948e-23
1.359459360346162356e-22
3.779885024850120424e-22
3.707944096915630770e-22
1.710714928127107776e-22
2.960807187699466442e-22
1.028034230512423601e-22
1.664371810627401780e-22
3.827718426934039577e-22
1.609580299515469315e-22
2.927227667244088017e-22
-2.529828044232771228e-23
1.341889032568335840e-23
3.266891843223026037e-22
8.696394335049883729e-23
1.596083827335750136e-22
-8.811528259459923656e-24
-1.456597332902871759e-22
1.604725728824874437e-22
-8.188850288678446528e-24
1.810700088327275598e-22
1.427895908904287963e-22
4.195764111811208712e-23
2.374150058400575636e-22
1.245063150036819527e-22
9.219173583194634440e-23
7.679583374790947253e-23
-1.683235660185308860e-22
-8.353427823204102842e-23
1.085313931457170177e-22
-1.714336606374316910e-22
-1.266578524574200239e-22
-1.121364770173805279e-22
-1.118785134153501382e-22
-1.965850610125388630e-22
-1.915890919701116103e-22
-6.320526404774897223e-23
2.579860121305409002e-23
-1.698586782116729548e-22
-1.624548953384796387e-22
1.614270367022327359e-23
-1.143598576006020849e-22
-4.037015362961199566e-22
-9.012607906329172294e-23
-3.677763392729130819e-22
-2.313228048140298036e-22
-3.936073322926566350e-22
-8.525159477372647427e-23
-4.841625839824465010e-22
-3.920947509396677891e-22
-3.530862354532795063e-22
-1.817145717406439730e-22
-2.845680419430882901e-22
-4.809876792282082397e-22
-3.839420054247079717e-22
-4.823866499307722688e-22
-2.185507154322339934e-22
-3.704005617662186461e-22
-3.575770148768200035e-22
-1.566040864270472402e-22
-6.063882193493214544e-22
-3.190506552798857046e-22
-1.923702114300464017e-22
-1.423941210574722316e-22
-5.409102286103840867e-22
-3.375915682043135080e-22
-4.583549444422304909e-22
-2.359008803787769528e-22
-2.204447923436029937e-22
-2.426393775488538377e-22
-3.254964819536653452e-22
-4.254579025698997665e-22
-5.229462825117497335e-22
-3.246962816650506106e-22
-2.496994888558303030e-22
-5.713371910211708978e-22
-3.757913296225304790e-22
-4.431769501647941535e-22
-3.979999097182077977e-22
-4.845781413199230168e-22
-4.985677405002189950e-22
-2.470566589416651350e-22
-6.216781613185555826e-22
-3.655354413732772514e-22
-4.929384522395181983e-22
-5.006723225079062505e-22
-3.101513034772560360e-22
-3.798164808881903498e-22
-4.302644521671090195e-22
-3.255832005073499095e-22
-4.597582627420523459e-22
-3.505896998275911498e-22
-7.480497995523746388e-22
-4.723412547407324969e-22
-6.734206336378381840e-22
-4.906278054299716452e-22
-4.725325954464191001e-22
-5.057487556081534184e-22
-5.063548473781957684e-22
-6.285984497371221098e-22
-7.187905630823084476e-22
-3.073118488126656382e-22
-5.307717475695593181e-22
-3.905325767039277518e-22
-5.774243424826879253e-22
-2.154375713678232214e-22
-6.065771942362167388e-22
-2.996285230264938042e-22
-5.387428899490596075e-22
-4.650416316275757243e-22
-5.930121018039913186e-22
-3.665333607885986837e-22
-4.911413914249424539e-22
-5.927999484951384589e-22
-4.704316931105670265e-22
-6.148791564891221616e-22
-3.610256485750911287e-22
-6.163645649350160350e-22
-5.641320268088803815e-22
-7.399891222498004695e-22
-3.210035420282947111e-22
-6.986734741695445371e-22
-2.814267171859101024e-22
-5.619943741506236635e-22
-3.071677945934242247e-22
-3.966803196617471618e-22
-3.384733549123750615e-22
-4.195273591170121772e-22
-4.172908709858631771e-22
-3.379363024401783926e-22
-5.003915968642547985e-22
-2.443349907659398284e-22
-3.492105559857798072e-22
-3.734986079281265545e-22
-3.436190739303601822e-22
-3.780294705697575179e-22
-3.158781251211909253e-22
-2.400509473287158507e-22
-3.320195908568237596e-22
-2.188259749430533784e-22
-3.664392276999729709e-22
-9.639619724601071519e-23
-2.354617017808736588e-22
-2.944924115403508950e-22
-7.115464440621010350e-23
-1.222239069500299611e-22
-3.382667154356725580e-22
-5.144875092791610122e-23
-3.459111846347167256e-22
-2.099434097423976381e-22
7.618446747565297457e-23
-1.949189782967949847e-22
-1.150554239633730613e-22
-3.113022346135660946e-22
1.938273561789344454e-23
-1.156189571130303217e-22
-3.290442915539201104e-22
-1.372981704574139286e-22
-2.570082432053728679e-22
-2.449902866597164246e-22
-2.038654964852327579e-22
-2.684841883138177785e-22
-1.788853158748623255e-22
-2.438094130379757550e-22
-1.455794382279978618e-22
-5.831972155812700926e-23
3.264469677385587213e-26
-1.258835649142353711e-22
-1.905083194211738408e-22
-2.540848597663562491e-22
-2.138287167881894830e-22
3.148653588714316751e-23
-7.103300930250447817e-23
-2.378500197623452056e-22
-1.449529575521742493e-22
-5.727878476330214529e-23
-8.539025367216643541e-23
-1.415342071345751274e-23
2.499983096410149589e-22
1.379691660418138747e-22
8.506079996301884647e-23
2.791311579493305518e-22
3.271823751333272385e-22
2.604095730338444160e-22
1.181018445345657340e-22
1.068789458563958258e-23
2.811275193170585346e-22
4.684919354734935774e-22
1.390657214462297590e-22
3.434270306095130599e-22
3.645347978716894056e-22
2.420929278969247997e-22
9.376180894439761753e-23
2.432828516650768333e-22
1.770551795319420196e-22
2.210755427087837440e-22
1.247560272240962142e-22
2.461300219205527559e-23
3.334332337305079572e-22
2.956684799458236880e-22
4.352379722672456632e-22
2.552722919171844001e-22
2.229422943099650895e-22
3.856957606198986957e-22
1.694030376308492542e-22
2.498826563142062391e-22
3.369815531598510815e-22
1.133512620264166346e-22
3.051253586922872195e-22
4.179501393366617678e-22
3.567216740405769296e-22
5.145509493164282494e-22
3.267466923885126247e-22
2.290461153908918996e-22
4.302005504512933535e-22
7.087353079634095482e-22
3.566074110202877537e-22
4.210860567680478097e-22
2.636109623202980474e-22
3.745603000345974696e-22
6.960329646571694256e-23
4.484822113481496405e-22
5.178766675475473141e-22
4.032906983886579062e-22
4.557456813204597987e-22
6.694638640163875248e-22
3.542533791066790142e-22
5.199587388859920586e-22
3.502623962048797058e-22
3.604347897563403992e-22
4.812767354471532937e-22
7.046902908185037551e-22
4.595890198971630584e-22
5.376944917361840048e-22
2.882901816106602336e-22
5.271771386176727124e-22
5.109168816421870537e-22
4.198290945492520960e-22
4.018610168429312867e-22
6.038685573496211868e-22
4.731952602010084653e-22
6.639319123918879909e-22
4.071691635131490069e-22
2.661947456205268186e-22
4.842056245114025337e-22
7.976073993239086248e-22
3.378162308344474349e-22
4.548402620961402740e-22
6.697993788201608227e-22
4.619085685969740335e-22
3.906210452448175783e-22
4.505218928722533339e-22
4.830419347361623753e-22
5.525362040781883984e-22
5.154266771939159841e-22
5.426442604824449485e-22
5.918176952803876562e-22
4.394273508502447485e-22
3.582867899101343213e-22
4.490657440043499043e-22
3.635655287039231902e-22
4.036328351629440504e-22
3.786656519559327982e-22
5.185975363817116920e-22
5.396326830293252224e-22
4.484270132210079539e-22
2.615340743189943244e-22
5.317933464403606405e-22
3.097153631826771809e-22
5.146388245548117521e-22
5.073659743391279676e-22
4.390193618086130961e-22
5.507765407767171656e-22
2.805427689735293700e-22
4.652731373846419998e-22
4.909185269328604766e-22
2.515007980035669833e-22
7.016324489938592543e-22
2.777153161242953962e-22
4.555579564915005073e-22
5.071821080214325556e-22
2.130387170547104144e-22
3.623723375148209716e-22
2.359640455155035406e-22
5.287253224273936369e-22
3.815605907780883827e-22
1.915056502633173554e-22
2.389292497154877778e-22
5.752174698840654327e-22
3.810533842365781183e-22
1.617543696528658184e-22
3.416562707677621795e-22
3.390993998625025187e-22
2.110793706924633546e-22
3.926968103193450198e-22
1.890233634132729703e-22
2.180809370802572969e-22
9.821524784065682841e-23
3.798008651402363613e-22
4.396667162344296440e-23
5.744423156411798797e-23
3.943473202717262428e-22
1.367645171604123609e-22
1.342485829543792824e-22
9.822583198292873402e-23
1.446119013432516505e-22
6.437989396869022408e-23
5.168897945268927243e-23
3.769706787163643101e-22
5.240333487644517347e-23
2.507264040351104257e-22
-1.383878105540843406e-22
2.048780058652469934e-23
-3.676906863188977131e-23
9.322400948120038624e-23
-1.693227381179934365e-22
-1.143316886180976841e-23
1.348446766202685881e-22
1.643297384835393531e-24
-2.952799937672921912e-22
4.304840517100085606e-23
-2.078146788846725573e-23
2.967354647871342972e-22
-1.510849202279598283e-22
3.574091598090007918e-23
-1.747553012288388562e-22
9.848379078688649131e-23
-1.771896951920366346e-22
1.279641316940376193e-23
-1.384726688950001043e-22
-2.677141653515057078e-22
-3.532892117963146410e-23
8.007919510001854492e-23
4.916247690404701153e-23
-6.437737327805790786e-24
-1.124471742980532352e-22
-1.744792304752227025e-22
-1.012213777765621857e-22
-1.656546435899870376e-22
-1.310800910581001613e-22
-4.621316461998191932e-22
-3.562323230694608717e-22
-1.008465471385256556e-22
-2.977447710311795706e-22
-1.211554107922208409e-22
-6.954588767078848002e-23
-4.509388172031109792e-22
-3.265555769840231354e-22
-1.598277929108440429e-22
-5.961801312720251215e-22
-9.900682578965932659e-23
-3.146178822018994043e-22
-4.907362828755233989e-22
-6.303447454342120058e-23
-2.628472228642821487e-22
-4.200702433058391148e-22
-4.638970093474710853e-22
-3.578703452869318597e-22
-3.906175461775133808e-22
-3.118810869549079102e-22
-1.708453344939213458e-22
-4.326142724109926422e-22
-4.399500246969195584e-22
-4.224380310785535115e-22
-4.968922333815827238e-22
-4.923225437575551859e-22
-6.342587928578153411e-22
-6.548747796069641843e-22
-5.765506571926887438e-22
-3.536594797476961417e-22
-4.325591699117912173e-22
-3.572741371867951132e-22
-3.973994481621684587e-22
-5.027370789923991270e-22
-3.767627811572772455e-22
-3.666934279838820148e-22
-8.947164248578902571e-22
-4.152406527906251106e-22
-1.559297712515688458e-22
-6.729251502727316116e-22
-4.031153862101965508e-22
-4.965218634267846075e-22
-5.346512247703562828e-22
-5.089184177631340859e-22
-4.009913384316781814e-22
-3.243450216041976450e-22
-3.675154595460352400e-22
-5.604265789745196478e-22
-3.302062512688251213e-22
-4.640914040367955578e-22
-4.045695758707896971e-22
-5.797466310011024798e-22
-4.111043616608727731e-22
-5.431920117849993770e-22
-6.693366428944504887e-22
-5.064560120551378864e-22
-4.989965727125714385e-22
-1.537135729628322918e-22
-6.980807689394025469e-22
-5.770730702956167330e-22
-6.238838430247729388e-22
-5.295752460305635780e-22
-2.856243661268085550e-22
-3.638179454037814595e-22
-6.192175569541643499e-22
-6.452159313570761982e-22
-3.368529618970433950e-22
-5.510691381085835364e-22
-2.049762315545681855e-22
-6.629095876581125891e-22
-3.904221519935320282e-22
-4.554470111033399404e-22
-3.203178010460604605e-22
-6.310500220766204567e-22
-4.175497088931203584e-22
-5.088786845358546207e-22
-5.983136711901967409e-22
-8.857308604494555041e-23
-5.570336284548317561e-22
-2.941877941757402053e-22
-6.218026628166790492e-22
-2.645896407518796399e-22
-2.716476880045282735e-22
-3.709739384833266356e-22
-4.305029864560579937e-22
-4.597335630949665103e-22
-3.232448010356738310e-22
-4.249426357652714274e-22
-3.584884531568132884e-22
-3.109953140425372185e-22
-3.454750082105968923e-22
-3.229945104602892876e-22
-6.597581268693376029e-22
-2.937784834626141245e-22
-3.168696809382836692e-22
-3.735906490584643510e-22
-2.431216464788071106e-22
-1.557424244569683841e-22
-2.243555760119180568e-22
-5.009599405913870073e-22
-2.700014816968388021e-22
-3.919410531201776608e-22
-4.905231635108836862e-22
-2.811843887600363548e-22
-2.901002937742860563e-22
-1.901017373372994536e-22
-1.593830963038044240e-22
-9.845023895863896810e-23
-3.349444941094921041e-22
-1.248813711737245353e-22
-2.768115925809595589e-22
5.756608366735201130e-23
-1.495778450188112576e-22
4.994403732520242029e-23
1.179601801125440540e-22
-1.192855405623569855e-22
8.259813933710435196e-23
1.058615812409269249e-22
1.601769608029705889e-22
-1.855637609834245806e-22
1.441430455657422962e-22
-2.038942002529301460e-22
9.347364616087218557e-24
-9.520506278382925011e-23
-3.177838811893919673e-22
8.007879143089823486e-23
-2.780532040859268901e-23
1.822182133539033538e-23
-1.266901601191904214e-23
-1.025411583803001392e-22
2.392169034252508769e-22
2.071523339954471100e-22
1.763237522445171741e-22
7.859188123642130093e-23
6.103490017306145337e-23
8.175155397908350471e-24
2.230506930659119887e-22
2.539217426540877539e-22
2.125787045352652993e-22
-1.359790150610620322e-22
-8.284718796650077957e-23
2.613035683904787391e-22
2.469333865709976473e-22
-9.739433662000441505e-23
1.729966687459595532e-22
2.500771675312968689e-22
1.532373672143412524e-22
3.524697276442731640e-22
-1.529657018597384549e-23
4.263492764926456883e-22
7.325686625707434440e-23
1.937870928432154973e-22
1.361095904851248239e-22
4.982258785906801674e-22
2.433878810752853493e-22
2.654247453283323147e-22
5.468086642469874591e-22
1.369685127392964122e-22
2.349565971984472460e-22
3.181396397352926158e-22
3.937547751789575907e-22
7.292403300521858101e-23
6.349408765975342158e-22
3.134120088243769945e-22
3.262014629953688223e-22
4.500986228711429197e-22
5.111228906220680224e-22
5.393527362336144795e-22
4.361467406193522319e-22
2.673445145216078390e-22
4.050408789298412346e-22
4.739928474084355562e-22
5.333912037178102976e-22
5.468886484101560539e-22
1.055822762648379279e-22
6.555123867121775620e-22
5.489615317419106533e-22
3.986199166620423065e-22
2.878580361014968567e-22
5.478194737992469452e-22
4.943513077041206251e-22
5.584857013666737121e-22
5.719403615988908523e-22
4.771099653264914046e-22
5.500351782210714972e-22
6.001461634121253595e-22
4.098924786552668395e-22
5.970609386568553968e-22
6.014393823292163525e-22
6.324054341555443140e-22
4.892324455616556496e-22
5.335006786311530018e-22
2.138609903004388191e-22
4.288220193574763036e-22
3.499833077421617738e-22
4.723451226629350300e-22
4.313676820471281598e-22
6.866330115012719096e-22
4.379744872929935154e-22
4.166160868050295770e-22
6.621567098284003852e-22
4.428799255683890532e-22
2.450501152522820398e-22
6.302872887055792506e-22
2.973599778132358200e-22
3.789442570553425921e-22
4.240818712070182007e-22
5.221928014022957036e-22
5.293169735217605244e-22
5.362716694086371575e-22
4.451747223254002743e-22
3.905911189942020299e-22
2.638272683450327981e-22
7.786634833548579243e-22
3.928886171629018960e-22
3.801396971421745769e-22
6.836833340938276913e-22
4.959516217024764062e-22
5.336851412885898942e-22
3.954082843950981760e-22
3.084574933752907020e-22
3.093601304494275816e-22
6.568061635054616171e-22
3.464186984982913634e-22
2.242606176985961457e-22
5.038553863531034302e-22
4.075276736438045174e-22
2.321402546075786678e-22
5.301608271596798009e-22
2.718246684715374510e-22
3.998717522407465185e-22
5.400550005521046883e-22
5.766837576074851741e-22
3.078417654217539723e-22
4.143563526831272627e-22
1.766220973585610400e-22
4.146400289834970315e-22
3.422524195864339047e-22
4.448692265089207535e-22
6.484318106926418062e-22
3.838443681107834234e-22
4.580431315340215021e-22
1.060529027841944024e-22
6.693118463625799070e-22
1.368197293037058780e-22
4.737642894606025727e-22
7.022208723662946107e-23
9.210833112531391962e-23
1.664239464602736025e-22
-4.296740899182998035e-23
2.587079491302076901e-22
1.713655848861316356e-22
2.086122365509580576e-22
8.674436321835108971e-23
-6.775421909362684276e-23
2.446236926470930450e-22
1.213762592583634683e-22
-5.306858915640761427e-23
1.553834468349368160e-22
3.374068446608194176e-23
7.763160828932306750e-25
-4.941495457153456981e-23
7.686780643165173142e-23
1.447287222261315326e-22
4.051114997970023455e-23
1.568492239118992041e-23
2.413852931982943335e-22
4.110275764860840755e-23
2.360024090079526016e-22
4.583253384851852329e-23
2.011498605149730166e-23
-1.041263159579622959e-22
-1.745175810555831596e-22
4.856069890024383035e-23
8.025341997182949740e-23
-2.152460904419605811e-22
-2.741799710605205758e-22
-1.639319439883773213e-22
8.987863685874894344e-23
-3.916149205329293285e-22
-1.937122260714830464e-22
4.598960821351077851e-24
-2.671989360053329782e-22
-1.607336054843186095e-22
-1.785529114762994567e-22
8.283760027836993376e-23
-1.789012399193670794e-22
-1.547749739733418842e-22
5.687000809343637316e-23
-1.189715582959333365e-22
-2.471063815640326089e-22
-1.168447465451518421e-22
2.225236223163333629e-23
-3.162898939098726000e-22
-5.373410459782374346e-22
-3.791271107580862570e-22
-9.005256522390163748e-23
-3.780440124060893831e-22
-2.811170091012315742e-22
-2.737202430632925949e-22
-1.118780610826549570e-22
-3.678758517974059764e-22
-2.373945178820305765e-22
-4.590847256076113277e-22
-1.061049062507956074e-22
-4.075367283391320713e-22
-1.493817516691955502e-22
-4.394146207317198164e-22
-6.080842883435187054e-22
-5.825083962051921452e-22
-3.905212535471122615e-22
-3.749557567036640787e-22
-6.846493585724874844e-22
-4.246992598147215781e-22
-5.049605051308807706e-22
-2.666782739395103658e-22
-4.271231808647291059e-22
-5.729370717848539394e-22
-3.613973977220602370e-22
-3.805700176272405980e-22
-6.497714401888254188e-22
-3.258144683141415685e-22
-5.983721610799512937e-22
-4.818742019195668838e-22
-4.386348202670744173e-22
-4.617987220040998144e-22
-5.505846986997530327e-22
-2.690829147053859441e-22
-5.968753089669551730e-22
-4.647104682716152485e-22
-3.572140720534281854e-22
-7.630123257734767987e-22
-4.238895677027934173e-22
-7.069431933926948825e-22
-4.089980086820294482e-22
-6.012637034931743973e-22
-6.440421044039323212e-22
-2.020978841486538774e-22
-6.478380512035734363e-22
-2.739606754859240060e-22
-2.566647548116761451e-22
-5.636659996576404561e-22
-2.321116817486818123e-22
-6.424086339378730068e-22
-5.195455802283232850e-22
-4.610975146770775519e-22
-5.727832103572369024e-22
-3.853431651982096349e-22
-3.937377587952255199e-22
-5.503791457889521409e-22
-4.466094256708074545e-22
-4.562700255595147465e-22
-4.290268004032301505e-22
-5.979833710789187150e-22
-5.160060786014310798e-22
-5.019876216109746077e-22
-3.970933768533240646e-22
-4.646152741064046891e-22
-7.090801395211020539e-22
-5.999726380479513434e-22
-4.970729592893965262e-22
-3.773179698073015769e-22
-4.694239385822024268e-22
-6.153672031457590649e-22
-3.721624193885969199e-22
-6.027091467095784226e-22
-2.849381172523920447e-22
-2.572601652234131308e-22
-4.857551934286461807e-22
-2.458655128908202323e-22
-5.149336350903133938e-22
-3.782239687598404654e-22
-3.420915832492733019e-22
-5.526905893923544949e-22
-3.399914829908385851e-22
-2.939579570562905828e-22
-3.188855317564966513e-22
-3.494978950024250672e-22
-2.347860995491766924e-22
-3.806598039235219878e-22
-3.077049809993618993e-22
-3.265142622585251715e-22
-5.334812536813780175e-22
-2.392756894150107980e-22
-3.547856255978637668e-22
-3.991242557544736984e-22
-1.104863959272802879e-22
-1.746915597723681026e-22
-3.127195012697715373e-22
-5.767907144746039696e-23
-2.516929314954767019e-22
-1.649601252882846703e-22
-2.084367850669500148e-22
-2.349637858948680169e-22
-1.662134502101155384e-22
-2.351362154669120851e-22
-1.908110850732704630e-22
-1.595742672679162913e-22
-8.090126603405992647e-23
-1.288498451821425197e-22
-3.382648936098829424e-22
-1.412308545519714936e-22
-1.411749804979329972e-22
-8.361976804988507485e-23
-1.880833759739140427e-22
-5.428214216132306840e-24
5.463478813089562851e-24
-1.149496249256721961e-22
-1.090674186485108754e-22
8.287814693087830097e-23
-9.511740181262993254e-23
-1.024310882222960769e-22
2.381750787488362090e-22
-1.738305654643472008e-22
8.185967946200795070e-23
-4.008492713451712863e-23
1.264473278711844391e-22
3.052726117462851484e-22
-8.166809997273953801e-23
2.279584430046212085e-22
-9.556664397092629168e-23
1.308627687993110133e-22
2.012385476870241378e-22
-3.759165299357271089e-23
-8.102605229492857088e-23
6.146763616714328828e-23
1.798459712421144021e-22
3.865937974530047737e-22
4.555895820028369216e-22
7.113748199114671914e-23
1.721814526857858439e-22
3.138712676559184529e-22
3.144231236915731202e-22
1.806268625370864582e-22
3.275179692355863091e-22
2.750451208488013893e-22
1.707667521458303533e-22
3.631541941582948745e-22
3.984660131826531207e-22
3.939214345087875149e-22
2.232859681982135141e-22
3.645250225577344605e-22
4.908970952617478373e-22
4.102599133290160143e-23
3.849846219128671447e-22
2.677451321850330656e-22
2.302469666027910725e-22
1.160910232349910469e-22
1.940441270879400543e-22
3.249349116562154788e-22
2.322921399271071060e-22
2.223594219266908930e-22
5.783970346524590100e-22
3.760386210309279504e-22
2.301817487736092383e-22
7.922737878912954870e-22
3.843526893856903088e-22
4.213640201684057255e-22
5.457366776775336945e-22
4.604115959848429767e-22
7.012375651765668345e-22
4.715928368029790456e-22
4.313399701487631441e-22
2.352115043230413845e-22
3.699845372405048834e-22
3.641908158559005601e-22
4.930610611373634564e-22
5.202271104364413296e-22
6.640582449157515623e-22
1.648772881644257627e-22
5.282083156714847733e-22
6.298486395593054789e-22
5.798456725764122413e-22
5.868096910526651292e-22
3.901648889214253162e-22
6.421095044818115893e-22
5.240658844442316638e-22
6.688842648999283402e-22
7.424591241936037643e-22
5.864817674401953531e-22
6.136409547928806219e-22
4.640015292084961953e-22
3.892604105709972276e-22
2.706753383197727908e-22
7.613757296816867595e-22
2.515153699924892541e-22
5.489350514536225517e-22
4.081270193094440220e-22
6.241067004970915425e-22
2.590862766087263262e-22
2.925224264341547398e-22
4.684392241767105518e-22
3.403446240751738774e-22
4.102008879205355019e-22
6.769627707223336813e-22
4.289883583292349167e-22
4.442662465074368196e-22
5.605471705933252093e-22
2.781160092993214868e-22
4.681252275047137067e-22
4.132263352663859335e-22
5.110413861104174264e-22
4.467430790471520209e-22
4.791292000622644392e-22
5.624065871243594616e-22
5.201171503475233705e-22
5.683656295242890560e-22
5.244271040661242745e-22
5.039825337661188701e-22
4.576220893365570880e-22
4.066767536656177809e-22
4.939912423527747080e-22
6.245439931719472485e-23
4.098314219128900262e-22
4.893779034553836197e-22
5.619583511750518731e-22
3.115796882793728566e-22
5.729759639636834433e-22
5.327287449999579471e-22
2.464470342972833535e-22
2.539062809764125001e-22
4.874235707463783348e-23
5.507011357643640641e-22
1.879757945785195245e-22
1.997541379140585474e-22
4.016666486916037657e-22
2.724392977638433716e-22
2.167611911960325609e-22
3.721637539234314725e-22
2.215651877613436849e-22
2.259989940294090987e-22
2.745225518374731617e-22
3.462671801504510850e-22
1.274064788213655984e-22
3.680267672600933851e-23
1.055085664024348149e-22
7.609282295279303586e-23
3.077162286605485786e-22
2.552465679451488530e-22
2.195927588441786904e-22
6.889703835552614960e-24
2.404107432914399434e-22
1.854703162841820957e-22
-1.322640538540844208e-22
-8.548395070817067783e-23
-1.488957651953743697e-23
5.061802934153118541e-23
4.838656726297100301e-23
1.703806600451350827e-22
-7.643125655268795219e-23
-5.284282768091661697e-23
1.039475727229587151e-22
1.316500593242960485e-22
-1.184614013352053015e-22
-7.693946459735644278e-23
1.578619630481188741e-22
1.151622264948565336e-22
-2.190310675086940040e-22
6.205653153489959336e-23
-1.199600718596126246e-22
-3.368363235536198010e-24
6.652229645759278197e-23
-9.937485930533086091e-23
9.495556586180141664e-23
-5.647381509393258275e-23
-8.394586710741776767e-23
-2.773422470832602860e-22
-7.082971484979058609e-23
-4.403650530661433707e-22
-3.058553925715826389e-22
-3.419183784942803586e-22
-2.723542461458653048e-22
-1.900823350133175295e-22
-3.769049870963326860e-22
-1.944938726789513146e-22
-6.601331638203485938e-23
-1.631682112673692360e-22
-2.806604682955987780e-22
-3.856277630029709164e-22
-6.695098297634907302e-24
-2.421012662691156668e-22
-4.003113102899671651e-22
-1.434141218665200505e-23
-2.737870717512826357e-22
-4.465379262466048338e-22
-2.892209876703722344e-22
-2.932979080963960242e-22
-2.246317768476408577e-22
-3.863628497161328626e-22
-3.853643451582330190e-22
-5.848814490938935136e-22
-4.209837423893622955e-22
-4.165094898403715649e-22
-3.104886989583550934e-22
-6.115677446312015268e-22
-6.292523182182634081e-22
-5.008020706758350403e-22
-4.298364147906203068e-22
-5.880422101463263910e-22
-5.312914217490255913e-22
-3.609189548764883698e-22
-2.351708074995014402e-22
-5.035286233692711167e-22
-3.019012376666718312e-22
-3.526073379831830720e-22
-7.253975401735448376e-22
-4.067910405185547705e-22
-4.879724287606273822e-22
-5.761768624687062320e-22
-5.427233717737080619e-22
-4.162444494207230131e-22
-7.852133971817621031e-22
-6.083792731017504652e-22
-6.518381369124288379e-22
-6.596772596070909362e-22
-5.321784001929003921e-22
-6.149406175019267281e-22
-4.822182228381196656e-22
-3.676992134525220603e-22
-2.770253694501371191e-22
-2.946931599937929844e-22
-2.692236447051083403e-22
-4.616299949880440109e-22
-2.873901795125310304e-22
-7.800721711739161391e-22
-4.096987043083042886e-22
-3.350321846626419385e-22
-3.178279211406868220e-22
-6.553563180209268189e-22
-6.117204530278437347e-22
-1.770545057229878070e-22
-5.452834966312863079e-22
-2.532826477133135121e-22
-6.401004886379254796e-22
-3.824801812288437468e-22
-5.301700477130214702e-22
-2.501988590155551205e-22
-3.831172078824249484e-22
-7.428066015111963979e-22
-4.533298482195229656e-22
-4.529545600880214504e-22
-4.384209632688763653e-22
-6.316085751440317460e-22
-3.715754023982363866e-22
-5.690793014505101876e-22
-7.142802497910030056e-22
-4.488941027137838897e-22
-5.135878927074135697e-22
-5.493082817278370371e-22
-3.056634244467156301e-22
-6.056719396947769150e-22
-3.069595406566751810e-22
-3.443727105682793480e-22
-5.512317936045228009e-22
-4.054727370940093690e-22
-2.686035455013436210e-22
-4.447562488030230741e-22
-4.750414527469090609e-22
-3.943386539014943548e-22
-5.114103823985435796e-22
-4.988023508564276570e-22
-3.681126649550126848e-22
-1.472500604381445132e-22
-3.536805339363434675e-22
-3.728595372756783014e-22
-2.091144521516660483e-22
-2.165480952836832275e-22
-4.352636688297322631e-22
-1.793686017425081484e-22
-1.955365239855801345e-22
-1.619672337719338668e-22
-2.626402679813107305e-22
-6.304431355006258170e-23
-1.576904387394766899e-22
-1.317870380294261375e-22
-1.783077979238882645e-22
-5.365996895514713402e-23
-3.653997630393786309e-22
-9.630906006208327060e-23
-7.514503180262812054e-23
-1.185572170229154064e-22
-1.318234947433537044e-22
1.212400842219417715e-22
-1.222850418225289802e-22
9.720497936882202018e-23
-2.006152524246946657e-22
-1.862339338717517883e-22
1.977350693309859291e-22
-1.362818767484123636e-22
-5.513763774366878775e-23
9.000732083145047914e-23
-4.364803716119936619e-24
-7.290494668552941242e-23
4.952820555287335836e-23
1.806364192352157256e-22
1.775059774692971244e-22
4.400891082943626671e-23
-1.932512627418179143e-22
1.928298813422837003e-22
1.770580713878814508e-22
6.311460204882017121e-23
-1.329029988692139411e-22
2.282947242194145537e-22
-3.577529360656772933e-23
3.262540693549154371e-22
7.098857240414406078e-23
-1.285795520599248240e-22
1.619666328409484552e-22
1.171664525963302229e-22
2.116433261284493844e-22
2.759121460495255760e-22
1.557198302967459993e-22
6.865175563456729242e-23
3.584074035093038836e-22
1.882052447922057972e-22
4.080371992823796948e-22
2.603226722854033235e-22
2.447305415483381678e-22
2.168513243915878806e-22
3.335904364437377400e-22
3.225284014037346078e-22
1.502488520117005801e-22
2.279345053681171444e-22
3.867566997518380227e-22
2.075792026293719848e-22
3.343255017040658115e-22
4.138266371014558559e-22
4.970944725640761186e-22
2.535662974598192245e-22
5.084358705607721870e-22
2.395229370029738727e-22
4.056697880510075468e-22
4.602839733366006772e-22
5.715141876527979066e-22
4.056628651789457708e-22
4.651711322187570197e-22
3.956343957201812906e-22
6.137228160850680248e-22
2.739645796091559355e-22
5.398709540881900917e-22
7.398601138252686876e-22
3.895193101474928766e-22
7.080110071285154488e-22
1.981007196481603976e-22
5.786756150886557083e-22
7.332664894363635814e-22
4.849128939160422570e-22
5.610364935363573959e-22
5.217520614968333745e-22
3.306872831547365507e-22
5.106436619655300815e-22
4.040616286764891030e-22
6.671154629133333775e-22
4.098853086754591733e-22
4.694563971577357933e-22
4.682447311029630986e-22
7.979400945497663884e-22
3.492197664225168721e-22
5.215225885107146477e-22
6.513950117538421922e-22
4.116081783374677626e-22
3.108545111471872984e-22
5.882647622384616009e-22
4.661890622788817958e-22
2.819946520874130939e-22
7.398541730304715076e-22
4.430828512249273587e-22
4.953448228834621302e-22
4.964284085094937663e-22
4.634516428752521490e-22
4.416604663188378112e-22
4.631550868228294204e-22
3.636586902007346353e-22
5.243368590044630956e-22
4.875168626421294649e-22
5.140015061607332150e-22
5.565551433759713350e-22
4.518674987680281499e-22
4.291171422110010320e-22
3.183378287178669057e-22
4.323443195545896218e-22
3.743907610748127329e-22
4.642296551352654892e-22
4.181744620508308487e-22
3.932053307722573636e-22
4.034379290844232507e-22
4.492139796478833694e-22
3.416897864980752986e-22
4.152551016100217570e-22
4.418181544876093041e-22
6.011830941593019164e-22
4.303100500682806575e-22
5.086313499424780246e-22
3.065021837824321635e-22
4.423108862997169004e-22
2.698652686102797998e-22
7.066047603680000794e-22
4.419810757613427997e-22
2.564161857322570747e-22
4.461969300712138719e-22
3.698447440412679090e-22
3.502587051205484750e-22
4.950672227175260695e-22
2.379709350402956254e-22
5.887161075562943643e-22
2.341754757449457642e-22
4.559188025528350726e-23
2.573176150884562468e-22
2.684519960477649413e-22
9.656678702491578284e-23
3.295141885208860618e-23
3.989149264230120600e-23
1.887900879757189724e-22
9.004887783631328345e-23
2.588923640054720440e-22
2.877095725337921165e-22
1.480883719453248961e-22
5.499887106924846110e-23
4.960341462201009721e-23
2.615846990825026918e-22
2.480224434841973798e-22
-1.513515540914046082e-22
9.087472682569972700e-23
-9.304720397050833644e-24
-5.207927702602403628e-23
2.891808336581721058e-22
-1.619000088357739191e-22
-1.015007637730690710e-22
1.949692158067672480e-22
-5.135961901800043138e-23
-4.735851102390667410e-23
-2.219177493463790977e-22
6.252557030171480987e-23
-4.252574277716781183e-23
-1.901549777331535745e-22
-3.948459118653438910e-23
-2.745344894934388374e-23
-1.710974428720266505e-23
-1.666174982575113315e-22
-1.110321733040375560e-22
-1.618076658497392511e-22
3.585764470591284116e-23
-7.953438361752007731e-23
-1.099214426832438196e-22
-3.060983761409990661e-22
-1.161379268666992755e-23
-2.642195642111493033e-22
-3.481344448895979266e-22
-1.367576591525397690e-22
-3.229813660608813946e-22
-1.173974385146840297e-22
-2.500747412886611233e-22
-2.313634380746085174e-22
-3.777268646747560514e-22
7.823657595176062681e-24
-4.106541686589503404e-22
-2.657812984205307759e-22
-2.214102056474231798e-22
-2.435394885835641027e-22
-4.100399516044497381e-22
-9.286680436858209655e-23
-1.827464394421272328e-22
-4.540732135127086322e-22
-2.971432459823771991e-22
-4.175974238100322312e-22
-4.281274799337387717e-22
-4.553821879770721105e-22
-5.389601588316302099e-22
-4.016585318399908647e-22
-3.017108035623404951e-22
-3.132018792058839940e-22
-5.469062194986693215e-22
-3.841191010792996581e-22
-2.495349545711863963e-22
-6.653124148669722572e-22
-4.780709371979686472e-22
-6.911482301165559515e-22
-5.835024043854635720e-22
-4.396415280487385546e-22
-4.707231024344904353e-22
-5.557623313632127869e-22
-5.582504267078118935e-22
-7.254011903395427972e-22
-5.624618090255867265e-22
-5.300138287419375206e-22
-6.126041921649035806e-22
-5.111896521556232367e-22
-6.027264693862147984e-22
-5.913263724393761126e-22
-4.705517972615304046e-22
-3.060545722257149597e-22
-3.913097054585862646e-22
-5.102177863446108512e-22
-3.637928235580429814e-22
-6.316431969838167068e-22
-4.118879867494338463e-22
-5.372516685608323820e-22
-3.323551974496126171e-22
-6.796806923064892160e-22
-1.777021352490147098e-22
-7.040173534821999099e-22
-4.491441408609597743e-22
-5.042650238594552612e-22
-5.336578573378629466e-22
-3.598641285074178967e-22
-2.894131749886420013e-22
-4.263921403396414066e-22
-2.643448742635179093e-22
-5.436339515495186606e-22
-5.153187398855294885e-22
-1.964794050140870087e-22
-6.957863066224372846e-22
-3.465898840255372997e-22
-6.903629731015109973e-22
-4.687188518766101584e-22
-5.812175853801326925e-22
-5.082251696016558825e-22
-5.452787281396169143e-22
-5.801370465536096565e-22
-3.529402376937641012e-22
-4.276774930137845895e-22
-6.228161034334352509e-22
-3.630703583977618341e-22
-5.144026869906296932e-22
-4.894448865157986419e-22
-5.373092509169011598e-22
-4.688840044928039244e-22
-6.142551750626922081e-22
-3.242062865258813930e-22
-3.594876064655831271e-22
-4.693419225329264903e-22
-5.614710612465835493e-22
-2.835386448504264252e-22
-5.871855814473012711e-22
-2.734492225116534108e-22
-2.280472759022111541e-22
-2.146235042335311369e-22
-5.151327973144385894e-22
-1.008102667738063976e-23
-4.340027706095234900e-22
-4.155589562207257880e-22
-1.848474259036812258e-22
-2.889230302577151954e-22
-2.668812347559414047e-22
-3.132742795992491550e-22
-2.919285033805626844e-22
-1.129606081778197318e-22
1.004488353676873750e-22
-7.873860556331001171e-23
-1.158323392356427882e-22
1.876248606645089834e-24
-4.422494757232994417e-22
-8.017570631587771497e-23
-1.913008738528952487e-22
-7.519408788917692032e-23
-3.402588028652187663e-23
-2.048021851123021471e-23
1.045106879240834938e-22
-1.764909473148574327e-22
-3.620415275167901000e-22
2.888986464917288262e-23
3.760759606227827941e-23
1.861768325259186717e-22
-2.380825497207929913e-22
1.482073558494470602e-22
6.351873207011152757e-23
2.192727983609114379e-23
-2.118079278799365006e-22
4.793837822736052568e-23
-1.689962625151748759e-22
1.551773345422741064e-22
-1.744971197645200652e-23
2.869837194897844055e-22
-1.410054427952314642e-22
8.017402837244437610e-23
4.511551875835303048e-23
2.580940423591437859e-22
2.040668276587786782e-22
1.463920390750389119e-22
-2.159298525839707290e-23
2.183864732468879357e-22
1.603901231163691817e-22
7.976000064369681608e-23
3.522763439999916688e-22
3.076083923401106239e-22
2.253832667187237103e-22
1.252839244426257902e-22
3.888030474598611404e-22
1.917228303942063432e-22
3.351368189336465967e-22
3.890609070186301870e-22
2.137541385448605706e-22
1.374975986080140891e-22
3.040341626870360169e-22
3.806164195711755554e-22
5.180757939868583914e-22
4.385007129227193489e-22
2.427989043547380945e-22
5.053708615110725524e-22
3.285294028741710010e-22
4.227035685395870590e-22
3.793482781993081462e-22
3.291061309716341205e-22
3.289339374803766500e-22
4.340384063078389463e-22
1.648328979690017678e-22
5.450381965176612671e-22
3.751887396656194244e-22
3.853871627222959962e-22
3.705958666864464319e-22
6.419736069073879805e-22
5.873866652043951143e-22
3.164227224013806470e-22
3.473397879022813819e-22
5.125844654509222790e-22
3.098190930470508381e-22
5.376093923753577764e-22
4.943105524117838048e-22
6.024188014948266423e-22
5.066457143997683684e-22
3.959910361599691934e-22
4.047268746587412582e-22
7.119818372560226432e-22
6.834642305622453256e-22
5.702339795411531700e-22
5.058055526234699437e-22
6.401601840525561872e-22
5.460690130711853642e-22
6.712450245656157171e-22
4.181246577992508495e-22
5.269013635141510327e-22
6.110526305076887627e-22
7.016514234573218648e-22
5.668313478809249182e-22
3.391431881719549387e-22
5.413077614333917906e-22
4.645086552796239131e-22
4.840732534129153251e-22
4.433027130784677116e-22
4.409322509087116973e-22
4.998088560564499663e-22
3.750130915173954201e-22
6.241889879687597579e-22
6.959077736620879267e-22
5.057641800523344696e-22
6.812006660943483661e-22
5.774741016801317530e-22
3.630982603955365644e-22
3.823549125127776688e-22
3.428545358857953354e-22
4.296674555498071789e-22
2.481083889327957521e-22
3.151865295255827914e-22
5.356623242110238125e-22
3.496285205890949032e-22
1.944747105095459191e-22
3.870270320723798416e-22
5.572133873079507836e-22
5.995664882870242636e-22
5.178339973792350619e-22
4.030817279091206179e-22
6.198287609111933744e-22
3.862730180626792523e-22
6.621818214638080976e-22
3.084670851623434538e-22
2.640809649712377099e-22
4.756997978400715808e-22
1.810150727288356313e-22
4.341584846063849935e-22
4.537259824134799008e-22
2.246617990452709265e-22
5.743308901582894498e-22
3.593575299047055661e-22
4.013239573802782462e-22
1.853589436179576913e-22
3.803562558367904089e-22
1.762317928181420118e-22
2.702797329374869283e-22
2.773604915789900646e-22
2.260644850777239290e-22
4.423898582457903907e-23
7.480336503052070570e-23
1.374326728272659696e-22
1.841901051431163012e-22
2.876537860012902470e-22
8.238019204797296054e-23
3.606267286450042334e-22
-1.004084594014724926e-22
3.595187986814058944e-22
1.166310296886393893e-22
-1.514080558256429242e-23
1.477276210400423267e-22
2.224337865918426415e-23
6.508342481161580602e-23
1.198004392368221384e-22
2.098185185810389243e-22
8.895295951463030013e-23
-2.042877074439456102e-22
1.273459394662084669e-22
-1.212571902276114230e-22
-1.394448748336518479e-22
-1.570906758316441304e-22
2.421232607786138652e-22
-1.335125685970903947e-23
-7.442157495805189361e-23
-1.350760887214050534e-22
-1.538892852059182583e-22
2.338484079309167332e-22
-1.986061194311402711e-23
-3.931303439813949838e-23
-1.758248955961048267e-23
-3.238528174082421301e-22
-2.331844510329626131e-22
-3.952141982843303831e-23
-1.803133216694055977e-22
-1.342481884722535154e-22
-1.468212405807804930e-22
-4.669633419581340790e-22
-1.964846834790314862e-22
-7.879207213570910152e-23
-2.009641133074359847e-22
-1.627819035640462540e-22
-2.483171675197454378e-22
-3.827869799749698309e-22
-2.338924263760622736e-22
-4.416310377284345516e-22
-1.797334374420815808e-22
-3.738967508185854004e-22
-1.119921470504892286e-22
-3.282441048544392995e-22
-4.097586959675427205e-22
-5.090589934422561314e-22
-4.265424247801971928e-22
-4.372123270266128082e-22
-6.972438557486888134e-22
-3.073938319063990426e-22
-4.504383029006660000e-22
-5.083002808332644554e-22
-5.477417661110551569e-22
-5.279857306383835373e-22
-4.233782096064568276e-22
-4.065190162621811140e-22
-3.962518638199689530e-22
-5.551346423676823836e-22
-5.645297984392636874e-22
-4.833371524952811027e-22
-5.419611670268353417e-22
-3.122298632564662181e-22
-7.764266087538140367e-22
-2.342921413518141441e-22
-5.476389063896667364e-22
-3.164373112207305765e-22
-5.219841952471325807e-22
-6.108673303042679192e-22
-1.186266406727422949e-22
-6.555052154062881828e-22
-6.049085533354725010e-22
-6.683157001197011720e-22
-3.218253171761933702e-22
-4.741094689293359920e-22
-5.413432640740208036e-22
-2.907188760826969358e-22
-4.065046522947229012e-22
-3.398111638890891127e-22
-5.589585146146678092e-22
-4.615750997725920621e-22
-3.289006320950462571e-22
-5.154907264282854624e-22
-5.395934587735922266e-22
-6.117276500483179017e-22
-3.513926288777977648e-22
-6.169068656124363820e-22
-4.120447821740888666e-22
-4.333798288525538415e-22
-3.356194632079363620e-22
-6.266730729122923964e-22
-5.311635738504396153e-22
-7.973434423782000250e-22
-5.198440093726611292e-22
-6.016112126094814982e-22
-4.808349802668070437e-22
-4.449953938218781098e-22
-3.806999871712535194e-22
-5.542476994091512557e-22
-6.025580794294813390e-22
-7.144213452987383072e-22
-5.716444936024684112e-22
-6.313489538167908018e-22
-4.987620281227532319e-22
-6.532544034231428068e-22
-4.579754468635405564e-22
-4.573213315297773486e-22
-4.542430319102312347e-22
-5.079704450240711412e-22
-5.244351159113606791e-22
-2.204394946229731767e-22
-4.531465421448594952e-22
-2.415264337872281315e-22
-3.738584423923062193e-22
-9.443467400510966361e-23
-3.437764273730919374e-22
-4.780539701953144620e-22
-3.433238952039882181e-22
-2.099049704837717715e-22
-2.588667511388428161e-22
-4.612202002354746102e-22
-2.454312357635818920e-22
-2.278981521286145576e-22
-5.951516026930049425e-22
-2.278990345537843983e-22
-4.417157819363052698e-22
-2.178007931013821864e-22
-2.280565816850979403e-22
-2.789184362221403971e-22
-1.253217844957289040e-22
-1.281318097208742931e-22
-2.095217589146155910e-22
-2.232766529451041325e-22
-1.915490895459066950e-22
-2.181062705466243594e-22
-1.405291659922906196e-22
-1.549872552409469825e-22
-1.588198104639966203e-23
7.476549740235475412e-23
-1.624113415040904139e-22
-2.126503084025975055e-22
9.374252155281107408e-23
3.926781053056214763e-24
3.584407686797537115e-23
-8.950327886311094913e-23
2.492958629572472028e-22
3.620152404636041137e-22
-1.463785971949450229e-22
-5.875125847910902997e-23
1.449199007868361690e-22
1.606564904824661367e-22
2.163849256890173587e-22
1.281580716128384697e-22
-2.902457205462960490e-23
-4.556732966649036827e-24
6.249346624780582141e-23
1.514169312915095575e-22
-2.109716847807173786e-23
9.894035160875631332e-23
1.542740430227650993e-22
2.847844490138444350e-22
-7.855305393334376666e-23
-2.614379863001522171e-23
4.195157427645594085e-22
-2.506484363787998527e-22
2.334493293862241845e-22
3.293992805397235680e-22
2.474735704104663429e-22
3.744489466302047590e-23
1.130494146889571990e-22
9.504032935103182256e-23
4.319249109397209968e-22
1.504031625452929600e-22
2.660563794407854291e-22
3.101439947548590456e-22
3.219411632138604791e-22
2.632344712568573198e-22
4.936607319580700342e-22
2.531724098178863547e-22
3.855724921197867231e-22
7.160370137058798422e-22
4.158172915672538330e-22
5.154688525994895749e-22
1.096270533943634032e-22
5.589317800232448640e-22
4.864303637789056169e-22
2.761314879231910472e-22
5.295701618224879654e-22
4.158642018906002931e-22
3.040415095488248938e-22
5.069726175594954238e-22
5.511656135376975801e-22
3.203198442557955848e-22
4.665149891620430625e-22
4.968410614585503742e-22
6.543782503254668319e-22
4.521092558346263192e-22
5.959601440916234038e-22
4.624348133159252148e-22
5.490257715528154801e-22
3.849787732917620070e-22
6.629882955102929602e-22
4.835206267940799992e-22
8.200756028065192024e-22
7.857648754112769246e-22
6.434047124807229203e-22
5.826542338270349312e-22
6.668953964221733968e-22
4.668156397467458129e-22
6.511609152733504246e-22
4.382916903745294051e-22
6.004630809913417048e-22
5.001990471329155449e-22
5.535542993669247795e-22
4.441252748526228356e-22
5.703658137922054293e-22
5.450192569461111216e-22
3.968615375565817283e-22
4.077956125463587707e-22
3.641381744508601340e-22
4.229070345334572801e-22
4.858064918329053462e-22
4.594893961419162741e-22
4.255475365094570243e-22
5.445319427030572057e-22
4.961222379950464446e-22
4.657556521602943637e-22
4.456125528299536635e-22
3.941634630933815770e-22
1.304190620316823511e-22
5.785177699211919018e-22
4.349435577237837951e-22
5.885692863322425171e-22
5.487786752902239371e-22
6.421406653465649241e-22
5.015274122144128844e-22
3.937799665354192896e-22
2.937363762005710547e-22
4.263099129436153145e-22
4.766539346993390594e-22
7.472284782681945069e-22
2.517446129148512591e-22
4.900027381847208597e-22
5.151905103605839011e-22
3.391516120723550732e-22
3.359577461208976944e-22
2.127755055021888877e-22
4.330419777077802804e-22
2.536354198733969134e-22
1.563568028026493218e-22
3.769832726092399751e-22
4.078763042465897486e-22
3.729629050346614415e-22
4.090362469986974147e-22
3.774430940334032852e-22
1.773388732177340115e-22
1.664960218177580483e-22
1.629617109761337568e-22
1.082232223365314202e-22
2.736604944851323524e-22
1.304885751682698600e-22
3.355427604854367262e-22
3.172170253318154021e-23
4.863648278611161260e-22
1.604386934835196607e-22
2.659837013944879963e-22
-6.055546247783731888e-24
3.107773694214129419e-22
3.965971968539261976e-22
3.920930606886960788e-22
2.111188334833470209e-24
-4.687038488061355423e-23
1.050383088613236844e-22
1.105068660475344190e-22
2.356677783337882114e-22
-3.150857552208294235e-23
-6.173979439637626304e-23
-7.035359136088542323e-24
-5.728151383351219165e-23
1.146820351562458066e-22
3.564643522255192830e-22
1.005633198767590758e-22
-2.156061349865783916e-22
-1.284424173063319701e-22
-1.160567045912018985e-22
-1.431424962603998629e-22
-3.316335100273696605e-22
-1.446811333615729807e-22
-5.044284027253833831e-22
-2.207737198005958549e-22
5.238442477303779045e-23
-1.031163423035375690e-22
-3.977516070806711099e-22
1.110469222013495759e-22
-2.019745301034423588e-22
-2.149376895964213861e-22
-2.761277190737887448e-22
-1.220045895541259542e-22
-3.582760021721962315e-22
-3.592338027676464835e-22
-4.402677504901138907e-22
-2.577509304222469118e-22
-2.791116989857220541e-22
-3.991025968502233222e-22
-5.183885351264969487e-22
-4.686365922728279396e-22
-5.225113580672624122e-22
-3.122530062532645850e-22
-4.028243289956588976e-22
-4.095465737410325860e-22
-5.041443015144245518e-22
-3.558429881872765197e-22
-1.658364151443657549e-22
-3.116749068556606374e-22
-3.437069695734699798e-22
-4.181134547578923247e-22
-5.441215882274734054e-22
-4.070952219017359479e-22
-5.402205207850611914e-22
-6.029771234374849928e-22
-2.964089202655241689e-22
-2.475969611077484605e-22
-3.238568346610370292e-22
-3.635799103331014103e-22
-2.996610339497288785e-22
-2.922924625111612298e-22
-5.539653138812544962e-22
-6.479765355254637351e-22
-4.267690445034293781e-22
-3.522565471152019107e-22
-4.793967122515190941e-22
-6.604847292756291235e-22
-3.809201118906163520e-22
-4.394997197506334824e-22
-3.189475213301736117e-22
-4.324956427625665189e-22
-6.101403489255337685e-22
-4.362380234427871616e-22
-5.145835661247156407e-22
-5.633430225271319009e-22
-5.751359960630886747e-22
-6.064428715724555697e-22
-6.013965233017724871e-22
-5.646025438926188516e-22
-4.477800517048529021e-22
-6.557892824361020044e-22
-7.690370573071407000e-22
-5.069961803055439339e-22
-8.049326627863402782e-22
-4.697289101572924271e-22
-3.986341706639379702e-22
-4.979274162609672296e-22
-6.371836124792397587e-22
-5.255400353666262193e-22
-6.468186403008751951e-22
-3.894388876469848373e-22
-7.415291794082998732e-22
-2.838492873703683647e-22
-7.315592674057346490e-22
-5.207545550086697007e-22
-7.168150859287544280e-22
-4.902500968946898325e-22
-6.061504929793766168e-22
-5.340634564440517527e-22
-2.948400332114128325e-22
-5.424921805954363582e-22
-1.423107749399208703e-22
-3.633277949006480425e-22
-6.948463044168216465e-22
-4.513870421270801408e-22
-3.846964846055221403e-22
-3.669125130251110398e-22
-3.302776132016591961e-22
-3.376419410054259869e-22
-6.346478677919496534e-22
-1.551553238712110942e-22
-3.511085981272653404e-22
-2.652045634774090080e-22
-1.995546215619653986e-22
-2.653731497305922789e-22
-5.712071939690726509e-22
-7.709467759190695787e-23
-4.023946884256579488e-22
-2.204805535851182184e-22
-1.877319536074515454e-22
-3.393689353405832559e-22
-3.742982022567124290e-22
-2.155992235061243649e-22
-3.578133522778385793e-22
-3.788008317879502225e-22
-1.862096740411637931e-22
-1.211586172837966724e-22
-1.378780064846022863e-22
-1.702358219939074353e-22
-2.333677594059848938e-22
-5.754343679326019420e-23
-7.116539556976211325e-23
-9.071046017495211664e-23
3.206455735461925117e-23
1.249372399019915427e-23
-1.040097379362696443e-22
-1.227105867993172610e-22
-1.083755931516677058e-22
1.052547900084269645e-22
6.964437365030330588e-23
1.018134400850328487e-22
-1.075545981174121543e-22
2.647678819441701943e-23
-1.845498873946927190e-22
1.578663491446522004e-23
-2.378922527000188142e-22
3.460359449887137217e-23
1.478777856435664942e-23
3.653874960325744321e-23
-1.388960311239342168e-22
6.799938169186144047e-23
1.616476847598098973e-22
1.460212603620083823e-22
2.826882479413447105e-22
1.698548253489108693e-22
-8.521200757362278560e-23
2.273994901778096809e-22
2.071868757307728518e-22
2.240358995545294725e-22
2.118554427864935148e-22
5.081796549107326750e-22
1.704799466328040869e-22
3.235241452402722590e-22
1.038370609663110918e-22
1.937392779940819825e-22
3.584789709460012845e-22
4.520283939857143270e-22
1.013290174964733445e-22
4.453712622453054240e-22
5.032386413712056618e-22
2.602921216119229095e-22
3.547963424401850126e-22
3.180714556460957085e-22
2.029279110880519779e-22
4.732970203438082164e-22
2.848523408395889516e-22
7.091599081940209261e-22
3.739745782899288601e-22
5.692902874200918347e-22
4.757483189344015381e-22
3.053501091068415920e-22
4.694094032827343201e-22
3.978700432934686180e-22
5.189280896528649929e-22
6.091322251921189019e-22
4.439939416070119767e-22
4.674599766602967118e-22
4.764971017197836790e-22
2.542526513580945594e-22
5.028441026644245348e-22
5.420643954909830400e-22
6.151770063654433889e-22
2.854114681360062751e-22
4.170169615718301905e-22
3.690466586788854795e-22
6.471442134019314609e-22
4.883501892253228047e-22
4.839303565495020715e-22
4.543223922551461105e-22
4.750510244115376802e-22
8.367936444003414825e-22
5.313773383835074265e-22
6.015772799202195514e-22
6.142504176030332534e-22
4.430864621965791149e-22
4.980485573056009341e-22
6.510872385372180202e-22
4.821643888345044733e-22
6.269019991733701186e-22
3.893370840239467480e-22
5.611543909623314933e-22
7.013196400381040971e-22
5.721420478709740650e-22
7.209237798649712512e-22
3.931275487686609752e-22
3.983981357131655334e-22
5.483900075786365405e-22
5.439820679982969854e-22
6.567617749624094835e-22
5.494358921173501707e-22
5.537031390693214878e-22
4.512009461927847002e-22
3.718531753083222305e-22
8.439655070076802944e-22
3.712867517163159885e-22
7.808013910461019854e-22
4.687192363892579101e-22
3.093554188716189421e-22
2.899380927456658696e-22
5.690143007925937254e-22
3.279781608761759006e-22
3.902760908889271580e-22
2.793733549945986085e-22
3.708894658814315438e-22
2.984246200962325533e-22
3.445472732540483029e-22
2.092678912125506669e-22
3.085140440896632013e-22
2.977233814630129571e-22
5.087775991522012269e-22
5.053580461162854895e-22
1.654785935678615280e-22
4.128949952107323879e-22
4.567882349000843635e-22
3.465873586985322960e-22
4.157943309797991463e-22
2.666099516344285463e-22
4.012810828805119103e-22
3.036306783036670835e-22
8.887636288738428169e-23
2.192415382074122368e-22
3.399607865335589080e-22
1.946320190402953982e-23
4.968568695682888898e-22
1.220543884558076778e-22
8.260711959824320196e-23
3.042418023400877083e-23
2.273954822443910772e-22
1.694157317982957726e-22
5.719730053416395351e-23
2.513556529836046548e-23
5.667726859683199495e-23
3.035084829274723101e-22
1.854858559830099359e-22
5.829186747797318752e-23
1.815312225892752926e-22
-6.284290289587259296e-23
7.786245158017713289e-24
-2.076364093991806445e-22
2.639123414763285317e-22
-1.649246080329818939e-23
1.330383643389515787e-22
1.683388003696056229e-22
2.807774986781898237e-22
-1.576828349725474879e-22
-9.517862839500264969e-23
-1.014870622250866942e-22
-5.984023330952139754e-23
-2.658868526200060408e-22
-1.324751846349080664e-22
-2.778492580618001557e-25
-1.968091511834706437e-22
-2.141935872751345065e-22
4.926380129743465616e-23
-4.795899551264738874e-22
-3.157632681600990778e-22
-2.324952629184076903e-22
-3.591212041826414185e-22
-2.308282687788601330e-22
-2.002937631586258146e-22
-5.618895547044251387e-22
-3.054174055149501689e-22
-2.599403869410288145e-22
-2.989656546890421625e-22
-3.161170026127349465e-22
-3.209331714566918293e-22
-3.084210642756176762e-22
-2.600203343095776901e-22
-3.663088188888816389e-22
-3.172181652450564374e-22
-4.988669691739169227e-22
-3.556006954342042689e-22
-5.588651619117082797e-22
-2.893367887533777355e-22
-4.518602857405895513e-22
-4.489774252825777397e-22
-5.819675874635974531e-22
-4.045141065937400242e-22
-5.344157437999071220e-22
-3.217805348428855131e-22
-4.565946561131725614e-22
-2.091782357235219324e-22
-5.686846299898362487e-22
-3.937130893690530659e-22
-6.017920698782778060e-22
-6.481127111999057735e-22
-5.060556601893311800e-22
-7.037632161468139112e-22
-3.363648911091891786e-22
-7.511256987772859587e-22
-5.961384532105676992e-22
-4.006546381088058298e-22
-5.098110810334242662e-22
-6.011688151190519086e-22
-2.613540055781396197e-22
-4.883116632371057605e-22
-6.133920511925105954e-22
-5.447032323764657559e-22
-5.361396911133603693e-22
-2.910802946192055122e-22
-6.823465715317502549e-22
-3.650076115087151448e-22
-5.613548787842898579e-22
-6.571272248974870452e-22
-5.612808784721375841e-22
-6.449289875262943516e-22
-4.456999802530754974e-22
-2.631574715615687781e-22
-7.065224975095506675e-22
-2.603842681966877359e-22
-5.135825786101212697e-22
-5.348377413547775093e-22
-2.147996572743345204e-22
-5.552691455024646159e-22
-6.770532555639848323e-22
-5.555088370006701118e-22
-7.206685683078315144e-22
-7.598012819731260915e-22
-5.326146441774904550e-22
-7.043616598210279027e-22
-4.157244241579907070e-22
-5.837410523599552854e-22
-2.693186823949460915e-22
-4.484594336133785854e-22
-4.675785750141786471e-22
-1.757760831679880469e-22
-6.154248220940605367e-22
-2.388307083571334473e-22
-5.376407363780172092e-22
-3.984005518142732791e-22
-4.258625701359963714e-22
-2.707623257716925118e-22
-6.041764653612561232e-22
-3.488216835104357502e-22
-4.866737910506897400e-22
-3.787247520549912738e-22
-3.665772964275425894e-22
-2.907712664538130684e-22
-4.751359494489852371e-22
-6.577965550768570690e-22
-1.649094547786775060e-22
-4.459087881906735942e-22
-3.690342795081186477e-22
-2.052557885828620383e-22
-2.440031088720970508e-22
-5.088433335476341970e-22
-1.115899442856676510e-22
-2.675772475330499518e-22
-1.788854570346827495e-22
-2.426169882761381164e-22
-3.824415033239003092e-22
-1.025906268841126187e-22
-3.530955655357502258e-22
-2.171287119704717041e-22
-1.508386170054359732e-22
-2.998277834384245166e-22
-1.795993778685036912e-22
-3.530996456144979165e-23
-3.873866562298764787e-23
1.248548545888127099e-22
-4.468322513252149923e-23
-1.090304194931597631e-22
7.880098812295368570e-24
2.310737099453289349e-22
2.299195675849897044e-22
1.574040733024568384e-22
3.599857294247883990e-23
-3.857552900477455711e-25
2.324809514881634911e-22
2.841175173338625315e-22
5.632966312222707008e-23
1.251668651009111285e-22
1.285864859471579882e-22
2.791630544917241981e-22
1.682472050096891284e-22
2.162230876914407309e-22
-2.568639533808184038e-23
1.858092747936472617e-23
4.403051048840553003e-22
1.556558609124581043e-22
3.743805609799028534e-23
3.296422148351315894e-22
1.195694730641311728e-22
2.272208900238490721e-22
2.587607071099672323e-23
2.726371356607955618e-22
1.921797751599761392e-22
4.290740156686018672e-22
1.808065685033815141e-22
1.210781909248964517e-22
2.285122891255221247e-22
1.178210180460640052e-22
3.841163608471177635e-22
2.619248726269675880e-22
2.823435500943210581e-22
4.573762750685198304e-22
4.226852161949484931e-22
5.523671890025816080e-22
-1.194109935403260452e-23
3.955034292083861660e-22
4.588654847601920034e-22
4.831955641126083731e-22
4.438991588699451287e-22
5.162158449626032661e-22
4.220151707044045096e-22
5.442663566345364420e-22
3.085000472037931714e-22
6.521241205620020828e-22
5.725208911445339669e-22
2.385218038523955968e-22
6.934095651345426831e-22
7.145695014686921193e-22
7.306590607373555622e-22
5.249924010854964398e-22
5.529173920787767019e-22
3.613521936556625976e-22
6.862112092607825565e-22
4.911443930436682497e-22
4.812251939322491525e-22
7.389389884993189666e-22
5.209085008379683760e-22
3.690595212576338427e-22
5.106466042895045254e-22
5.930953370320747200e-22
7.418195807034003495e-22
5.367276091086292387e-22
4.485981880132951057e-22
7.310441464049484571e-22
5.396135042305199457e-22
4.702639746511079853e-22
6.822619612273549484e-22
5.079136160621210176e-22
5.290245279454661018e-22
5.403641733285416045e-22
3.481169261877179874e-22
6.086225561689524114e-22
5.421336306956235962e-22
6.217440567180956763e-22
6.598462604828829207e-22
4.581634397469935124e-22
6.203861755379240214e-22
4.874508701834030171e-22
4.767151328247954937e-22
3.512274542217215687e-22
5.183100555640236198e-22
4.440607534428046267e-22
5.601000360630439410e-22
3.368956288844396280e-22
5.008128717334690785e-22
5.631072068807736518e-22
3.473457124812245524e-22
5.225015999434098780e-22
5.306399964094130022e-22
4.729788365240920567e-22
2.783524165670289279e-22
3.890382277510606597e-22
3.554231658047676317e-22
4.654957505338280937e-22
7.691648731393074761e-22
3.456127423565363951e-22
2.829840367221580093e-22
3.353758021677011264e-22
5.514661282999949023e-22
2.301582789651623505e-22
4.219283117355631555e-22
3.709065644608651582e-22
2.814584090511334379e-22
-2.313962102561337242e-23
1.629666011122393947e-22
3.289930622057423534e-22
-2.667035367868330110e-23
1.700887740020131452e-22
3.290321111211972975e-22
1.271851350775683190e-22
2.131922634773212916e-22
7.229907464635607149e-23
-1.236506958766720169e-22
2.122647014637519006e-22
1.560261900105536480e-23
1.521764789345181035e-22
2.568828800074699939e-22
-2.259666152654488495e-25
7.093625200836393935e-23
1.920573954164706066e-22
4.243958304908220250e-22
3.145291635967583326e-25
1.254611780258957042e-22
1.018510722615379899e-22
9.221634496858818996e-23
-5.862934521497439248e-23
-7.618252485366698849e-23
-1.210304564512312266e-22
2.256257891325035528e-22
-5.349327678027005336e-23
5.839956918078716571e-23
2.640789712938328339e-23
1.450180307048826551e-23
1.937742512473407182e-22
-1.348537311123275900e-22
-4.202212023589154531e-23
-1.740201681390134620e-22
1.070536524150945096e-22
-1.741872926720377580e-22
-4.556390648060642078e-22
-3.724895779431836807e-22
-6.365281752838883232e-22
-2.959684386673319912e-22
-2.762449380912169724e-22
-3.423312444326944810e-22
-3.969746514644320254e-22
-5.023040187622728730e-22
-4.797401200173863814e-22
-2.509553340190496627e-22
-2.414355319255764555e-22
-4.317563651730443548e-22
-1.085582529442529659e-22
-4.491966235329732242e-22
-3.172686756647143841e-22
-3.207686086306666695e-22
-1.359640880924529649e-23
-4.669619579023560568e-22
-4.220388619063862598e-22
-5.635369082930191263e-22
-2.821060741620649997e-22
-6.503882666613056671e-22
-3.110482533175352952e-22
-3.063610731623486596e-22
-5.655973960111475279e-22
-4.891103086406809805e-22
-5.584285635177305919e-22
-5.853264974918681586e-22
-7.647506873769494274e-22
-4.620306442415292258e-22
-6.424966866086210082e-22
-3.499759064752266547e-22
-5.785713676313639294e-22
-6.906140091335471776e-22
-7.048872342353265335e-22
-4.511371349670022575e-22
-2.779073847195682897e-22
-5.477117822111193410e-22
-6.166238287782345753e-22
-5.517123336681179981e-22
-6.325616806849909870e-22
-5.153884019501781089e-22
-5.705088512851471331e-22
-4.161121435622286989e-22
-3.585794213700300022e-22
-3.086789479583373179e-22
-9.075008353162150258e-22
-3.608457810045264141e-22
-3.670002575996552777e-22
-6.060026268338551049e-22
-3.558712198023771636e-22
-5.537030682029114937e-22
-5.841553289830569736e-22
-4.976422444504492838e-22
-5.917801143143228374e-22
-6.546035780381587292e-22
-4.760698397591669187e-22
-5.268259264280842716e-22
-5.195965099291514522e-22
-4.146958037094174775e-22
-4.388322512409668294e-22
-6.420834482789475365e-22
-8.610003807356781818e-22
-5.731349307649359811e-22
-3.687076249351857581e-22
-6.607225726036057984e-22
-4.727682820608154369e-22
-7.637341105978953775e-22
-4.359143561575474135e-22
-6.397703549022784225e-22
-4.593352604790222336e-22
-4.980826147609779876e-22
-1.424900735756829979e-22
-5.309338824545596997e-22
-4.774787380662012460e-22
-1.989269584602371565e-22
-5.208376563717314021e-22
-5.447740113721064318e-22
-4.488536568852604102e-22
-7.779286311518572248e-23
-4.288848070649091372e-22
-2.803459285599154066e-22
-3.236706669856988160e-22
-2.691201466962908610e-22
-2.581600190677705959e-22
-2.226067459214139984e-23
-3.218784085430327383e-22
-3.487871854203287201e-22
-3.393174126546192152e-22
-6.374143306762019684e-23
-2.738339437845501185e-22
-3.185481388491605776e-22
-4.483889354720817908e-22
-2.674571631253081247e-22
-1.473869784241974577e-22
-2.619152266863035082e-22
-1.497474269069413569e-22
9.335748655374254621e-23
-2.993549164732460077e-22
-7.265001758528144369e-23
-1.028065610617806614e-22
-1.502120486368698716e-22
-8.719226491198019214e-23
-2.788225590634914913e-22
-1.636415398387525839e-22
-5.733839918954787905e-23
-1.218478148845619952e-22
4.666506972888014534e-23
1.099219716868290151e-22
1.182197857113010440e-23
7.677817565224299894e-23
9.554812745779484298e-23
6.171335967929667376e-23
3.888883953563603667e-24
2.490808019345600676e-22
-2.169204903045868000e-23
3.032090366528281624e-22
5.234801273058536801e-23
1.436640475458506857e-22
1.365627863203253424e-22
9.902173306316501074e-23
-1.654093030629788515e-23
2.340467912833772046e-22
1.104930755027211396e-22
3.505441567640052993e-22
2.422089643901856275e-22
2.484255840777242401e-22
2.501378334732521520e-22
4.876403321159772993e-22
3.344928736083242319e-22
4.357707999253243851e-22
2.607425363670582953e-22
2.653625968517223305e-22
2.593346544379001462e-22
3.945111190613802191e-22
5.736734205165197234e-22
3.540681068275501697e-22
4.775762580063556475e-22
4.871132475221824756e-22
5.801421067219961779e-22
4.227340688708322434e-22
4.137740384493716986e-22
4.634900133774456101e-22
4.692528238036080937e-22
7.109525290495525187e-22
5.938369886719597692e-22
5.008863925132470935e-22
5.647316856222781676e-22
4.144526253477103308e-22
5.143187307462055744e-22
1.809537385521816845e-22
5.819365192630364282e-22
3.839509518639748036e-22
4.044736431036797734e-22
4.723789159377427127e-22
5.857083794784128219e-22
4.870916565196818641e-22
3.714153888059722805e-22
3.625201505290823375e-22
6.591852646999268343e-22
3.792820036284933741e-22
4.790724934881458358e-22
4.692110392379099024e-22
4.709508723061020544e-22
4.799870980178543471e-22
4.225526706375372527e-22
4.439474594527457965e-22
5.387258135718351183e-22
7.777739088671977890e-22
5.294320452955344083e-22
8.589640111666039003e-22
4.636651830450965736e-22
5.337357598270921199e-22
6.480732116858669903e-22
5.727817661619147211e-22
4.097523261113115758e-22
6.978886181760473839e-22
7.502297807282560933e-22
5.169409703637394629e-22
4.340917268844918988e-22
2.106330771836919740e-22
7.544825579769448539e-22
5.281072133394664665e-22
4.956724725606961682e-22
5.863741830018236234e-22
7.430838249199069577e-22
5.012436607171206317e-22
4.784287380165814327e-22
4.562308766894473910e-22
6.246220927318474848e-22
4.940090979248726759e-22
5.366479334686173562e-22
4.486937359913878353e-22
6.046293831893865017e-22
2.274965622440621725e-22
6.912747618069353233e-22
5.487114655824296050e-22
4.120295570049428094e-22
5.426346830740935449e-22
5.693418181708908559e-22
1.250823548204383660e-22
3.105436650514099995e-22
4.637568822891599661e-22
3.819707385169874333e-22
1.794337354011278370e-22
2.014758844701079707e-22
2.430702564673865336e-22
4.640627454578691634e-22
1.897172415894135138e-22
3.168261145666316569e-22
3.380339485456963316e-22
2.473115168291601678e-22
5.787069978236892435e-23
1.580549454697685550e-22
3.481970851229077191e-22
1.026147246391681112e-22
1.890987188239238364e-22
-1.001775913249227936e-23
1.135372374901719326e-22
8.313133952540318211e-23
-3.622469574475867010e-23
-6.946983742023909246e-23
9.924758146655885431e-23
9.975279250176312853e-24
-1.396498964486314843e-23
-5.810691499467658864e-23
-1.619671764179564374e-22
-2.505354435129034738e-22
4.674271456031922699e-24
-2.462061610656431616e-23
7.074755925177377981e-24
-1.789813790360428016e-22
-1.491102959789948831e-22
2.311162799775770227e-22
-2.145574564076960772e-22
-1.249475472575048388e-23
-4.439765759685050924e-23
7.560222501695960072e-24
-2.910031291475732403e-22
-1.425976621371309265e-23
-1.577065277362632910e-22
1.367563698820795164e-23
-1.794138185155152755e-22
-2.072092679815970221e-22
7.412557590392833352e-23
-2.754170698660108025e-22
5.045901060064002350e-23
-2.045876629610051084e-22
-2.432236592513818156e-22
-2.912522922141255875e-22
-1.924937045177194035e-22
-1.571336667922994821e-22
-3.652450332813334449e-22
-4.349025369008661645e-22
-4.641273425429664207e-22
-3.611896183582900204e-22
-4.638044346596411305e-22
-3.706670518986284196e-22
-3.579668094756446254e-22
-5.335106797007430423e-22
-4.240341312428343075e-22
-5.421083187549179257e-22
-4.415516107749561669e-22
-6.980411630914241023e-22
-3.624401123540964207e-22
-4.785333336998506909e-22
-7.195165339296159849e-22
-5.386825775245280584e-22
-6.748586771400828887e-22
-3.894630833128076301e-22
-5.079614895054722829e-22
-6.850218561645935668e-22
-5.767574572863237747e-22
-3.407344658700254498e-22
-5.729589760504563818e-22
-5.876080099714013102e-22
-6.662940021311709860e-22
-3.479080924143843761e-22
-4.316049602757890048e-22
-3.796295113834880209e-22
-6.222907226701880697e-22
-6.115033209413299989e-22
-5.770204169561560173e-22
-6.062464330430231623e-22
-6.038267093949852872e-22
-5.310216560257370846e-22
-6.638950144601700856e-22
-6.537085552096381733e-22
-6.158284534753538251e-22
-7.386110188390277715e-22
-6.893382713446868639e-22
-6.072133161864453170e-22
-6.126819377830139268e-22
-4.186291170740603824e-22
-5.611532481427134954e-22
-6.039798112393373939e-22
-6.337039758186593607e-22
-4.338023330147091606e-22
-4.439651036917598121e-22
-5.340074450532184323e-22
-6.177406822611542711e-22
-2.773777329853685594e-22
-5.952392915274905355e-22
-3.843710240844304570e-22
-3.173702693622262394e-22
-4.645533527726031301e-22
-7.940746596925139959e-22
-1.533603011950470565e-22
-3.223546072631949999e-22
-4.050965551472117158e-22
-6.655371815810231278e-22
-4.718599654854931402e-22
-3.285139751072926669e-22
-5.508762235223376846e-22
-4.909665978935961428e-22
-4.148340716562747405e-22
-4.362004017799987209e-22
-3.921238995564088515e-22
-3.000866209532777035e-22
-2.730242236413807085e-22
-2.094779888714234660e-22
-4.795611839428320306e-22
-2.750978331621469454e-22
-1.389580301123247664e-22
-3.095049990087112471e-22
-4.036929135891178694e-22
-3.691884536683800792e-22
-3.949157518961939692e-22
-1.455878214404828942e-22
-5.403734388496258767e-22
-3.600545061301907733e-22
-4.887232877124492732e-22
-1.543987114396089274e-22
-3.182190220240884737e-22
3.812152867340498614e-23
-8.860223327537071206e-23
-1.457181297838171299e-22
-2.842279044362704073e-23
-2.494951678728351602e-22
7.212568181274866713e-23
-1.231943275398431116e-22
1.522201202817858752e-22
-3.893884515776960999e-22
7.726647557662218296e-24
-1.371034334730928215e-22
1.684890146227089704e-23
8.314841961852549890e-23
1.645855793973846691e-24
-1.813588672006535522e-22
-2.223547543652619665e-22
-2.278893004439002455e-22
2.151527210697479153e-22
9.861028089276571985e-23
3.348519232467091531e-22
-4.739925626214218156e-23
3.481799836155300651e-22
2.679594889345508547e-22
1.548636107650110798e-22
1.365224397316175770e-24
2.437694446803041630e-22
1.966528989029452718e-22
6.273617807784810500e-22
2.202082874780368904e-22
4.378959488347318995e-22
5.093403382814667613e-22
2.311766708753081608e-22
3.014755743905504987e-22
5.202087260681174855e-23
3.447887402726346017e-22
5.277652931620791242e-22
1.607695239901639852e-22
4.649458302033351606e-22
2.472829334322206612e-22
4.080049561103332831e-22
4.761500688475689252e-22
2.886673757630167839e-22
5.653650328385120355e-22
5.445838317983233804e-22
2.954282220478959381e-22
4.691605670941425282e-22
4.498551674378538714e-22
3.514659123475445998e-22
6.105888283507308592e-22
3.463918468568156858e-22
4.343745289904587906e-22
7.601188396372295465e-22
6.186590361790942814e-22
6.294235991888916327e-22
2.894647952346345219e-22
4.337302159198092604e-22
6.173183510889174265e-22
4.799659108813054025e-22
4.799654667897510402e-22
7.533407939336562823e-22
5.081563352075089470e-22
4.293123907291470829e-22
5.302267863301292260e-22
4.381905160005591694e-22
5.056449310095724155e-22
6.274889418083220513e-22
5.823964154341427967e-22
4.384095498056028646e-22
3.950626427308672023e-22
4.743401022819452802e-22
8.733101246743116264e-22
4.170350545199343820e-22
6.323327073673682640e-22
4.819671039816775337e-22
4.759844696355668160e-22
6.455486378774968002e-22
4.647420517899145938e-22
7.095225807648408460e-22
3.218647851702922840e-22
5.780160474128171703e-22
5.313737784535882325e-22
8.659288317311856008e-22
5.818173136388926870e-22
4.814188357235004213e-22
3.860668302928685247e-22
7.569708517384175791e-22
7.269079773957806918e-22
4.369897164120723964e-22
4.775015162628406766e-22
6.244467817464195142e-22
4.168982236581699755e-22
2.509266754491854364e-22
4.273301139442235495e-22
4.672800055254177870e-22
6.496518195112637355e-22
6.175923016670663406e-22
3.627982292771558435e-22
5.867532455107440497e-22
4.561143239291569031e-22
2.609248491814223671e-22
6.002821490663244066e-22
5.727402593021301657e-22
3.234111655214475209e-22
4.415867575005644873e-22
6.572385025435568276e-22
2.411022599185169390e-22
1.814030857489362377e-22
4.540623107939107053e-22
2.366025372550396540e-22
2.746967002206529003e-22
3.857465794419894737e-22
4.730404222609433730e-23
3.041798503823363329e-22
9.367956982612782499e-23
3.390150367455850973e-22
1.727290539230900566e-22
1.920295521210110057e-22
1.979873826714109894e-22
-1.942332227784357249e-22
2.271035517845174615e-22
-1.649101953588948834e-22
2.148746794026804284e-23
2.959807826214434892e-23
5.693449955384167472e-23
3.876774570041424904e-23
-6.538343544543982460e-23
-5.008325503958685317e-23
5.991266917809604775e-23
-3.153776818394841015e-22
3.719633158012874387e-23
1.014805684461986526e-23
-3.643659131284622837e-22
1.716067340753162331e-22
-1.213685950744213426e-22
9.396862645921938116e-23
-8.162689019947823321e-23
-2.187810949674448736e-23
-2.326527210472959523e-22
-2.083663904751164699e-22
-1.109603736406750269e-22
-1.281301881298344253e-22
-4.714081737460287931e-23
-1.013837492705815432e-22
-1.024931162449022910e-23
-2.138623146842230212e-22
-1.453249810563317737e-22
-1.321352067095918504e-22
-2.442082743848867415e-22
-1.477061953645228722e-22
-2.998482475488474052e-22
-2.139696650677546583e-22
-3.809760528781924928e-22
-3.612176019455432630e-22
-4.655316901466919993e-22
-4.536889733114784033e-22
-3.629653996042749115e-22
-5.275571451743378478e-22
-3.602772430878576803e-22
-3.452705679422015941e-22
-6.378992761638189525e-22
-2.237102919105023371e-22
-4.992882403270873670e-22
-7.433088372174612115e-22
-6.318773572616034223e-22
-2.980229155438706045e-22
-6.866715526473679550e-22
-6.159184800735197114e-22
-4.471281850132593245e-22
-4.815701383003645883e-22
-3.365849489430891940e-22
-5.597659977022121275e-22
-5.940963215257781019e-22
-5.369391578115115287e-22
-4.878700607229170609e-22
-5.599884097260429604e-22
-7.100568079018644133e-22
-4.582253127640542047e-22
-5.547198188079133740e-22
-8.595467542909575186e-22
-4.856678783626183507e-22
-5.216953646615062283e-22
-5.333104077315417178e-22
-6.794477937224620122e-22
-6.020076865691183484e-22
-7.069942828450942047e-22
-7.101888770724835115e-22
-7.344596580388135042e-22
-4.684865144452250260e-22
-6.097500912889313807e-22
-6.307195905176192569e-22
-6.947593294203134425e-22
-6.598957367740523414e-22
-5.579362088269329511e-22
-5.583000064386747385e-22
-5.758399418678477648e-22
-2.952313375152061381e-22
-2.506856529208615764e-22
-7.165640447661332225e-22
-5.997317236316274701e-22
-2.956495654668935488e-22
-3.693666803694805417e-22
-4.720267043010713880e-22
-6.122341411219131784e-22
-3.137485704164776427e-22
-6.211982652207283645e-22
-3.605698069936615522e-22
-4.049491027217404841e-22
-4.977682173337060398e-22
-4.584111868818211342e-22
-5.683573879732176907e-22
-3.923027739439298190e-22
-4.141874040099954182e-22
-5.034145080849128234e-22
-5.157636216563038320e-22
-3.669652631745737138e-22
-3.830276762129352551e-22
-2.626207158316603026e-22
-3.870701866317233761e-22
-2.866047732701015500e-22
-6.016289438343660655e-22
-5.582279846933849329e-22
-3.209601789957927409e-22
-2.444527277664855090e-22
-2.310923329502677490e-22
-3.684082767347444848e-22
-4.192245600481578226e-22
-1.792880266702513765e-22
-3.878749993026538734e-22
-3.763913389924503893e-22
-9.671862019925785553e-23
-2.215809192579908907e-22
-1.690444090488642649e-22
-3.057603186658311937e-22
-6.533396284419283909e-23
-2.944085214318091483e-22
9.558401988099212758e-23
6.092251699611210182e-23
-3.832270266091529496e-22
2.783300305250426328e-23
-6.052891989825933417e-23
1.897896005129533422e-23
3.421163671006536923e-23
-7.622602827347094044e-23
8.973341150921346857e-23
-1.192685941262338707e-24
1.841071204348032287e-22
1.675794854777071761e-22
-6.157567357941298018e-23
-4.454433729502021405e-23
3.087394883034631599e-22
1.768291186476053572e-22
2.244834530627806251e-22
3.147464993875802617e-23
2.200877883002365700e-22
2.718435849730779953e-22
-1.039744058352592577e-22
2.031999783872625246e-22
3.241820363069551409e-22
2.413071231151490842e-22
2.276932719105882672e-22
1.120954831126608483e-22
2.641059265622025145e-22
2.524843068265741235e-22
5.341802240269249018e-22
4.718377219648233354e-22
3.049546343167873578e-22
1.322450640706534699e-22
5.897236150529682637e-22
1.083099893254228897e-22
6.921274293210531536e-22
5.357424949019256376e-22
3.321819456303700598e-22
5.898329095068927863e-22
4.076127546656330702e-22
4.584733128944096377e-22
6.362850518808878330e-22
5.267060803854845174e-22
5.033357798639926945e-22
2.930569130125565214e-22
4.656077290737718610e-22
6.077285435757969570e-22
2.817077460671986194e-22
6.313490968599335906e-22
5.534862191535228358e-22
5.547796592682569776e-22
4.009250597866618674e-22
5.857782801559334483e-22
3.875663248648748384e-22
4.111849739531336569e-22
5.880650924942410836e-22
5.228789847486474548e-22
6.630054567389810303e-22
6.138422712541438069e-22
7.477466301738452334e-22
6.425531942159939038e-22
5.919398361552334946e-22
6.016963436331373981e-22
6.643361575962374724e-22
6.328067016829603227e-22
6.521307784054834595e-22
5.735356960559578257e-22
5.823057259374110367e-22
5.551089636537140216e-22
8.570607564247982215e-22
4.820569602647377964e-22
5.479258710541439406e-22
4.665370462249133694e-22
6.072670929871385004e-22
5.341394996098826172e-22
5.433889638529801294e-22
3.368602353550326626e-22
5.293302524845634423e-22
4.451806154221519903e-22
4.637254240245407854e-22
5.011250477196428937e-22
6.214179035986186093e-22
3.410383620873699898e-22
6.272186282549888237e-22
4.912904734295615021e-22
5.614552321573327053e-22
3.154632338857390868e-22
5.732210121056780059e-22
3.233395251171397420e-22
4.611522072109399018e-22
5.378370176507837828e-22
4.426571580359107208e-22
3.432502343928734308e-22
6.725486679808918900e-22
4.318528330332932136e-22
5.352294920288245028e-22
3.038513613448892328e-22
3.582424164984622547e-22
3.921447904669325686e-22
3.001309931384226485e-22
4.653442999798393297e-22
4.359105095295756970e-22
2.549015819792084576e-22
4.345453187023533212e-22
3.881965868759270110e-22
2.009549824516645897e-22
2.555268113814350373e-22
2.186682260091302760e-22
2.735268119728598280e-22
3.160438538345907788e-22
2.382473071637493287e-22
-1.244162737935034458e-23
1.413484681973587044e-22
-1.624562553875336161e-24
-1.994559518063834733e-24
1.295131021322846295e-22
-7.248409194385964667e-23
-4.257790505701406090e-23
2.962177389936883494e-23
2.554120871495034595e-22
-8.330478905821323567e-23
-6.630947144276428728e-23
-1.540701954455033939e-22
1.948201740624498663e-22
2.281703219358974550e-22
-1.887035090039601299e-22
-1.769631249906471250e-22
-2.181408268792816671e-22
-4.466536710505647257e-22
1.556614868497060511e-22
-9.850691614891277675e-23
-1.313075291963607830e-22
-1.855724730474685950e-22
-2.747710623316517790e-22
-2.281634465890089000e-22
-3.200635191065970504e-22
-1.773107820666204278e-22
-1.874702257880782289e-22
-4.185267918312466988e-22
-4.909541602008206740e-22
-2.964888562417443879e-22
-1.875784694659692726e-22
-4.725180284454930730e-22
-6.624615094241147818e-22
-3.072306476712762230e-22
-6.056385288572168204e-22
-1.005250709110408491e-22
-6.231742126160854135e-22
-4.877541468426797451e-22
-2.975416652502598503e-22
-5.850770314819285394e-22
-5.147970054994295084e-22
-2.791130844029321488e-22
-4.205217364295777296e-22
-5.104824874387547734e-22
-2.650740784707086863e-22
-2.196266567095446734e-22
-5.483864381172115287e-22
-6.018212136643174986e-22
-5.623634642748112528e-22
-4.507013635651330424e-22
-4.834919715382439730e-22
-4.527352640576967234e-22
-5.553897738704757537e-22
-5.347286466458322844e-22
-4.503099651461692511e-22
-5.067193439821475614e-22
-6.135420445907693853e-22
-5.027332730757076021e-22
-6.479095747099007764e-22
-3.927535530053332307e-22
-5.033728633054735276e-22
-5.129903129981303626e-22
-4.812008361902369319e-22
-6.120005103399797754e-22
-6.116761432521436521e-22
-6.976894442603427156e-22
-4.312668920838022005e-22
-7.992568877367490912e-22
-7.051964483734196511e-22
-4.890586109666675418e-22
-7.431097670910504511e-22
-5.414050486246336797e-22
-4.657935387907227555e-22
-7.978756584006490219e-22
-6.280559800207974421e-22
-6.754503097962479006e-22
-7.337855103200938118e-22
-7.916438924962488419e-22
-6.847525304856709287e-22
-5.991388605319159512e-22
-6.866774918183919698e-22
-5.702274663949249997e-22
-7.730347791199319283e-22
-4.386671211143162191e-22
-4.133223085188968631e-22
-4.101545527785848779e-22
-5.666346533454452383e-22
-2.938348332841661038e-22
-5.803891772654375010e-22
-3.802797140614462768e-22
-4.464783187535499361e-22
-2.894422791919827198e-22
-4.228182905452367672e-22
-5.911525102005711680e-22
-3.744349435792224696e-22
-3.474670139498744348e-22
-4.954504119542147150e-22
-2.789824069229437615e-22
-3.435642929209570501e-22
-2.039109947788919564e-22
-3.740206969114084568e-22
-4.221493842059066756e-22
-4.046499926250345207e-22
-1.637580449286302356e-22
-2.259012277486485045e-22
-2.435611503861774383e-22
1.779928294810247003e-23
-2.858984291776458729e-22
-1.559476699473002267e-22
1.361267874639632825e-22
-9.436974898387571566e-23
3.666418755702046414e-23
-5.044134067318601289e-23
-1.515525121849922199e-23
-2.493028338230166158e-22
-1.604328661833286851e-22
-8.369711202132761196e-23
2.246577778994562040e-22
-1.378446949694144962e-22
-8.725154849832791215e-23
-1.758540763527781781e-22
8.882951527238645888e-23
-1.330450428752381916e-22
2.240656855489861612e-22
-3.666179682820467153e-24
1.770623207683068078e-23
4.146230037449856218e-23
1.194409208929803369e-22
2.379168896121925320e-22
-3.777103010680271798e-23
2.760586463002363351e-22
2.393479479493106045e-22
-6.762556598898285304e-24
3.736415334403381112e-22
-1.850062826575417614e-22
3.507518866721206953e-22
9.254578870110174194e-23
3.413787029061452978e-22
1.491467892292870712e-22
5.818099511346326703e-22
1.560363507133139980e-22
4.490504593071752651e-22
1.230784838217021749e-22
3.013113309199048589e-22
3.382871591898665222e-22
4.683656378377172244e-22
5.418621306171833131e-22
3.188054762314236365e-22
3.522001101805331038e-22
6.171221821927725451e-22
6.937573374989463180e-22
7.283817412572324432e-22
3.579369933543280680e-22
8.072815535507293801e-22
5.144999740960137570e-22
5.971982462151833420e-22
4.985095144680454870e-22
3.789313385015443891e-22
3.912744087335641343e-22
5.625729486572766720e-22
4.475939063630993668e-22
4.531027616341798649e-22
6.893486876943758607e-22
3.910973455603477834e-22
6.937561860308744533e-22
6.483721497755283758e-22
6.106970297039832379e-22
5.153088138530538981e-22
5.953977445594635250e-22
5.312214289602788334e-22
7.506513068056262983e-22
5.334248248142554453e-22
3.915888967332124026e-22
3.995969034701836818e-22
7.616278201532462531e-22
6.371987297836489502e-22
6.597238390396096322e-22
5.685672940346220523e-22
5.213384178833723711e-22
7.012506879801143175e-22
5.783379640417946901e-22
7.498290254859846643e-22
6.569164622013609799e-22
5.595079517339525923e-22
5.309657741857241811e-22
7.819176911885075200e-22
5.433016949782044358e-22
5.557894100237053915e-22
5.721993001061274382e-22
6.303354717419869215e-22
6.855872194963009030e-22
7.003647647299397868e-22
6.141657194139943827e-22
6.896735692380329895e-22
5.274997837606437463e-22
4.434077747104302821e-22
3.539627510685085336e-22
5.950061048619526997e-22
2.445727399068982984e-22
5.758488012808220387e-22
3.350424333471156605e-22
2.946392628833046552e-22
3.952786566649327497e-22
3.235436365996143228e-22
3.966350384027759851e-22
3.449665885374428836e-22
2.534456331356148853e-22
1.181480470952141171e-22
3.166150295639243121e-22
1.633640785368741457e-22
3.723593436775325295e-22
2.263258281678079068e-22
2.344648894204923243e-22
1.164331512766352417e-22
3.285806128049016425e-22
8.267978275918478804e-23
1.842476458651845630e-22
5.511341821893650907e-23
2.987461404391119241e-22
1.555268573299529691e-22
1.053639868429897653e-22
2.922691766838216750e-24
9.720133938025704178e-23
1.708928331162152812e-22
2.665174863537960578e-22
1.682381737551468969e-22
-1.414745300467083965e-23
2.045993133288935894e-22
8.764577316643616005e-23
-2.232791368748416859e-23
4.192344652973788119e-23
1.997673693150170052e-23
-4.308065362134876848e-23
-2.644668904723756513e-22
1.882986770097011307e-22
-2.093834297106871826e-22
-2.751156317771534267e-23
-1.593013367683816789e-22
-2.776886791297368801e-22
-2.177465467741108565e-22
-9.382347796341655379e-23
-6.796517959956988171e-23
-3.197824786182991084e-22
-8.837739892459621028e-24
-1.169318774128318612e-22
-4.923882505968452361e-22
-2.993013612933236282e-22
-5.335298307281740761e-22
-2.723926029555300047e-22
-3.186721390753046600e-22
-2.846132732895867117e-22
-3.306878664716944174e-22
-7.596693135828366657e-22
-2.632252751459150004e-22
-6.131090721552539844e-22
-5.337274743066755328e-22
-3.641720784790192672e-22
-4.628703406955256555e-22
-4.114715918340587078e-22
-4.072615064016203945e-22
-6.805734231099322186e-22
-5.088049180109057917e-22
-7.540665440388647926e-22
-4.331814085261817982e-22
-4.289714715630686314e-22
-5.293890473424320324e-22
-5.538682039204015977e-22
-8.653847995384676161e-22
-4.750022030872124621e-22
-7.133990571314456903e-22
-4.905691626648222997e-22
-6.127519608017093861e-22
-5.596683210434203586e-22
-6.078798228255887759e-22
-7.119308622242526128e-22
-5.534395112410478858e-22
-6.900667515123341601e-22
-4.613274083965069097e-22
-8.414898442483255210e-22
-4.327593164959116689e-22
-4.612900100805405088e-22
-5.459023715741174925e-22
-6.214823123484140644e-22
-4.839012741412045787e-22
-7.379373793028717679e-22
-4.937492365092952974e-22
-6.057008448632102746e-22
-7.046114652360053000e-22
-5.051124398786828164e-22
-6.459359484183849485e-22
-6.375142256926755369e-22
-6.470587826841602450e-22
-5.069394575368606521e-22
-4.165462455440419874e-22
-6.470853572442730617e-22
-4.482507539186853292e-22
-7.874718799745880480e-22
-5.277002659559199136e-22
-3.257185636940666106e-22
-5.588081022976731886e-22
-6.364213298057999233e-22
-5.493296576850713126e-22
-4.977201647259453352e-22
-4.892754142418082393e-22
-5.247151632198265126e-22
-4.012727708642738865e-22
-5.423218699044093117e-22
-3.871597000498492970e-22
-5.132132974757019481e-22
-4.862245739804880983e-22
-4.221492553047505302e-22
-2.406145830056007770e-22
-3.734743608612767432e-22
-3.537497186817409328e-22
-2.880913925812475031e-22
-4.575698359254838917e-23
-4.132195625525717045e-22
-4.406547210469597542e-22
-2.679011673110764447e-22
-3.407585294099970949e-22
-2.486602541263432723e-22
-1.358771471247617836e-22
-1.158007457251576509e-22
5.795649304021271661e-24
-6.305088241239968700e-23
9.457632647215501969e-24
-1.667063607097819119e-22
-1.032998386804592668e-22
-2.058364244845960179e-22
-1.441977056140126713e-22
-2.989948016711704972e-22
-9.720518714230690494e-23
-2.935297258436084146e-22
-9.272806163830656272e-23
3.970646128629178673e-24
7.721345924891929158e-23
5.019126117824144038e-23
8.342339963156656354e-23
-1.347864610685239083e-22
1.249171310827735847e-22
-6.433919353379940342e-25
4.596563632449770116e-23
3.343510544321732313e-23
1.169506893883640265e-22
4.122544716755966846e-22
9.361032141786858984e-23
2.207816373570532013e-22
1.695440614626794047e-22
2.753347282287059049e-22
2.393884098948904735e-22
2.809758243487092600e-23
4.357570467085004310e-22
3.928459190604430995e-22
2.877662503921673553e-22
2.278462731744180340e-22
7.392838224728276530e-22
3.783837715572076833e-22
5.013548730283519587e-22
6.568035036611776895e-22
4.239739028104579636e-22
3.063925361398901774e-22
4.464676464248046157e-22
5.414841252846363766e-22
3.729838974882768464e-22
5.342348021145107420e-22
6.164638030565665117e-22
5.927286732698190020e-22
5.607120683650582626e-22
7.994414131618855540e-22
5.498145529775533957e-22
6.224242938953653072e-22
4.301072433654780929e-22
6.189284111640426411e-22
5.716973802336598220e-22
4.166620426533556037e-22
6.280378313252663719e-22
4.441649847306472456e-22
7.266602641931550835e-22
3.450396456551599000e-22
6.008336063658608209e-22
5.945091497269165489e-22
6.114066373944869973e-22
5.233513765300848162e-22
7.083914554207588574e-22
6.290685927115548762e-22
6.178297816150137567e-22
5.844608683906066937e-22
7.571361625608433022e-22
5.893824318342757286e-22
5.549337513431731214e-22
6.761065641272355432e-22
5.528144208910753390e-22
8.119283358487936161e-22
7.083509238363343125e-22
6.268597598606687481e-22
6.517440507463463779e-22
5.629587236775102769e-22
4.198385910706943569e-22
6.478521261126615137e-22
4.681545259852334111e-22
4.592763623897675982e-22
2.267875693233240431e-22
5.831181825689001966e-22
4.722554679060624112e-22
6.275747123324329675e-22
4.868186430455711210e-22
4.441498110683287169e-22
4.444975784891144052e-22
5.306550541283866994e-22
2.490207238598733535e-22
5.279382799567303457e-22
4.799794159869217265e-22
3.323750951597245171e-22
1.934988493944704115e-22
3.003737871297440844e-22
5.767617973552705007e-22
6.970260835564030068e-22
6.070157445808064379e-22
2.509939053310238547e-22
5.403340696098223444e-22
3.309382395186316478e-22
6.717078893143495791e-22
3.120992341819607626e-22
4.470213665611336367e-22
1.096395983752111232e-22
3.328166666763174274e-22
2.501032621690349891e-22
1.779905698586048214e-22
1.282497015145441329e-22
2.074347038273524012e-22
7.858726771453651649e-23
1.277093149361254051e-22
1.337122363340518049e-22
-1.088037523634913232e-23
2.220273774772943484e-22
5.529736606323579126e-23
2.154573600954916302e-22
-1.319857793294015688e-23
-5.122029828263186933e-23
-5.932619242436856544e-23
-3.565615052318714724e-22
8.748844958877605096e-23
-3.761240763817408482e-22
1.980304906843653021e-22
-3.381019673777798926e-22
-1.016810527341193329e-22
-3.372386664865176254e-22
-2.168275402617486509e-22
-1.069483379043735755e-22
-1.722553707771628093e-22
-4.064267972845553149e-22
-1.109292910714517047e-22
-3.542217880877917099e-22
-3.626889333747394097e-22
-3.706727482791780775e-22
-4.410346494982844558e-22
-1.499752606205456028e-22
-3.148858044011374222e-22
-4.454425190164941165e-22
-3.990644391726559952e-22
-7.672245745781008798e-23
-3.957806491745220588e-22
-4.299557360764798052e-22
-7.055326022816947303e-22
-3.873880331395451153e-22
-5.298990776627399071e-22
-4.838584053778767708e-22
-2.490430232234516344e-22
-3.765136784945402650e-22
-6.226871659596909179e-22
-5.620375004923364142e-22
-4.412046036006366263e-22
-5.638840261215286114e-22
-7.658978052639956666e-22
-3.317986443350144401e-22
-5.590853512186481850e-22
-4.736700689775450970e-22
-5.049846590880673375e-22
-6.212902386263373350e-22
-5.260240169007155726e-22
-7.783444417695195459e-22
-6.816025033438496013e-22
-5.641465154358321316e-22
-4.501557528699285364e-22
-6.045673647323516378e-22
-5.265047108417785734e-22
-6.885791768559868274e-22
-7.491657523679980382e-22
-8.108384660259136113e-22
-6.860550422173210456e-22
-9.331203421528731285e-22
-7.898906113509926461e-22
-3.127754398597356262e-22
-7.357948083129576095e-22
-7.021506609821861682e-22
-4.285235411117916950e-22
-7.691594822638817794e-22
-4.834848865839716521e-22
-7.056696931402858445e-22
-4.399669598465441963e-22
-6.135584314906179795e-22
-7.386716137286050581e-22
-3.927036562412465718e-22
-5.533333898437047960e-22
-5.804991572464363025e-22
-7.272144623415353778e-22
-6.831536952354806114e-22
-7.107356875179025645e-22
-5.670919242352835017e-22
-3.402050113689616216e-22
-4.381077074338975094e-22
-3.292679128898310829e-22
-3.520756912414168470e-22
-5.495303238288951710e-22
-4.018907536914560269e-22
-2.559406270808734654e-22
-4.779202561985280824e-22
-2.239884438704309076e-22
-3.284537265177764568e-22
-3.373486798062439744e-22
-1.191639493091718530e-22
-2.963462298087556570e-22
-4.225707308642127650e-22
-3.018903961355769416e-22
-2.328338552846532725e-22
-4.089075084979684061e-22
-4.898326979630070275e-22
-6.873729459459697519e-23
-7.782102074537870331e-23
-2.521101273046941690e-22
-2.360403998616952512e-22
-2.019849893539628153e-22
-1.831076185372988242e-22
-8.433894317635518986e-23
-2.273909924227005546e-22
-1.038134732393908754e-22
-4.219826455398048772e-23
-1.652047659661218198e-22
-3.180480791688881894e-22
-6.934675219460338591e-23
-2.784509281909332617e-23
-4.443897157012315415e-23
-9.671593155915993189e-23
-2.598438574965755267e-23
1.821623441305454973e-22
-2.746470711970666980e-23
1.335894733695048884e-24
3.484516900225865598e-22
2.507583291458529522e-22
4.501684759232486807e-23
1.581956541558948527e-22
2.940317122728685585e-22
1.966093017247270103e-22
2.520411473919381323e-22
7.346701203445111470e-23
3.643658684609842432e-22
3.162871326934722618e-22
4.550837599031338738e-22
5.515314137911169550e-22
4.799020524914241755e-22
5.924340715657772417e-22
6.186963932707877029e-22
6.553208559897885564e-22
4.363835585613402374e-22
3.698407228069699181e-22
5.461433795554055928e-22
6.027380011934983175e-22
3.847252885735369663e-22
6.052622496258792142e-22
5.853556290591813224e-22
4.945402011778265671e-22
4.231477689027907132e-22
5.340851849768586433e-22
6.992224688229824226e-22
3.617852138524798227e-22
7.604265125143434555e-22
4.805294505638352184e-22
5.678486425377129054e-22
4.271442545113030587e-22
6.821644538333613093e-22
4.737060982847043967e-22
6.115267858798121718e-22
5.254756580405187111e-22
6.070495089639645152e-22
6.300287354563292546e-22
4.712346424699311643e-22
7.455863822573417241e-22
6.706363030345677611e-22
7.256396577279636776e-22
7.105478075018816636e-22
5.555017147033541915e-22
6.857122534401331715e-22
2.603288976070550569e-22
8.162133861606211187e-22
7.187366681290576345e-22
5.861505161203445621e-22
8.753170220808137400e-22
5.573798337603863032e-22
4.309422821320902796e-22
4.206546013564621029e-22
5.126814361394804042e-22
5.784440825851580548e-22
5.508238273844112121e-22
4.540464926877986051e-22
5.802841145489739988e-22
4.372023506712190750e-22
4.677827444024071648e-22
7.255510237299564887e-22
5.885104462484455568e-22
7.205364110727003489e-22
4.403987274324756066e-22
5.166547460163257125e-22
5.794051388841845824e-22
3.858315185919777756e-22
4.906735185056581034e-22
5.569791924707043512e-22
4.769436575967440429e-22
3.406865460148059738e-22
4.679720259317560331e-22
4.537265263977329167e-22
1.908096978470064183e-22
5.519893773804631620e-22
5.085335548968869264e-22
2.860757012162773409e-22
3.716442808818464810e-22
3.769404312134658734e-22
1.185292319802637061e-22
2.672447566615011735e-22
2.955011023808701883e-22
2.688509480357324805e-22
3.351040902730320207e-22
1.126989729446497296e-22
-7.168365657950965186e-23
2.443510711200861111e-22
7.308395295167317799e-23
-1.578904745995240345e-22
8.816031167435468586e-23
1.212614115442912078e-22
-5.797469356143419666e-24
-4.857201295667776396e-24
-2.229335536197042067e-22
-1.540893139231907656e-22
-3.307654911788524381e-23
-6.530977771270575233e-23
-2.679724999783957351e-22
-8.775445848283456405e-23
-2.644076311061611300e-22
-9.193054987104700176e-23
-3.739832589372792599e-23
-2.021441271887920578e-22
-2.399725918980593721e-22
-2.871694303628462312e-22
-3.041174064367772704e-22
-4.135978841977855768e-22
-2.036280020319199164e-22
-2.630718852021646231e-22
-2.969063490578131548e-22
-4.695608385219534852e-22
-1.826648407710555363e-22
-4.392780269040462498e-22
-5.606400574117996551e-22
-4.062220658803957500e-22
-6.207011258494949424e-22
-6.838678064464545104e-22
-4.728412781457925323e-22
-4.969942245164651715e-22
-5.332532088197721807e-22
-2.944710397804403332e-22
-6.858211597620576640e-22
-6.694778907067664506e-22
-4.635029459589897560e-22
-5.324034368800228599e-22
-5.027885214402582108e-22
-4.631592114740199128e-22
-5.334465125637718305e-22
-5.501404737393421246e-22
-3.804919756241086457e-22
-5.975411402743189473e-22
-3.568253177523874633e-22
-8.926936579616528301e-22
-4.959840873303478815e-22
-3.941773154070527087e-22
-6.447005376505463156e-22
-5.537279335838301996e-22
-6.926178500354968304e-22
-6.402804810066731158e-22
-5.830247246599085241e-22
-7.977707963697845824e-22
-6.112992542926957668e-22
-7.404279136814651596e-22
-5.206654008831213244e-22
-7.305584398845993004e-22
-6.031503777361580996e-22
-5.800191995990795760e-22
-7.337355576079086713e-22
-8.209905794017132386e-22
-9.088798658513205379e-22
-4.927666391028479229e-22
-7.310211751732485902e-22
-6.446233157635433923e-22
-7.459613894452379592e-22
-5.878957705453661868e-22
-5.948239575741644940e-22
-6.184665436460084434e-22
-8.993673696091638335e-22
-5.945928917870428815e-22
-6.667182695285516067e-22
-3.240066745277401739e-22
-4.484412288773211825e-22
-3.374423573374586972e-22
-5.969309513274567478e-22
-5.278216791724850115e-22
-2.136037985229886112e-22
-3.764120229826412631e-22
-4.122850023182009833e-22
-2.913788134525870649e-22
-5.505023884092502410e-22
-4.106627466471071178e-22
-2.988608410713634342e-22
-2.525300023343748811e-22
-1.530592633527698852e-22
-1.230286021057210946e-22
-6.803332998572194487e-24
-2.911580820010791959e-22
-2.594499747881135482e-22
-2.500939640994250786e-22
-3.054004379551960619e-22
-1.996855710754594818e-22
-1.813944675371194574e-22
-3.231541709964379826e-24
-1.419289212942194639e-22
-1.019605101008993352e-23
-2.596205526467362319e-23
-1.626836482898822060e-22
-1.133678913200427799e-22
-9.450883498901359679e-23
7.105126058558838529e-23
-6.302074141142660104e-23
-3.674882717605675625e-24
-8.286341534791444818e-23
-8.499948913337527776e-23
1.119629869928003815e-23
7.311252525256531023e-23
2.798674716787079606e-22
5.329090584308807544e-24
3.621545584182054777e-22
2.892322379963186078e-22
1.492506564558000804e-22
3.086730587568538170e-22
1.990312835873144585e-22
4.818182799694505638e-22
4.087055432876462865e-22
5.322242114553216798e-22
3.635535552763791804e-22
1.051437667648765937e-22
3.634533294717634390e-22
2.974429119314786171e-22
6.414269691990620771e-22
3.907534395945526714e-22
4.778182015345502554e-22
8.215624286678863615e-22
5.165802807471790707e-22
2.793753609980665654e-22
4.083546927389489960e-22
5.387631009798681417e-22
6.138203219841173193e-22
4.693917725295532894e-22
3.661442297506109607e-22
7.154205644317837988e-22
4.420069564790336995e-22
6.704551913322270784e-22
6.579812786791119121e-22
6.874322974655789605e-22
4.622741765519739984e-22
8.074542356578461574e-22
4.295743436489520589e-22
7.357156368030444572e-22
5.386357243544334697e-22
8.604542381935412898e-22
5.917370399353625973e-22
9.774400387830138943e-22
3.892612684252140576e-22
7.200417608436925208e-22
6.610575421216125284e-22
6.463048243833096779e-22
6.417190036448733485e-22
5.946431760362263002e-22
8.096751303906339170e-22
7.764784402083726030e-22
8.082057567746080859e-22
8.309792905006896803e-22
4.586647459532138131e-22
7.014483425228415663e-22
4.587856217864522619e-22
6.430176876759313668e-22
6.493767813744869305e-22
5.143096664129949951e-22
7.228499111403613125e-22
6.011634087305901184e-22
8.114424144618626686e-22
4.702218510491854374e-22
4.947378093335311829e-22
5.344163209012724879e-22
3.296210830276669766e-22
6.255086108886746985e-22
4.350002410602485889e-22
2.141899864004376502e-22
5.692735156573293933e-22
2.243030595367029892e-22
2.527006551378251289e-22
4.871955177168189682e-22
4.339630006436164870e-22
3.378595061739009817e-22
5.893244601249380675e-22
1.080028801091057464e-22
3.767605814648754647e-22
5.357579500418382559e-22
2.250562227563059439e-22
8.610611045916581801e-23
4.038494836646387402e-22
3.464522139875605261e-23
2.719585198082626551e-22
1.638261709490873408e-22
2.530034178742855370e-22
-5.480940270273962093e-24
1.312073598835959886e-22
3.533366762615676661e-22
-6.600080961677348806e-24
-7.892273952143208483e-23
-1.342996679372399984e-22
5.321599310434036737e-23
3.066502524464372265e-23
5.515219068959226130e-25
-5.472434449980775749e-23
-1.130103658482386105e-22
-9.911551229058430964e-23
-7.719753636054611035e-23
-1.883951127272208938e-22
-1.864053087171124624e-22
-2.112118520440779864e-22
-1.747386003801161235e-22
-2.730651602239713559e-22
-9.152082664128923606e-23
-2.481988652622525329e-22
5.628922783756649031e-23
-4.438385040584646753e-22
-3.876861531912393420e-22
-2.153073866910295379e-22
-3.823827436058480904e-22
-8.638139285451058840e-23
-5.644816110307517624e-22
-5.083846742717044563e-22
-4.844189610318010142e-22
-5.046796174388074655e-22
-7.031356686755036542e-22
-5.502509613183157577e-22
-3.710032389481754079e-22
-4.509444229836296365e-22
-7.892440804957254858e-22
-3.900991742207331246e-22
-7.170620702468404220e-22
-6.191325609238019776e-22
-5.604703160033331623e-22
-5.264296787379829742e-22
-7.354544021775573316e-22
-5.492228495182609870e-22
-8.199616878855275359e-22
-6.505618947081863428e-22
-6.459775657898240814e-22
-7.397773047603554092e-22
-8.197077104419062863e-22
-5.497921537181397250e-22
-7.671021458146157609e-22
-9.835369999108423812e-22
-4.306423075227331616e-22
-7.700096338679908642e-22
-6.794724909729115972e-22
-3.892081299577541518e-22
-8.539134674099030433e-22
-6.058094333056051907e-22
-7.333876335341818319e-22
-6.223797141854604547e-22
-5.804047832126219986e-22
-6.224151525629740383e-22
-4.410960329167660754e-22
-6.431789882104629861e-22
-6.360832767204982127e-22
-6.227034948659665551e-22
-7.749499052166581239e-22
-6.980353155490787350e-22
-5.646422876629708140e-22
-4.671320049314878254e-22
-5.304321453626455480e-22
-6.187855585703795256e-22
-4.161029464733711409e-22
-7.078063445564589280e-22
-5.979041532033048925e-22
-4.407343341055564177e-22
-6.141402373156302125e-22
-4.127346076710335104e-22
-4.212153618675858738e-22
-5.560126193641984982e-22
-3.814284977574859855e-22
-5.656151361189618202e-22
-3.913413606545842832e-22
-2.747818036695539020e-22
-2.549079162176706604e-22
-3.270331013780366571e-22
-1.826479473811290003e-22
-3.781912739751524275e-22
-1.680100681373249239e-22
-3.854266179092720506e-22
-2.156012475004962156e-22
-1.824526872544150541e-22
-1.341034313785493544e-22
-3.900710057823863588e-22
-1.184237444232805962e-22
-1.152788161597526690e-22
-1.978428580813237389e-23
-2.250496451427049664e-22
-6.650797060358909032e-23
1.025105154090501988e-22
1.570062584461982070e-22
2.086099315599411877e-22
9.864505856883013248e-23
1.802820298734319498e-22
-7.323885246835686967e-23
1.042597614294440386e-22
1.734502265090347200e-22
-5.859771438746605797e-23
1.079339008134523175e-22
1.625299925155388582e-22
3.223135020601785126e-22
2.702514947200746209e-22
1.981468656783107062e-22
3.616891907769259615e-22
1.623659256190698696e-22
2.342515988066017048e-22
1.334183320848987580e-22
2.592547846764281901e-22
4.433291968893921779e-22
3.020493552280209398e-22
4.933392459583566927e-22
4.681417022024351038e-22
6.478005546834230738e-22
4.078187760460016639e-22
7.422736147488261844e-22
4.845676228451011005e-22
4.351201709711021180e-22
7.272426873230158655e-22
5.645828204692001372e-22
7.764135053399682879e-22
5.583391376284922049e-22
5.610284677194869421e-22
4.608420398715484419e-22
7.463504877354209316e-22
6.929029377633063512e-22
6.838351154293517858e-22
7.203330119841769020e-22
6.854809919132837244e-22
8.469325214970837043e-22
7.366525401778178230e-22
6.329033068074092123e-22
6.357308159898583964e-22
4.721648407256329618e-22
4.531826474487865204e-22
8.295666848498847569e-22
6.744119632752778579e-22
7.884693699337345443e-22
6.682505522785630425e-22
6.578847394613721444e-22
7.018003833010416806e-22
7.024799955543324989e-22
4.684126844932670477e-22
6.058440607471380448e-22
6.331404345084276894e-22
6.923564728428515680e-22
6.894428430708835951e-22
9.182924640839205083e-22
6.076697105751930456e-22
5.039926903286144959e-22
7.237222206967819252e-22
4.568858033652792054e-22
4.786342778401470607e-22
6.735127326953211405e-22
4.093200522653155292e-22
6.026719574006779698e-22
6.506392170029656583e-22
3.502568291201145521e-22
6.925410723908991773e-22
5.155649858243274767e-22
3.703168700931416665e-22
5.808520134247328916e-22
5.171896988573940779e-22
2.456085465134785461e-22
2.615325149052210586e-22
2.889532052935821632e-22
3.594624695825204930e-22
3.532370297428207743e-22
1.350158147062143534e-22
4.111822283917381437e-22
2.602038668591457327e-22
3.990905669813028233e-22
3.075903051168591940e-22
-1.317787705077396505e-22
3.436438211182958197e-22
3.753453030962139992e-22
4.633698891720567332e-24
1.360483402049691009e-22
1.891558152973066788e-22
8.891433394652073718e-23
-3.291749708828717269e-22
-1.334368996909444865e-22
1.376480817187144488e-22
-2.594517693650506890e-22
1.375302567196348244e-23
-4.286157048497083489e-23
-1.631601382213325536e-22
-7.574066089076640585e-23
-2.471376002354940431e-22
-2.867796553944631759e-22
-2.435996739032237557e-22
-2.731746588077704546e-22
-2.773472614840137298e-22
-2.279320630009738328e-22
-2.988336284011910550e-22
-3.234951778349000900e-22
-5.432376883487564266e-22
-4.867352684398016022e-22
-4.022894822737436777e-22
-3.667787829273426388e-22
-4.929360603575999292e-22
-5.223600846684827219e-22
-5.199935660685105388e-22
-5.835763009790346940e-22
-6.073159793979578333e-22
-6.336161636132940955e-22
-5.676397477709358671e-22
-6.508473074294271974e-22
-6.289998796200369000e-22
-4.472312365500236124e-22
-6.873315610773090494e-22
-8.073144545388618190e-22
-6.868386561436267648e-22
-5.169674986201984330e-22
-6.509743242500255158e-22
-4.276816157985189450e-22
-6.119686453835187217e-22
-5.008884534744988969e-22
-6.348046052961611481e-22
-6.330119913756235176e-22
-7.012694566581817646e-22
-4.701272853032260515e-22
-6.006581206976754630e-22
-6.492935435755025920e-22
-6.707954521567578233e-22
-4.561065560579018458e-22
-6.564174277347172986e-22
-7.236841510412333912e-22
-5.688891516277879966e-22
-8.512887775707409217e-22
-5.524102189797775819e-22
-6.733209690400590824e-22
-7.903472656306459195e-22
-7.384145714843668012e-22
-6.155776862902957465e-22
-8.987267723412805799e-22
-4.405283003500706586e-22
-8.397128026847718043e-22
-6.676062647347358351e-22
-7.163680597899360666e-22
-5.345946824264601786e-22
-5.305790149867495902e-22
-8.084251549041259576e-22
-6.955584296059674646e-22
-5.057207285784409565e-22
-8.420521353416673737e-22
-3.063412957885249621e-22
-5.153009720708655310e-22
-4.049370303063228892e-22
-5.130570439007310838e-22
-3.672838452447945772e-22
-3.823152754902347823e-22
-6.281476274233275584e-22
-3.407107723751089964e-22
-2.735565937449387868e-22
-4.216793519487485918e-22
-3.372144995987065309e-22
-2.971989770791363038e-22
-1.355135109773454538e-22
-2.524579001649025131e-22
-2.766722255212114334e-22
-9.367329587826938651e-23
-4.984620317136781117e-23
-2.203403966603766404e-22
-1.151111641807409477e-23
-5.849024063304369896e-23
-1.692507268781719522e-23
-1.170429829260596100e-22
1.429763472295872025e-22
3.076691310367493542e-22
1.671291956967103706e-22
1.774874644503264539e-22
1.686163006508449961e-22
1.257216228504411475e-22
3.382915792678605767e-22
2.714337621723222182e-22
2.385888415154697229e-22
2.710652734756231110e-22
4.418794729171663194e-22
1.441878462708697235e-22
4.432993801552229421e-22
4.299885711997274932e-22
3.874490350242043427e-22
4.627072810295990347e-22
6.442918471472673147e-22
5.424579829319825368e-22
3.384676699918902294e-22
5.257061245590813172e-22
5.116019266350594370e-22
6.959256723558157481e-22
5.091533113009993701e-22
5.969439748106533063e-22
3.771172799583961035e-22
6.210291833807063223e-22
3.931477583633159160e-22
5.534044137660169364e-22
7.348264381728476083e-22
3.023364831424656539e-22
8.149028483459039278e-22
5.101393201607074001e-22
7.342832402384000380e-22
5.636201497117582324e-22
6.252774230644646298e-22
4.343752600172901216e-22
5.347625031966880881e-22
8.586150308474950030e-22
2.357893468413608750e-22
8.204302192965655777e-22
5.767640148841491785e-22
7.700441175202792425e-22
6.608765717869453906e-22
6.431400511349388864e-22
9.079076460524963420e-22
6.163911983319386374e-22
6.540961643577419449e-22
7.418668993910354484e-22
7.590405432611945586e-22
6.660395631721421500e-22
7.554459660757478593e-22
6.852761080219228346e-22
8.311468399368356876e-22
8.032309204429307110e-22
6.732780235499330327e-22
7.764465079309560520e-22
7.788972276292100308e-22
4.802561705033263001e-22
6.470442352898203022e-22
3.351612364718044951e-22
6.339139830016796537e-22
7.207508450368807658e-22
6.189027812089779100e-22
6.125005978588075544e-22
5.560320367209096650e-22
6.057535106767779928e-22
3.818764424683229334e-22
4.134357509711321884e-22
4.030470709983039489e-22
3.059051303383903922e-22
1.904982483243317636e-22
3.745704531799678811e-22
5.390205520115444626e-22
4.010746008623695926e-22
1.222203961685815719e-22
1.199781678161068696e-22
1.481296126633266859e-22
2.237326147167975833e-22
1.260091639691853387e-22
-3.237492041729242043e-22
1.439521219439021357e-22
1.227949430118375686e-22
-1.649476177046081148e-22
-8.826908534416964813e-23
1.996917691468163618e-22
-1.715920037076857158e-22
-2.892918516934327611e-23
-3.451177050396801079e-23
-1.440387869260114786e-22
-5.234221980531247546e-23
-4.812166618370995894e-22
-2.971410621478099597e-22
-2.308106311876936108e-22
-2.780132129393255566e-22
-3.309196681664869500e-22
-3.526854063523467913e-22
-4.074045724042224012e-22
-8.186211347560271460e-23
-5.438432849073941399e-22
-4.972379066074761873e-22
-3.822910574876834285e-22
-3.270829740720181205e-22
-6.641583424832363502e-22
-3.660864918358183178e-22
-5.166798441177129768e-22
-3.911912541577036039e-22
-4.393590011224992264e-22
-7.257259743012789453e-22
-6.831349447785262479e-22
-7.597400767914598462e-22
-7.763614083126210470e-22
-6.044710018289683938e-22
-4.122467066755538175e-22
-9.249515792360601191e-22
-8.710202694277066929e-22
-1.078534948628408025e-21
-6.165253928488089683e-22
-7.045442759536419030e-22
-4.698618549255285750e-22
-6.110887494243329496e-22
-5.848176523180785979e-22
-7.405717035864133413e-22
-7.115918681589335791e-22
-7.401818000796574641e-22
-7.664499910484178158e-22
-4.893136842337093174e-22
-6.764319161505230350e-22
-7.700848175658270560e-22
-5.153326365075996491e-22
-8.322853420241973043e-22
-7.173345108200052477e-22
-8.202084356854711405e-22
-7.056964479026846005e-22
-5.320787324273174876e-22
-8.070187989881024962e-22
-5.363483545852258311e-22
-6.117770664885966157e-22
-4.392545832708097457e-22
-7.168155956473776803e-22
-7.956981732042674318e-22
-5.158724913433338373e-22
-6.644969926280193098e-22
-5.770643649870119875e-22
-6.050338072593720922e-22
-6.584985143609285883e-22
-5.701805600378079631e-22
-4.283735831676583633e-22
-7.482862784919227476e-22
-4.377086280609958867e-22
-5.452655472146852557e-22
-3.687874463256629403e-22
-2.315296551119944992e-22
-4.620675025722281247e-22
-1.656947844212030071e-22
-1.636025056944903216e-22
-1.812720914265024437e-22
-1.673327842800004358e-22
-1.203794431508750136e-22
-1.520114615613096982e-22
-1.994454231255417993e-22
-7.175279987112127561e-23
2.465729813074467028e-23
-1.515373227265331841e-22
-5.256582024916950374e-23
-6.451791137030379599e-23
-1.093809176371578473e-22
-2.976185894947950182e-25
3.053047938787479579e-22
1.499518098246246315e-22
2.366039938896231414e-22
2.480250726883361880e-22
2.185077840927060706e-22
9.690613707399761944e-23
9.860253503446924103e-23
2.957780997025575264e-22
2.846898243255777957e-22
3.654796667708984404e-22
3.078666624454772862e-22
5.070762041990614925e-22
5.806803854451248586e-22
4.581540232136080123e-22
4.612714964634743159e-22
4.527975987923525697e-22
5.093416855129237075e-22
2.957060207876050550e-22
7.989357189591819594e-22
5.625481116857738976e-22
8.233169217367220585e-22
6.661817717372870469e-22
6.902973071813108605e-22
6.325346578936025620e-22
5.979835806348065185e-22
5.947821695658173444e-22
5.603634983640215692e-22
5.985094878278445963e-22
6.114954002292343227e-22
6.593445569473569630e-22
8.531101170457368209e-22
5.886732564520947868e-22
8.416879766845327743e-22
9.949042674927331398e-22
3.884971009131200317e-22
7.050077206169447436e-22
6.219625682731392200e-22
9.379293329928897028e-22
7.482999137433055794e-22
9.393859347489420497e-22
8.539359162059511054e-22
5.292046794588785704e-22
8.956564488993857947e-22
6.969588872919438712e-22
7.263505657682065195e-22
7.943419173112666767e-22
8.540739923274291381e-22
6.164437532538921311e-22
6.932287643284741677e-22
6.346601304493689886e-22
7.089800528695987011e-22
7.620749382365088802e-22
7.460780683739438032e-22
5.883921521810572913e-22
5.145765426659166390e-22
4.668693878403030715e-22
5.483330640733909982e-22
4.496432813519668996e-22
3.051344066851886541e-22
4.489160688476278119e-22
4.150947355079478791e-22
4.025788751561195307e-22
4.181070235475792835e-22
4.458314763237260118e-22
4.445681837045395294e-22
4.552760582682529909e-22
4.207006623933176320e-22
3.911348817669369884e-22
8.372674388956279072e-23
5.205057938876725512e-23
-1.099972037706694921e-22
1.584874947189065276e-22
6.460092864599113559e-23
-1.968717533714606356e-22
6.294696244270584720e-23
-1.836489929825337660e-22
1.861959045900974772e-24
-9.390375362502491070e-23
-1.733182451114410838e-22
-1.691195322354303068e-22
-1.107220542940626240e-22
-1.425475107909023368e-22
-1.657150878534576829e-22
-3.117039969054864513e-22
-2.390763217704580659e-22
-3.065362523182554302e-22
-4.522325218169885072e-22
-5.183462365033501542e-22
-4.114671675205602249e-22
-4.579323869374011911e-22
-5.107435811772678668e-22
-5.215172986405517244e-22
-5.947839600690824329e-22
-6.406054590847821272e-22
-5.434093800127491312e-22
-5.355119980218451031e-22
-5.429127022934695657e-22
-5.547820056457158411e-22
-4.807475026695340586e-22
-6.785306138744638770e-22
-5.641885981768501377e-22
-5.595805750419643580e-22
-6.024602571531073241e-22
-7.895208611193673882e-22
-7.349306504551415515e-22
-7.142386378895639578e-22
-6.637395908161331907e-22
-8.227893765914963921e-22
-7.634981753906250772e-22
-6.980766345812000401e-22
-8.191237881276153733e-22
-7.836467484508951592e-22
-7.023564705466670207e-22
-6.750180634931286618e-22
-8.531136855021655084e-22
-5.813075272571980737e-22
-7.601760275539169409e-22
-9.097650207743912997e-22
-8.361967558612140263e-22
-8.462244423194083068e-22
-7.779723454414693225e-22
-9.563086069006366700e-22
-6.571124093120519664e-22
-8.164293871967023723e-22
-5.367622688388192202e-22
-5.855383837199122701e-22
-4.121862235188184293e-22
-6.843820675992384226e-22
-7.767396402399292510e-22
-3.608684374071886162e-22
-6.787980769944155554e-22
-4.416264984708553339e-22
-6.006642819210287704e-22
-3.380921250478591707e-22
-6.606855741368087541e-22
-4.209626336024597379e-22
-5.422823717528917669e-22
-3.735998173238226229e-22
-5.869069196406441679e-22
-4.355423751920669384e-22
-2.144011274050703032e-22
-1.312386793991269599e-22
-2.101672622450877059e-22
-2.213732979707742102e-22
-2.812933743566495833e-22
-9.288332732228014206e-23
-2.171711176317025979e-22
-9.889769073439575372e-23
-2.545736967091135452e-23
-1.328710470910812171e-22
-1.248086419037965226e-22
1.319255238186327375e-22
-5.906672880771742821e-23
3.492679127595312920e-22
1.540261419463682743e-22
2.926515757172301415e-22
1.862615535622715961e-22
1.299684235841922872e-22
2.767560467828549409e-22
2.006944112217003608e-22
3.967638507966889971e-22
2.412745529214777117e-22
5.542325718163452141e-22
4.731954371590485802e-22
4.536977942660172830e-22
3.561384610955769623e-22
6.495270025659182124e-22
6.327924147835375220e-22
5.447823568626119561e-22
9.058212112566936294e-22
6.195392577501087785e-22
6.771541142914064094e-22
6.197537235700931916e-22
6.586087234243130607e-22
8.071026715823313682e-22
6.841245422713961593e-22
9.865112967658150883e-22
8.230208670204324938e-22
1.108575453532833192e-21
7.739024141200634178e-22
9.131862058140371187e-22
7.503529087996713209e-22
8.575882336970537044e-22
8.959579517626190849e-22
7.820242077187720616e-22
1.124733712651559378e-21
7.664825426877312616e-22
8.407974739850112898e-22
5.916896971056311261e-22
8.188451584854932563e-22
7.614856975074761640e-22
7.603718413946591776e-22
7.450403374116872352e-22
5.178451080052849812e-22
7.530772115509025170e-22
6.054786968957901839e-22
6.823594852920745240e-22
7.306004204380786144e-22
6.125631393591504171e-22
2.577798814843943340e-22
6.222518823264492865e-22
5.221911690014486475e-22
3.040208829851879517e-22
4.626203322106244145e-22
5.472488803650881897e-22
4.409774218779705636e-22
5.561445163468899227e-22
6.774161793629075938e-22
3.715776276901815080e-22
5.903918252733612755e-22
3.398350318746897625e-22
2.387815799347855089e-22
3.343909666862850511e-22
2.075918505919079923e-22
3.909297845318160651e-22
1.196901672941428215e-22
1.437854857122353255e-22
1.490974857308673309e-22
1.352153007736146418e-22
-7.665421985918750943e-23
-4.605809559608927902e-23
2.471023448527883170e-22
-5.731895176978049056e-23
-2.223275490631368438e-23
-8.162620654506465600e-25
-2.200965562649750462e-22
-2.013671724805707316e-22
-4.242952388444515361e-22
-2.218985223270013228e-23
-2.053701210426144395e-22
-3.702299716311166439e-22
-4.641719233618880331e-22
-3.301362760088034572e-22
-6.483700399442951201e-22
-5.554528068713209356e-22
-5.467943592035332533e-22
-5.957086550586159570e-22
-6.518889363031112481e-22
-6.576888365656014435e-22
-5.157511593731107646e-22
-6.063697037431579183e-22
-8.114646497983419813e-22
-5.043779956210784067e-22
-7.615118523793165255e-22
-6.554047517615286211e-22
-6.201881306636423701e-22
-6.778478028580112023e-22
-8.381267118917940337e-22
-7.062550789408342270e-22
-7.033505731769945312e-22
-8.976498454064423974e-22
-8.468563308125665258e-22
-1.005198257203585253e-21
-6.590882505876134857e-22
-8.964229518270309198e-22
-5.609763759325938574e-22
-7.608083285503188576e-22
-8.847017706196990964e-22
-7.621889894968545362e-22
-8.359905000057730216e-22
-7.923691272670710225e-22
-1.032642994535379442e-21
-8.258944144188526625e-22
-8.560928508647941790e-22
-1.109567410304312149e-21
-7.933684889773723355e-22
-9.045205077186946368e-22
-6.947777746072586077e-22
-8.198597812130763686e-22
-8.929699504416175886e-22
-7.680472976686254903e-22
-4.028850332444597042e-22
-5.603263884330074418e-22
-5.353984238160113599e-22
-4.241979277118928821e-22
-5.973915039281281660e-22
-3.972393055499966646e-22
-3.686606534319528750e-22
-5.241763251341959828e-22
-2.409839963516085599e-22
-4.325756840978445006e-22
-1.992846950893604493e-22
-1.928363515054669472e-22
-9.294455646768069956e-23
-1.167250057783296256e-22
3.275580053006600815e-23
-8.897410418430502274e-23
1.879260923279312137e-22
9.032278987158259232e-23
2.549063755875932817e-22
1.435758806072890922e-22
2.068287059226406148e-22
3.706171341288688053e-22
1.787206317595543226e-22
2.683639851148169926e-22
2.702369890727359834e-22
3.490600968865002270e-22
3.286505538421300148e-22
4.511292000960872819e-22
3.838490759733252289e-22
7.252178187071352630e-22
3.686803995358336945e-22
5.699680890469007725e-22
6.687569318138964709e-22
5.178425960292977253e-22
6.168306541640589308e-22
7.781425954309272018e-22
5.837413706157935174e-22
6.779289749150982085e-22
6.248084688437259330e-22
8.557086407266941104e-22
9.004277532725247139e-22
8.065913754639032986e-22
9.989296070364584411e-22
1.054543102049768092e-21
6.150684878180469566e-22
8.605459291335730112e-22
6.984383347248589696e-22
6.351654490739677862e-22
9.175424101482202067e-22
8.652229477474620708e-22
9.800650998585811433e-22
1.045217340158084256e-21
7.577752351782569399e-22
8.977147824185809959e-22
8.286656610759017450e-22
1.048571092547491001e-21
7.387523748231170905e-22
1.117143281580401868e-21
8.506304729894162286e-22
7.287544016907244176e-22
7.240846789188138429e-22
6.979870031375919427e-22
6.694012726450455106e-22
3.891207293075088394e-22
8.089139988766543865e-22
3.799781472511473161e-22
5.428919193683965332e-22
4.959211710227482277e-22
2.846839478737258882e-22
6.378886939181062305e-22
1.528224808524765321e-22
5.454196580260779138e-22
1.683260342298052103e-22
3.598074713529501796e-22
-9.448934136868620205e-23
6.956328187509111793e-23
2.950091229868307180e-22
-2.015974527435593052e-24
2.816190335804341267e-22
-1.386076720221372374e-22
-4.741527153964485096e-24
-6.467151995468200601e-23
5.032186355558753902e-23
-1.838032754043384251e-22
-1.076222227207311576e-22
-2.258963041329235755e-22
-8.971355082222856166e-23
-5.325124724006537027e-22
-3.282950696002396405e-22
-2.251491302120449050e-22
-7.322025758335528820e-22
-5.212656930937096563e-22
-3.588178311117043366e-22
-6.879766787490196027e-22
-5.003073599554061543e-22
-7.638456462437893718e-22
-6.124492302210113908e-22
-6.228014938252883937e-22
-4.312306868097370226e-22
-5.448050484557029434e-22
-9.563241618567324755e-22
-6.913303243042852517e-22
-8.344302393159749734e-22
-7.194155350227019950e-22
-8.317204606715473846e-22
-1.070583575264293699e-21
-5.561246258585939230e-22
-9.447817617552175831e-22
-9.953868427005354093e-22
-1.099137371422325393e-21
-7.133700903257227650e-22
-9.226257731500630454e-22
-9.321321361260345263e-22
-9.618694479033129698e-22
-1.127170320409457201e-21
-9.872970565158640216e-22
-1.139424393551639316e-21
-7.908762366368240599e-22
-1.153882076839500467e-21
-9.962184424011249716e-22
-9.617120975453004655e-22
-8.314540422619160226e-22
-8.406952975614165925e-22
-6.871791454619075196e-22
-7.020293843665485077e-22
-5.932590756428726208e-22
-5.374798143373494871e-22
-5.909032845242729654e-22
-5.459819461491148132e-22
-4.175901201145268998e-22
-4.839907132923516118e-22
-3.987129643081642593e-22
-3.709154203924863819e-22
-3.386077899147147409e-22
-1.560057182481334385e-22
-2.118149078219094793e-22
1.334443862340883688e-22
-2.475524465728763336e-22
2.159856983197648004e-22
-1.519043743558820761e-23
1.511870149617034658e-22
1.783524101796931241e-22
3.295786368669392541e-22
3.554763706312916651e-22
2.379766190218612567e-22
7.244019968398821410e-22
5.104587756991986574e-22
3.622950292702571265e-22
6.228985754383919825e-22
4.975357258790217448e-22
6.586229796257192274e-22
6.359458836231668117e-22
6.305056099389940541e-22
8.692606000994792148e-22
9.214680226847566678e-22
8.355095747451022485e-22
9.368943647819992625e-22
9.894231240345822576e-22
7.196482309760226127e-22
8.923068477934027726e-22
8.825773582111442232e-22
1.116015158566292826e-21
8.489614095477339192e-22
1.217803175072728744e-21
9.763606432449809210e-22
1.168219644448048476e-21
1.131063670422562776e-21
9.297344726137363326e-22
8.779221972480330075e-22
1.052389891965648052e-21
6.949377896837478195e-22
7.696630336202268807e-22
8.745625193656107858e-22
9.236853802897163503e-22
6.580390547079528301e-22
5.989203531707956980e-22
7.768975858643338897e-22
8.699202185382444961e-22
5.562182798220996266e-22
5.372666889978904430e-22
6.005700336892261645e-22
7.031155047655859293e-22
6.050634293307590059e-22
4.290632926137417728e-22
2.854144542859799530e-22
4.576413906470279829e-22
3.255999721990225432e-22
3.098475826578113875e-22
2.263782935839729354e-22
2.260173774695658948e-22
1.045732701456144726e-22
-6.482934683315992031e-23
-8.196710513272654318e-23
9.955945940693378284e-23
-1.130545628401859431e-22
-2.115127685840844186e-23
-2.789457877372404036e-22
-1.596534826566147921e-22
-6.878921189610925679e-22
-4.249222077825403943e-22
-6.555320353271317463e-22
-5.582217271479921364e-22
-5.618934729942506170e-22
-6.430560533584868347e-22
-7.083216069690332753e-22
-9.547205282882736029e-22
-5.748023127274627488e-22
-1.004262393033750961e-21
-5.412990035075730708e-22
-9.155672002726697550e-22
-9.985866421006740037e-22
-1.184496769889374158e-21
-9.891806235493123039e-22
-1.006771203712971605e-21
-1.082616614456767279e-21
-1.087332994720869405e-21
-9.820649355127570827e-22
-1.054857573563097463e-21
-1.415470456877682802e-21
-1.082116029514301797e-21
-9.620816921374832004e-22
-1.032164676249448321e-21
-8.879707375958312730e-22
-1.253041365561469718e-21
-9.531703610608868526e-22
-9.914794428969157376e-22
-9.712701393666713668e-22
-8.115301420535976111e-22
-7.349647118776327056e-22
-6.178168749739282713e-22
-7.528424592669649603e-22
-5.726623347645100520e-22
-5.211490797608513844e-22
-4.356207047171336805e-22
-5.025982222823761530e-22
-4.059457065940144801e-22
1.995415045165185945e-23
-1.641528447114357593e-22
1.039429585325959426e-22
1.128017485259725361e-22
1.537875272039928834e-22
7.393802474772749493e-23
3.275351548713607973e-22
4.506652207834335560e-23
6.055423177102288409e-22
1.700956462950441601e-22
8.888409843105601706e-22
7.809536645996160144e-22
4.253710171303966456e-22
7.184511489231365190e-22
1.091604845164149232e-21
8.106855808482201127e-22
1.009457133391495281e-21
1.203401675108261938e-21
8.650806523447954199e-22
9.089962266122785680e-22
1.375076163391066627e-21
1.136308290120134046e-21
1.499276438561335089e-21
1.169860951203027679e-21
1.025512283708505839e-21
1.196177052173472238e-21
1.223562020679827578e-21
1.180109182370063287e-21
1.063552429421361846e-21
1.278958144551002480e-21
1.083958369811612808e-21
1.043905390129802630e-21
1.068701696958894606e-21
1.023881679855314075e-21
7.861515661359881359e-22
7.346248081110161259e-22
6.101366786099299213e-22
4.883827862764288974e-22
3.154870794786954954e-22
4.368045958544448309e-22
3.838969795235783965e-22
3.526373670348139434e-22
-7.707041941512520918e-23
7.640745240875551624e-23
-2.662716989810109604e-22
-1.410784055205786303e-22
-3.018955474202742626e-22
-4.865522569626109631e-22
-6.348014385571148009e-22
-5.729905339838896561e-22
-7.508938387162023375e-22
-5.578497021474502868e-22
-1.017597302368060436e-21
-1.014029790973814595e-21
-9.451780899324985361e-22
-1.175057881261300600e-21
-1.297145861927672253e-21
-8.900389624033398355e-22
-1.249388611407025999e-21
-1.338305445567758534e-21
-1.382115072324102827e-21
-1.452389662076320700e-21
-1.284068055388876948e-21
-1.368079494496130394e-21
-1.327795055999806553e-21
-1.118177399278012167e-21
-1.126959046132602486e-21
-1.041279280493026416e-21
-1.122885865162147793e-21
-9.289672628373216741e-22
-9.192093072136968303e-22
-6.507962355313582451e-22
-8.371896445269807227e-22
-2.244629808060142128e-22
-2.985323619752323024e-22
-5.406592296442308145e-23
1.658742027459072816e-22
3.411232871050575807e-22
3.242134573602839847e-22
4.810089540680971077e-22
5.543682905555740679e-22
8.165217411613765325e-22
1.019567192439380783e-21
1.183368577069973779e-21
1.046539514574255956e-21
1.287082523988736783e-21
1.581274969760446873e-21
1.477894700007923014e-21
1.733983542703295076e-21
1.543909084780732069e-21
1.789331154043901682e-21
1.395742815661280373e-21
1.547291999467271564e-21
1.465783326478616936e-21
1.233907314593349964e-21
1.037433844217847826e-21
8.110432041737234593e-22
5.486769779876097222e-22
4.417531524000385568e-22
2.690239699059739773e-22
-1.053673559440544772e-22
-4.039135668309633782e-22
-4.949655723473971564e-22
-9.491108070107401796e-22
-9.818130139510091202e-22
-1.545369759018139132e-21
-1.617708348053732339e-21
-1.634751637716111480e-21
-1.640674333431524795e-21
-1.817135495263004528e-21
-1.998066675473407970e-21
-1.634519753376336504e-21
-1.445933321166559530e-21
-1.493099606472518410e-21
-9.486457529227628032e-22
-3.700225883447964449e-22
-3.807566179856655907e-22
1.160470451834833325e-22
1.591803135825868761e-22
9.740388125826427356e-22
1.095163139108487230e-21
1.201868030380375005e-21
1.436782175200616065e-21
1.542453298051821744e-21
1.499370988616322109e-21
1.663301301017134316e-21
1.388032808930188283e-21
1.195699389121690572e-21
9.075128658445961310e-22
5.600760900227159765e-22
2.686963501612882407e-22
-1.047309870693082394e-22
-2.943816438917909640e-22
-7.868504830420379209e-22
-8.843177543542881505e-22
-7.223625563938401241e-22
-1.128341726256731389e-21
-1.122755727728221454e-21
-7.743425576828344338e-22
-8.207333372829743562e-22
-5.279410458283428782e-22
-5.979938048784324962e-22
1.101547230550224827e-23
1.738950382064160289e-22
5.568410006008688223e-23
3.179341815305100570e-22
2.686538033139260210e-22
5.109190792433951520e-22
3.320173641241826056e-22
4.583598294440020761e-22
3.949813146722495839e-22
2.055051106971749430e-22
1.413263130761219004e-22
3.882544902798750209e-22
-4.672285685467705958e-23
-8.427880688591527274e-23
-2.141613461953428257e-22
-4.371203072904433016e-24
-3.726216843501280421e-22
-1.258160795842369716e-22
-3.858220007202377554e-22
-2.785160164559240421e-22
-2.510498942058779507e-22
-1.132204539421539144e-22
-2.217508008365190872e-22
-1.206816956591474524e-22
1.558195239123704197e-22
7.685492708481992141e-23
2.687098318458427915e-22
3.614987578986666895e-23
4.590795287234351139e-22
1.192217890110334686e-24
3.652268966670659830e-22
2.595099516902935600e-22
4.359978550550456831e-24
1.125798734411558439e-22
2.506143653431261009e-23
-1.178815705683963404e-22
1.060110899602586568e-22
-2.083568173414587131e-22
1.018944999714713038e-22
-2.439060864244338055e-22
1.729189700029400567e-23
-1.672202711120046358e-22
7.063648733948326281e-23
-3.323675202037062086e-22
6.505999838199350318e-23
-1.816639881937001633e-22
1.708084688706844102e-22
1.255851633643034697e-22
-1.717448877492049381e-22
1.373627386374262913e-22
-1.361340309091232272e-22
1.092389242322595376e-22
-9.266177389406156982e-23
-5.307015049605054511e-23
2.700428538254316391e-22
-2.057802372657786930e-22
1.267187861311872147e-22
2.325122683836991448e-22
-7.637004936782837604e-23
-9.404581502252771928e-23
5.724224994713534550e-23
-4.102186059106054511e-23
1.163762157078329787e-22
1.777460355295939701e-23
2.105376355889649638e-22
-7.528921369223281828e-23
8.021918944130382277e-23
-5.871301371407329219e-24
-1.354613711121374683e-22
-4.516609196920896178e-23
-1.631358908100816584e-23
6.209781400301706668e-23
4.452539273522559564e-23
-8.753517590017663627e-23
-6.553844533703812572e-23
-3.803317574731328148e-23
8.655069026969455212e-25
1.648714349764957788e-22
-1.777322434611997402e-22
-9.946539941066361311e-23
-6.631788217018410967e-23
-8.013122876650524202e-23
-7.422004944117109410e-23
-1.094340760904815330e-22
-4.076693916625873491e-23
-7.879466480648992097e-24
1.095540358810591394e-22
-1.423963078094375866e-22
1.125495877093624876e-22
9.415322745152659301e-23
-1.211130234058685437e-22
9.271362947549938138e-23
1.086542647602875441e-22
-8.937184450242236428e-23
-8.402297662272128734e-23
1.124903502739341058e-22
-1.784243079224743371e-22
1.682474271849386663e-22
7.648674459543815138e-23
-5.616491730008047305e-23
9.823463894660318234e-23
5.563322752794273484e-23
1.238830527234060309e-22
-1.125227863190744068e-22
1.857042084808109380e-22
-2.676101881277716887e-22
8.508337930810118851e-23
-3.589046052802619348e-23
2.580465656168377598e-23
4.283232316619496561e-23
1.512109564891087365e-22
2.938983982750758841e-23
-9.339274469117266337e-23
-1.008016527140182187e-22
1.683535259083407059e-22
-1.170126902698210839e-22
1.299038276765484361e-22
5.783391428353634947e-23
-8.188862725359729467e-23
-1.700198441056633831e-22
1.176195215361042939e-23
9.674032574994585834e-23
-1.348764946114736263e-22
3.247213245878202289e-23
-2.372622676343809006e-22
2.547896315668142386e-22
1.381352188263548509e-22
9.409909709378064601e-23
3.015706225176803146e-23
1.382427545960463258e-22
-1.408052443947295070e-22
2.711634828114153138e-22
-1.997367122424171317e-22
2.129392821195313562e-22
-1.729391927721626267e-22
-1.420075763062684032e-22
-1.580094984311083323e-22
2.703674335976051757e-24
-5.706398434764302167e-23
-3.402771284478000373e-23
-1.993169060531969053e-23
-1.487233103489147983e-23
-1.128326194995512544e-22
-1.258765386810248694e-22
4.229377851541753592e-23
-9.137406388501868476e-23
7.828054542494554883e-23
6.417362696362022647e-23
2.465723465435915714e-23
-8.542289924785872219e-24
-7.897525206652082791e-23
3.618159617332639098e-23
-1.314669036443769401e-22
8.371674119808471355e-23
-8.299202549416089214e-23
1.202750041798856731e-22
5.919749986126876007e-23
-1.573658289743990650e-22
4.308500469959437150e-23
-1.027134041149064287e-23
-4.623128895067329404e-23
1.874046743205262573e-23
-2.268431652592546742e-23
1.449457982160175509e-22
1.563650626204158681e-22
6.538281762328992505e-23
-1.739331846629648513e-22
5.206531148997655681e-23
-1.073020530525405484e-22
5.514397280426498039e-23
-1.783879120852067613e-23
1.103237740033839105e-22
3.865885230965110885e-23
3.036715388981518942e-23
4.416180605157445682e-23
4.675165486111167691e-24
3.373730954772805942e-24
-4.998597291138197538e-23
6.705671095246843220e-23
1.337464208993649722e-22
-1.453118243444037643e-22
6.325090088127366709e-23
-3.740380491042116881e-23
7.164481725737355453e-23
1.800652690010539537e-22
1.285599484696837643e-22
-1.212434422934133077e-22
-8.502435425804286853e-24
2.078243868231063978e-23
2.383703042430793145e-23
8.150208980740195818e-23
-2.333987972378293335e-23
-2.862530700150763426e-22
-1.929060216983566195e-22
6.321475464242189086e-23
-6.640269363806837217e-23
1.716896338229576211e-22
7.404693527830792501e-24
-1.685073527038595280e-22
7.562690485866040570e-23
-1.006818132181583739e-22
1.816558583151747951e-23
-1.592224930328604155e-22
-1.319845579682942959e-22
-4.288696017127637110e-23
2.577924989702528520e-22
-2.861012177887168919e-22
-1.267498120834810665e-22
1.929847674194061317e-22
9.236881207740262431e-23
9.710147578119233512e-24
1.491891704665362841e-22
4.333532490394308728e-23
-1.492582209934507958e-22
6.486921681904942185e-23
-4.646339789805177190e-23
-2.898787263983439304e-23
-9.541190439613505970e-23
-7.812200952189716639e-23
1.254543571421837390e-22
1.230337473640859596e-22
-5.254001214071432061e-23
1.273724682083184611e-22
-4.980067583498176957e-23
-4.360800448591282968e-24
2.214063338935518953e-23
-1.332517270063822681e-22
7.958842135985523717e-23
9.569656015818717720e-24
6.083712027420929574e-23
-1.778229123639191351e-22
6.997830262768320326e-23
-4.258152445632447582e-23
1.629559991437869118e-22
-9.861481871815750915e-23
7.424896378046367934e-23
5.445815098945003252e-23
7.045859216009587872e-23
-9.748552904636863454e-23
-1.940851133917917859e-23
5.082419591788902486e-23
1.367117835594246107e-22
9.761674944569101990e-23
-1.260626978267622741e-22
-1.450592879924245801e-22
4.732823742977869662e-23
2.887852571377823470e-22
9.664982293599836017e-23
1.539341143258112919e-22
-1.835965669850928558e-22
-1.082287502674246864e-22
-1.623023071414521981e-22
-4.382302625516158994e-23
-1.328132665118496161e-23
-3.236095190153859774e-22
7.352690105871711470e-23
-7.712655094922224879e-23
1.772456171678383994e-22
6.299537270905100693e-23
6.752404733786735102e-23
2.569987115393714921e-22
-2.141675512854810243e-23
1.372644366793377139e-22
-1.652270574022534204e-22
-5.697960686656507027e-24
-5.060555791505199905e-23
-6.682001739286153857e-23
-2.799718140171524133e-23
6.673730395241956747e-23
9.232984305550342919e-23
-1.239516628057694007e-22
4.878786396811752367e-25
3.813674552547914920e-23
-1.347807164669549702e-22
-1.792440936100501307e-23
-7.377564934634983363e-23
-1.403703576246780491e-22
-1.880123433356741895e-22
3.769989385906631928e-23
-2.422692788835203719e-22
1.089588819081489245e-22
6.606025646496374989e-23
-2.342713824151931783e-22
1.245501231734971801e-22
-1.793149770273846885e-22
9.749523435020724137e-23
-1.030497857859083671e-22
6.833060146183463672e-23
2.119762175469202536e-22
4.850198197762076582e-23
3.639651152022811727e-23
1.533079057973829323e-22
5.021408285238783045e-23
-4.343121513280082068e-23
3.600969327617379504e-23
7.551797368508165760e-23
2.161660159623790597e-22
1.856520857407595826e-22
1.262157352345787167e-22
1.489119929791674629e-24
1.063232362932881046e-22
-5.251977450324226783e-23
6.428647585682478681e-23
9.121053938343108267e-23
2.620446210050861977e-23
3.767211664475967227e-23
-1.684132991727353013e-22
1.943767787291978805e-23
-1.352691894221040256e-23
-2.116880125939168736e-22
-9.652892155705000094e-24
-4.826530754090736466e-23
-5.083512207298699336e-23
-7.047382311802734328e-23
-1.633651931551433671e-22
1.962755122752957328e-22
-1.864514544900454700e-22
4.387796297375219320e-23
-3.532167299045147920e-23
-5.341272057584723854e-22
1.058301225479026602e-22
5.945258768833118213e-23
-8.414297208670932003e-23
6.844722161213769420e-23
-2.873829984784744060e-22
7.700109535530313539e-23
1.788868481463494142e-22
6.270372197066835557e-23
2.267319310700342426e-22
1.169690256589269784e-22
-3.193140972792634982e-23
1.255026899361762565e-23
-3.196919869796089308e-22
1.245378058168028386e-22
-1.611943454313551799e-22
1.375033324091218183e-23
1.182629177157285026e-23
4.108576500782188256e-24
1.782911741631220468e-23
3.012840916911906141e-22
6.994258911155431267e-23
5.315388194896254374e-23
1.195201544375582619e-22
5.420023783402084447e-23
-7.638403918171879739e-23
1.351336699246282003e-23
-5.348593042102540636e-23
-1.724620396953489684e-22
6.283641223298538799e-23
1.482733759973094372e-22
-4.001084626708047727e-23
9.565067628944753825e-23
-4.046446034977708501e-23
3.755859075782278162e-24
-5.551200347853583695e-23
1.193578665385949438e-22
-2.685611524417819080e-23
1.758516851662891378e-22
-9.479433755710861733e-23
-1.773747216767771515e-23
-1.848555993548485682e-22
-1.371718722099444518e-23
-1.097933994345339054e-22
-5.442134322524012247e-23
1.084534940801641358e-22
-1.497888044961458172e-22
-8.673050766060692531e-24
-7.214472372819489854e-23
-5.765040398377750065e-23
-1.676264991788016820e-22
1.970305231523046738e-23
-9.220567785180206698e-23
3.342998300525346887e-23
-1.032064960776458751e-23
1.642374428910253366e-22
1.177652086038859261e-23
2.084065496370174422e-22
-2.087824738922974025e-24
2.287578136266392911e-22
8.717495105620320191e-24
-1.967867097182930658e-22
8.214281578486135672e-23
-2.195845427633315697e-22
7.071498649101498547e-23
2.477158134347310239e-23
1.025968459515809360e-22
9.584501969270375543e-23
-4.820227845089055172e-23
-4.855019254820345958e-23
1.738401807717152732e-22
-7.608197179245392281e-23
2.170875028532335780e-22
-3.717886190095305746e-22
3.934783641545397622e-23
-4.593113868404921610e-23
-9.016639981806939210e-23
2.745277076967326209e-22
-1.483601688790719353e-22
-3.178154125521498881e-24
6.084520015870404186e-23
4.694305447954771050e-23
7.759712958079969009e-23
-1.582178973592692273e-22
7.096638771091983046e-23
-3.353841694874381421e-23
1.003335038042095933e-22
-8.671852080036773548e-23
1.372422294855569214e-22
-1.234004858149696837e-22
7.908268245979501015e-24
3.116446426085446393e-23
2.502365459845388398e-22
-2.748570481118196658e-22
-1.623236950148079837e-22
-1.347299085687116123e-22
7.175453905054718310e-23
2.352449593962074090e-23
3.279781967792308797e-25
-1.381703466621483561e-22
2.358212986111668672e-23
6.266040960181893957e-23
-1.130376510075684597e-24
-7.132654449297972058e-23
6.493524341962222251e-23
6.824707062216333492e-23
-6.641562781395379674e-23
1.604733837256619068e-22
-5.805071930680352610e-23
1.449059402455296260e-22
-4.861012620021583213e-23
-6.494210408987670682e-23
-3.187626369990245891e-22
1.193420873580526634e-22
-1.104630947296677233e-22
6.044396816665851216e-23
-5.817227746479284846e-24
2.880763433219028900e-24
1.011325473278413236e-22
-9.122200138060960295e-23
3.112843465147578768e-22
-1.132210616406953555e-22
2.442923815454778797e-23
-2.838318526159688503e-23
1.843239042034253955e-22
-3.962303277279371885e-23
1.819974108924441652e-22
-9.833374644294753330e-24
2.202229068372409241e-22
-1.257343144210335298e-22
-5.323671056331454323e-24
9.592465538396057603e-23
-1.655498518382308116e-22
6.589981063107705574e-23
-1.405343552496392211e-22
3.856268723337945191e-23
4.399586705268073103e-23
-2.102552918456832600e-22
4.078436492949382992e-23
-1.605734655562598015e-22
-3.054422302798313732e-23
-1.542613734861204525e-22
2.352419591231385514e-23
2.163500530093028524e-23
1.100522642617976297e-22
-8.758472739583704355e-23
6.967838781830621392e-23
-1.352567920497073826e-24
-2.143683204602021556e-23
1.027872265113362400e-22
1.111761724609966611e-22
-1.349283045142334016e-22
7.659923684138538205e-23
-1.570229992733327366e-22
-4.301860582290468514e-23
2.038708020030216225e-23
6.623859560629545388e-23
-3.504075568703600791e-23
-5.870316246352997252e-23
2.040551562308837301e-23
-1.634136669126284748e-22
7.907491641714223880e-23
3.075808713730264381e-22
1.928667435679296632e-23
4.673816117555986919e-23
-1.315308411606422333e-22
1.015883094324961947e-22
-2.374418143059609394e-22
1.906593002892343265e-22
-1.629564206653933643e-22
1.832268957854338421e-22
-3.661802627570893975e-22
2.148436676198050735e-22
1.337099641269745700e-22
1.696942392297213546e-22
1.445964330023475362e-22
-3.676168693164350139e-22
-3.954759220067923592e-23
7.084078838063687731e-23
9.774010492523248164e-23
1.213439177475606210e-23
-1.653474427897635463e-24
-9.960887891147198650e-23
1.110058616575172641e-22
-1.646552542740510836e-22
2.042191654509021592e-22
7.435251065547428656e-23
-9.143278867144255160e-23
-2.591179530470841103e-23
6.522279934253428634e-23
-4.667319372161154742e-23
-2.154322026927768754e-22
-1.579076552655015646e-22
-1.044887589012085067e-22
-4.320931981648287764e-23
8.727094378186388632e-25
-4.123717697648671456e-23
1.486889511767992872e-22
-8.849309595582900168e-23
9.653870274729939849e-23
-9.120110456251122604e-23
5.843107895169748506e-23
-4.753281893291454535e-23
8.526779080182207196e-23
-3.342289929967398450e-24
9.893733990245712060e-23
1.856387509683280089e-22
5.260480619510313565e-23
1.355420394591730165e-22
-3.415807647092969825e-22
4.693382506045968678e-22
-2.851934680313023971e-22
1.663030459760038708e-22
-1.905614954387403231e-22
1.414643145545889837e-22
-1.774447605321380506e-23
1.489004354552893339e-23
-1.976720029587789375e-22
-6.042310594522759858e-23
-1.946201553203186944e-23
1.101020808682961339e-22
-1.789945600149573455e-22
2.253242293883074106e-22
-9.557398155791016299e-23
2.130389180517915000e-22
-7.240318943032010650e-25
2.606669784847663407e-22
-1.224612901775082861e-22
2.781528475799616132e-22
-2.060900657727753647e-22
-1.773207865858301551e-22
-2.695818692013375962e-22
2.873701792601853446e-24
-1.381662074940277839e-22
1.294381459392306940e-22
-4.123976983569431786e-23
6.361772433833033446e-24
6.956917718551597487e-23
1.271501770884402258e-22
-1.987259212629304200e-22
4.791862378787336937e-23
-7.320368882837189186e-23
-8.746795190125174683e-23
1.165455953168989266e-22
1.200186598114983832e-22
1.841306584480868290e-23
-3.719907346989481799e-23
4.575905150916185711e-23
4.847230496312201481e-23
-3.944199758518887502e-22
2.492833348281411111e-22
-2.797475707296916763e-22
-6.516228760771569037e-23
-2.282986385974047758e-22
1.881322661793985994e-22
4.456768140570038227e-23
-1.477470310650685091e-22
1.247260266529968722e-22
-4.317483750848315039e-23
2.448162641048097741e-22
-2.678328190264012658e-22
1.188958114211724098e-22
-9.991948236828299659e-23
3.689712010181189027e-23
1.777962464348079853e-22
-5.435897755851681933e-23
1.645673192296804293e-22
2.595176390705573037e-22
1.210012968405175942e-24
3.039950251341067984e-23
1.278742906696916032e-22
7.444768119792742616e-23
-1.390369324124309783e-23
1.083084769014414979e-22
-1.780343486540031889e-24
1.806353820169495613e-23
-4.310676966786737864e-23
-4.781218296271510492e-23
-6.699157396487593133e-24
5.469087280692736112e-23
5.330608477450868610e-23
-2.262390989015520478e-23
1.477373496008915850e-22
2.884808392631395397e-23
-1.190837745861044695e-22
-8.828987259598061097e-23
-5.928413451767587701e-23
-6.675940711607782282e-23
-1.223119652922898233e-22
-9.640698248019255187e-23
-1.625515545322371396e-22
-8.852578160605090747e-23
-3.366673077560603505e-23
-5.129972102647214973e-23
-1.069237918663268240e-22
-1.399871767096221042e-23
-3.160580825068645348e-23
2.410513322433130504e-22
-1.606063718496452405e-22
-1.015157922397676707e-22
-3.122564629274985493e-23
4.206656017350480839e-23
-1.138155665630729128e-22
1.171469752052885534e-23
1.376809996124190102e-22
6.064822226858870310e-23
7.278233484227868682e-23
1.901679725309988458e-22
1.655285116127832109e-23
-1.269571891486953670e-22
5.539712183034785805e-24
1.441551541666036665e-23
-1.621003998676098626e-22
-2.113266763482501688e-22
8.139321083677312117e-23
-6.945894318518860771e-23
2.455326301507044207e-23
3.988803749898882517e-23
2.716616620252807999e-22
-1.170451239331640106e-22
-2.386830397829863687e-23
2.999634018826550817e-22
6.289128612926479883e-23
1.788337650972275688e-23
1.145387292050029731e-22
-2.809850775181880405e-23
-7.511662281281073732e-24
4.563257074148123919e-23
8.378096925708066490e-23
3.817249700152709784e-22
1.201017456565327011e-22
-2.157163110126164575e-22
4.996372654317685815e-23
-1.734812141843734482e-22
1.770737770105072323e-23
-1.623827030261051699e-22
9.679494570773519139e-23
-6.477764573609397811e-23
-2.314903299407753243e-22
-3.316426541096147889e-23
7.556404231288598416e-23
1.133694404019455118e-22
1.852184986800282223e-23
-1.421064380414832407e-22
1.451736117076303069e-22
-1.749354654387457775e-22
4.638189023567343267e-23
-2.200283152691515182e-22
3.107190799195357892e-23
-7.861912369507039641e-23
-8.116437774942191000e-24
-3.832423242808526926e-22
1.087223127030910570e-22
-5.221149253710484747e-23
3.150433588503873668e-23
1.135436265213034138e-22
7.042048146478748183e-23
-9.415713630966000619e-23
-2.577393831141991311e-23
-8.728236148585274068e-24
9.173755411691956400e-23
6.358692484373901155e-23
8.323215129408828219e-23
-1.595178462699417570e-22
1.689531952476009526e-22
1.092466777719112146e-22
1.253881288928670058e-22
-4.903380267308490828e-23
-6.873935882276470508e-23
8.268141824274109381e-24
9.355642478521431790e-23
1.121593994504238019e-22
-1.836054227793100042e-22
1.369807420687583848e-22
-1.342050835324688162e-23
-2.197273105635237890e-22
1.192593478816127175e-22
-1.314602483523972702e-22
-2.426892614671640447e-22
6.777339352346508342e-23
1.136571332980922740e-22
1.354040347746570455e-23
1.498670506871082136e-22
3.076201866740669658e-23
1.097332064378610482e-22
-1.431737229992422573e-22
-1.413100597104860225e-22
-8.172686730149255047e-23
-1.039988840881307951e-22
-1.334162221340666398e-22
9.859973075631065601e-23
4.729182001499895514e-23
7.055673288234943927e-23
5.115922403920871651e-23
9.235362719276972606e-23
1.163744394483620775e-22
-5.672791947608254552e-23
2.550688563814562384e-22
1.403580710902776010e-22
1.031091785329104346e-23
1.029600878511396000e-22
-1.192145351129507934e-22
1.605732339829975104e-22
-4.132397001797660284e-22
2.760417047870114332e-22
-3.245948647934026648e-22
1.145690334487387994e-22
-1.330638642513787662e-22
-7.647819390733824160e-23
-7.698452628240073027e-23
5.248224984873748487e-23
2.185341858175712540e-22
4.388796008299171599e-23
-8.803967706179443657e-23
-5.711833891336452247e-23
-7.556625934529261275e-23
-1.151663580666338471e-23
2.886197763513327947e-22
-2.883793719659547221e-22
2.442233703476997235e-23
-5.302443557214626214e-23
4.539774372097438529e-23
1.348647168876602405e-22
-2.018387282073873901e-22
6.029188875060477455e-23
-1.165839908081232474e-22
5.364277882826123787e-24
7.435355984084182266e-23
-6.782680689476599171e-23
5.585655250658491178e-23
-3.770868558359682100e-23
-1.172063077914792064e-22
-1.255266774261692966e-22
1.391675699805808919e-22
5.903401198032231772e-23
1.417929288686784256e-22
-1.455692652648243563e-22
2.015441373677175732e-22
-3.694244409005080652e-22
4.713846350222461969e-23
-1.248126987988405633e-23
-1.397157408375765211e-22
-3.004641483296422387e-23
1.923099021304460021e-22
7.521724257722104881e-23
3.006569680684379448e-23
8.658042476796133670e-23
-3.387931020423853088e-22
1.255458971992509137e-22
-2.531874929770763356e-23
8.686463847717826586e-23
1.011884871250604098e-22
1.052595616334930181e-22
8.303822327001483895e-24
2.200114618842820387e-22
-2.090719431093479759e-23
1.272411776309904504e-22
-1.574782169718447439e-22
-4.426242525307722263e-23
-5.149318937631761176e-24
-1.167346464843232165e-22
1.318125649717334896e-22
-2.534668763510089746e-22
1.657726044739593011e-22
5.118896503167175344e-23
2.900816134496240708e-22
-3.231189440123050049e-22
-7.074598837613808695e-23
1.121454990409093618e-22
1.881125710198315298e-22
7.206986290707184983e-23
1.082347639485401803e-22
-4.454365740288697356e-23
-2.268385117112930664e-22
1.870613659294182088e-22
-2.662721211656939810e-22
-5.391948357571794257e-23
-7.092134770474751847e-23
1.990398011133815597e-22
-1.376160874159719223e-23
-4.811775444988757117e-23
-7.161092698813344601e-24
-1.132296886012937166e-22
-1.556214601829054509e-22
1.729168536481122342e-22
-5.176190714041156271e-23
-3.632556934541347342e-23
2.672073257004643492e-23
4.638958695845890253e-23
1.030414745861663802e-22
-1.106823522110254888e-22
-1.978409441871306868e-22
-1.165955334530371773e-22
1.976212179284582123e-22
-1.476555122300995387e-22
-1.353848029337557140e-22
-3.872312998415888578e-23
1.651769579439127626e-22
-1.403514995648106715e-23
-1.337306517680222402e-22
2.439768111882011846e-23
6.946337926917618243e-24
1.538435675750178053e-22
1.613043098537585598e-23
9.228617894815180685e-23
3.319398419288484435e-23
-8.704882509373364582e-23
5.049074848329432878e-23
-1.004349362910445853e-22
9.183679038158488464e-23
9.739061466143354892e-23
-1.057384332224603428e-22
-3.062469788846158482e-22
9.926187134431749168e-23
1.935413301551246907e-22
-1.063357939269635069e-22
-1.363891061809569119e-22
1.766549002491555369e-22
8.704554962441429973e-23
1.796518775723116369e-22
3.739548878758359173e-24
1.483345345533687916e-22
5.645534346117395557e-24
1.472154070086046518e-22
7.804595465515636635e-23
-1.198203494911484172e-22
2.788715536504563151e-22
-5.491161945908619182e-23
8.739564910485834932e-23
-2.320275671355733575e-22
-9.409135486214823200e-23
6.871901983673551706e-23
-2.500345367308658537e-23
-7.043417011678960642e-23
-8.945595436901908351e-24
-1.526141777705373238e-22
-1.529827191388512965e-22
5.718328705368672406e-23
-1.594204782373643121e-22
7.570845226146447537e-23
6.583651552064474759e-23
-2.766028873889508629e-23
-1.649867697730299952e-22
7.660644441574943907e-23
-3.789639713635353720e-23
2.017802257869156961e-22
1.520940996756352092e-22
-1.878438181450639695e-22
3.741117365152624812e-25
9.970787150348222870e-23
-2.269590053459907186e-22
2.027516770570246889e-22
-1.614671778795634015e-22
-7.562680364251836564e-23
9.109911442251909563e-23
-1.235103074675688579e-22
1.342389070988630988e-22
2.915954083394253015e-23
-5.386047835747214071e-23
-5.764807478014260248e-23
8.947786947574642281e-23
-3.074676417554325528e-22
2.398540943371762582e-22
-1.409372065247397321e-22
3.846551121123006183e-23
-2.416939313277268745e-23
-3.297677042086713279e-24
1.093656217959280097e-22
-6.769585960998398333e-23
5.015718283234396316e-23
-3.362969963965882995e-23
6.219390562857183176e-23
-2.631999591259644470e-22
-2.677950672930590303e-23
1.498560348478522496e-22
-1.161634662164418003e-22
-1.693567027023546746e-22
1.077189322170017005e-22
1.721742364680943920e-23
9.212048441457693000e-23
1.755421647609671919e-22
1.197611976765662745e-22
1.982576442255084525e-22
1.136092309128173437e-22
6.883630910804468563e-23
1.362862492310465687e-22
-1.109346920082639345e-22
-1.868850514526405047e-22
4.415371908947783026e-24
-3.999035014776316790e-23
1.069135790611197666e-22
-1.423489682075802657e-22
9.730219668095279582e-24
5.086914925853153332e-23
1.447642225726663817e-22
3.340512355484746113e-23
-2.855663488948650528e-23
-5.871075561037491710e-23
6.312287420958763763e-23
1.627921254547704600e-22
-1.353420915088701546e-22
-1.215143458022509903e-23
-1.660906012210921824e-23
1.306369359264721374e-22
-1.979185589760801252e-22
6.624396784869851891e-23
-6.196574599289975872e-23
-2.762870666297111775e-22
-5.525326457395581710e-23
-2.831656581680363474e-23
9.629774831801152937e-23
-2.194939160968761166e-22
-5.521737145915812391e-23
2.112995732599732061e-23
-1.141202721343821970e-22
1.037942085998522093e-22
1.908246147091341211e-22
-1.639766205860010477e-22
-9.518393181957026854e-25
-1.369252737419073923e-22
5.761330212250685382e-23
-2.917627728629649186e-22
-1.012161505651793012e-22
2.145585811568968283e-22
-6.857397962520182010e-23
1.403246378664923107e-22
-5.394747264580423610e-23
1.110901519215742792e-22
4.857314132825926648e-23
-7.944160365485636595e-25
2.575369929853168747e-22
2.347740327955102880e-22
-3.209028494611667385e-23
2.172183471131978352e-23
-6.662279272471832888e-23
1.825950209745148591e-23
1.860300548996578891e-22
-2.203243738515169772e-22
1.278255856300346683e-22
-2.225362956789721328e-22
9.374499318668112828e-23
1.868675443232401025e-22
-2.850235904798873196e-22
3.990269706732570290e-23
-9.154997143629158255e-23
7.701910658485720745e-23
1.657483681953066251e-22
-2.703381070786300312e-22
2.028326728523517023e-22
7.111378564033081726e-23
-3.407974741940393637e-23
-4.364451810972622823e-23
2.174486346140083103e-22
-1.270603857911676197e-22
-2.491124186776325633e-22
2.508888508838524038e-22
-1.481602648781590796e-23
-1.282663308950084657e-22
1.186964181956588341e-22
2.269147593019605084e-23
-1.758599253937718022e-23
-1.624898168134662546e-25
-1.529061405705526740e-22
9.757327209189635388e-23
-2.244863709261460422e-23
-6.455810909233932565e-23
-2.718316849396819398e-22
7.782911604181071628e-23
1.095170296390483690e-24
-2.221295949963631442e-24
2.251757365643311272e-22
-1.264459021119686267e-22
5.920630590565188327e-23
5.241725425902374384e-23
-5.678756948811051529e-23
1.512161823004863949e-22
4.161178171320161118e-23
-1.282750504276390160e-22
-1.274469227628078817e-22
5.068824734816640887e-23
-7.874573782987814655e-23
1.423945429105627779e-23
-2.354579000266359831e-22
9.091020900167713013e-23
-2.109959299014337185e-22
-4.682249328865863997e-23
2.425690836435151413e-22
2.270611684310099585e-23
1.316352023166991822e-22
-1.430726844420982950e-22
-9.241794423753952750e-23
1.653992031468984908e-22
-1.811619655758032956e-23
3.802096574796805141e-23
1.347718742746580444e-22
1.193707374873733905e-22
6.690872387215019730e-23
8.315870810300734519e-23
-7.988956516594063710e-23
-8.641378930812472855e-23
-1.845580703292370028e-22
-1.714449154681936206e-23
3.482477304912074996e-23
-4.902304858636646179e-23
1.289413340683105216e-22
2.243472911595618516e-22
-3.620058151747393246e-23
-4.860255257893016974e-24
-2.508838878177388065e-22
-9.941053891314119710e-23
-4.496189580641791106e-23
1.081282715294132513e-22
9.861649012555966862e-25
3.370837187555533512e-22
-6.272437857022871170e-23
7.955459980989302599e-24
2.053567392802795784e-22
-1.178697404175344378e-22
1.044669962383110414e-22
-1.749941184306426547e-22
2.308453960546008007e-23
-1.608987985905067195e-22
1.652394230300563375e-22
-1.297403488315825643e-22
-1.967945225804188007e-23
-1.616179461477655090e-22
2.033868675247221560e-22
-1.052347178527199045e-22
-1.093571088597657164e-22
2.910371522580712049e-23
-1.539113283444747935e-22
1.948199595480677826e-23
-3.678457204975566420e-22
1.427298703756131650e-22
-6.389546859635524378e-23
-6.286186167699056641e-23
1.626275562186328875e-22
1.673744546234890436e-22
-2.248940157950612188e-22
8.730281935929014812e-23
-1.817670849724355980e-23
3.457789523069111814e-22
8.093650073518672835e-23
2.446795459153440909e-22
7.172051797799593404e-23
-2.052972623375043498e-22
9.477258235105903675e-23
6.816016601419810700e-24
8.094068401757589410e-23
-2.084047029268326796e-22
1.717329421704962758e-22
-1.353718035670744667e-22
-9.700881722885352490e-23
-3.788845735868350080e-23
1.653531279529233214e-23
2.773438660948880498e-22
-2.377946543580754943e-22
-5.732106602626629653e-23
8.449920253358314270e-23
-1.359114757793259446e-22
-3.149108571838677267e-22
9.532358734251740198e-23
1.071332292784176787e-22
-9.990458843363708666e-24
6.233576228643017858e-23
-5.559101154717555726e-23
8.312403770987807354e-23
-1.487230713055324272e-22
1.081193786100685147e-22
1.778661262638923434e-22
-4.333628372684445909e-22
-1.540095981964124973e-23
3.814834127340898648e-22
1.655510608459350503e-22
1.730666878219942036e-22
-5.549297338539648674e-23
-2.070648093968108491e-22
1.829713250805561080e-22
-1.473314181405686540e-22
-1.831113876843714199e-22
2.474330806156309814e-22
-1.732598970383648286e-22
-1.392299410968855435e-22
-1.862857776751509661e-22
-8.982117251726193592e-23
3.657203063241273074e-23
-9.204631784539455529e-23
9.156183621387689318e-23
6.936641044344482003e-23
1.325646743915138184e-22
-7.882364665309582327e-23
2.168512547941747255e-22
1.112911313929453413e-23
6.074244241536886579e-23
-1.641009933959950875e-24
3.100624842229147196e-23
8.032845246978344570e-23
-7.021878565630492716e-23
-1.464694132144768608e-22
-2.362392521450356970e-22
1.021564937452657644e-22
3.670782140976892160e-22
7.998377211396000405e-23
5.267843366047160448e-23
-1.680915765332858235e-22
-7.590304356972587784e-23
3.822917252020373163e-23
-1.259400803367067923e-22
2.904488326457229886e-23
-5.494960657319694831e-23
1.275741424073191536e-22
-1.756788518630112384e-22
6.399785170325910097e-23
1.865568022014931718e-23
-1.028892797190776111e-22
2.865710159570626968e-23
-7.073300224990353333e-23
2.217774298782905562e-22
-5.537620608202228692e-23
1.438537394226871875e-22
-1.773844595723253093e-22
2.047536208340958198e-22
1.104477581641651431e-22
8.466918268822460519e-23
3.321227435282660839e-23
-1.256839906558717261e-22
-4.868327236568168787e-23
2.352269992763127453e-23
-1.756997775679555397e-22
-1.125576432263914228e-23
-2.370835059884272119e-23
-1.737950509548203060e-22
-1.047677696428539092e-22
1.038016327736020379e-23
-1.655750712583621224e-22
1.397993324324121856e-22
-3.166251264394789784e-23
-6.940479530662663387e-23
7.007682341763033914e-23
-1.145738844483587225e-22
6.748752538352018532e-23
-8.755392713893932685e-23
5.405805937027766483e-24
1.370570237963426500e-22
-1.126446513232719438e-24
-9.972045724793671890e-24
6.762330863269727604e-24
-2.056774535882687848e-23
8.106010906722329451e-23
1.200852086614961424e-22
1.148742415378560889e-22
8.964469372132829683e-23
-1.016181877119641467e-22
1.178899317921280804e-22
8.589451058265001427e-23
-2.152981648841284677e-22
1.698266663879021777e-22
-5.591045652261753134e-23
-7.011907367843250516e-23
-1.583499574654865115e-23
1.322822359220524783e-22
-1.697407486597883116e-22
-9.170599544049764092e-23
1.406760553102668264e-23
1.956669328538168784e-22
6.783049961098061694e-24
1.530279167428917239e-22
-9.895301607845940926e-23
8.493559335127001311e-23
1.451613022305813325e-22
4.542931085214196867e-24
-7.250588270808624796e-23
4.133090646372547706e-23
-6.344560458950089231e-23
-2.304433064581585619e-23
-1.042596332611160860e-22
4.237324717388348844e-24
-2.684837549107163998e-22
1.781080610477066800e-22
-6.937108037508159277e-23
1.145751751299681344e-22
6.261810471388706302e-23
-1.585575691092610421e-22
-4.149910539051670061e-22
2.135562500128608464e-22
5.834375176303851989e-23
-3.203030500787388354e-22
-3.361711444354672284e-23
-3.649723099588931436e-23
6.197983106727937119e-23
1.130122209620798360e-22
7.915242949130079578e-23
-1.355488866333840191e-22
-6.082465164790306757e-23
7.906138337270981323e-23
1.176836869525090764e-22
-9.658110910372729036e-23
1.956591951970274516e-22
-1.376258027538766575e-23
9.897651225670886185e-23
2.190555079688373775e-22
-1.014227083369265712e-22
-1.178200584366140690e-22
1.986450076654695996e-23
-1.254334917746137477e-22
3.224146094460072520e-22
-2.107104809807177296e-22
4.443005948308380837e-23
-4.063602037353942060e-23
1.975680681259774681e-22
6.735175334536505416e-23
-9.040666782771277147e-24
1.000888144912577720e-23
9.946582144718818380e-23
-1.489492563264458692e-22
-1.820046591376249831e-22
-1.265854602222610524e-22
1.935125312204949781e-22
-1.966053708017629333e-22
1.253735954580185141e-22
-4.770349300400637996e-23
-5.670484018969830369e-23
2.118742779708510549e-22
-3.084847774098110129e-23
-1.775081018234999149e-22
1.666723391166807395e-23
-1.660571157903479928e-22
2.403665551331567562e-22
7.242295930351594869e-23
5.837351220582818965e-23
-6.403484300220774319e-23
-3.654404464234914153e-23
1.320006818096713919e-22
-3.869878242473291953e-23
8.706951321149268219e-23
-9.818008080460011919e-24
9.323173500376688112e-23
-1.861657221753264343e-22
8.921167943581275386e-23
-1.309249311070522506e-22
-1.371419865169453937e-22
1.207312132566231245e-24
2.461356984174685916e-23
-6.744288151084822400e-23
1.348562085080161061e-23
1.057231229244226238e-22
-1.093655968417225572e-22
2.342057297823262669e-22
1.295539163671764593e-23
7.018032577510971760e-24
6.769550143868093630e-23
-1.474417918458206523e-22
-9.119667357906881240e-23
-1.154454912101461958e-22
-3.355487640189947335e-23
3.202813742940013626e-23
3.073760110369747714e-23
-6.764641199394927588e-23
-3.791994885311833223e-23
9.852370445851841468e-23
-2.278705679155118056e-22
-2.437769347870317037e-23
-1.018655643859597110e-22
3.648859723809508285e-22
-1.843985234090556053e-22
-6.199517065360471484e-23
1.132642398069959965e-22
8.102326382517047595e-24
7.051481765190291459e-23
2.118279531577780328e-23
-1.709270427741591284e-23
1.364638671840919310e-22
-3.195442147646058211e-23
-2.618477181585470367e-22
1.577630499262473425e-22
9.406688951488918267e-23
-2.841470545211796494e-23
3.545926497990520436e-22
-9.127957371540823728e-23
1.385461964942306258e-22
8.379681323700710243e-23
6.251330353905426381e-23
9.235155547425026545e-23
-1.459682567592224450e-22
6.297989349313158842e-23
-1.987342895609692003e-22
-7.793010406438476952e-23
3.210188120127960922e-22
-2.367703335153851518e-22
1.944099130390985509e-22
-1.272429032796278963e-22
-8.444570946378696003e-23
-3.702071259636262734e-23
1.657880117940393160e-23
2.670505145175315652e-23
-8.347552408015900276e-24
-1.837967388296825518e-22
-1.979826536946227978e-22
9.114679609582489988e-24
7.824012275886911391e-23
-7.422412140451557717e-23
-5.208002566625724351e-24
2.666570445994566497e-23
5.405110543230762071e-23
1.142316772549748366e-22
-2.096534732059743717e-22
-1.948981274190446942e-22
-2.139995242292269444e-22
-1.950983513395811527e-22
2.342065890160960729e-23
-1.735549051492742599e-22
4.564130537451353667e-22
-2.575988401195408874e-22
-2.420145786066023352e-23
8.022197965369479452e-23
1.558158866285652568e-22
-2.150727947594002296e-23
1.045240397608091729e-22
1.345987532451254174e-22
1.175954524321430418e-22
-7.433461439993735800e-24
1.934452049141012915e-22
4.371338562950997527e-23
2.002816943082030533e-22
2.380939710225979332e-22
-7.686401417374294644e-23
9.773814597639184754e-23
-2.553470436298403015e-23
-6.266892740575245174e-23
7.148326731650791929e-23
-7.456994238464536784e-23
8.821479549091827399e-23
-1.453829069179086908e-22
-2.688591284595591161e-22
4.117009247898070126e-23
-1.654162884743522486e-22
1.827615046552417022e-22
3.092164258790750264e-23
2.430344629906816714e-23
-1.702934043038248944e-22
7.844356030650372315e-23
-1.134268770466242795e-22
2.080497454617153423e-22
6.695506558508556032e-23
-1.907482485602695529e-22
1.519045470057484315e-22
-8.287049106924740640e-23
-6.874229272312644777e-23
-2.253855888501758393e-22
-1.431740643689296822e-22
6.817794440853709309e-23
1.372639046096427771e-22
-7.216465084688924883e-24
-9.116976432344466927e-23
-9.485662461621198401e-24
2.664120363110675580e-22
1.254815681440934775e-23
-1.979178979424792973e-22
-1.571728574416098370e-22
-7.392337834996178888e-23
-1.881071698529070414e-22
1.787696527366863985e-22
2.118336906528177555e-22
4.513369220257216283e-24
1.955487710109557522e-23
-9.159571721292038075e-23
-4.831405374206787308e-23
-1.967868954899061764e-22
5.806217033431185813e-23
-5.293300139591635797e-23
-1.320049814732016269e-23
7.256010136936011470e-23
-1.411533104390487022e-22
2.227706451113658719e-22
-5.095274466329670936e-23
2.238742161997893929e-23
1.663001018502476256e-22
-5.387398037700608703e-23
1.123111216249544010e-22
-1.919696313729815275e-23
-5.470879265306514460e-23
2.455745513539518472e-22
-1.388187192557344038e-23
-3.646366483294342833e-23
1.298546770062617975e-22
1.789309988512071203e-22
-1.834204580239869533e-22
-7.445955474548864534e-23
-1.994852534909439802e-23
2.214095858816924418e-22
-1.326913898769259742e-22
1.642403130985794851e-22
-6.396890298011776720e-23
1.351423048311001736e-22
4.023412255778505135e-23
-1.486547158699264551e-22
1.179543484361318141e-23
1.296152764124817285e-22
1.429944882415468914e-23
-8.374043886469658819e-24
-6.013979217945205012e-23
-6.225749694187894658e-23
1.258205745325738608e-22
-1.154435390787899850e-22
-1.198528455493457589e-23
-6.460853932585829930e-23
9.316310354772733233e-23
-3.422884607740083213e-22
9.501099245624030543e-24
2.824595047590558298e-23
-5.890497204576432725e-24
-1.711349182599633133e-22
9.000744741406042674e-23
-1.894262390503080564e-22
-2.062820019390213423e-22
-1.148803982045914380e-22
4.565090071517017029e-23
3.699140334790659660e-23
3.620794129441440459e-23
-4.310639167102634372e-23
-1.139940500980586654e-22
1.559740025581539002e-23
-1.642387365868186490e-22
1.088129912985525291e-22
1.734828191837718886e-22
1.427050681907837615e-22
7.891823843549163155e-23
2.208660006371601776e-22
-2.931881606136176503e-23
-6.947077617673266716e-23
1.708222096403136703e-22
-2.094333454011928220e-22
1.775341478684695599e-22
-2.068508637627429550e-22
1.058134201966611910e-22
-2.128997093017918796e-23
9.750905223915326619e-23
-2.574340434145362196e-22
7.552380287424170851e-23
1.057077191149152042e-22
4.250605018137942375e-23
8.455568323250186584e-23
5.404324142407334820e-23
1.821296155770806874e-22
-1.973502362065062070e-23
8.609558521830331942e-23
1.304947157321201329e-22
1.200579249657135599e-22
-8.407722462276421912e-23
-5.921040265244277384e-23
-8.989433687412168612e-23
-2.603807908685163031e-22
1.488026662943746581e-22
-1.811441834459992265e-22
6.704373036199775917e-23
-4.227825548516607045e-23
-2.927570817866278235e-23
1.947642166770358166e-22
-4.237018745490752427e-23
-1.396072242817492147e-22
-1.080060622085136173e-22
-1.932788864211789785e-22
1.808585941542458777e-22
2.957582459150633020e-22
-1.628633021978281435e-23
-1.850017944920522965e-22
-1.850224731740148058e-22
-1.587051437465733172e-22
5.015653738530464881e-23
2.102827071167651832e-22
3.522812666648531284e-23
3.272077667372248201e-23
1.599068134667563023e-22
-1.575225819067903491e-22
4.554785808077444003e-23
6.819388179064604037e-23
-6.073799621334903700e-23
-1.522047113180243816e-22
8.801918015058352885e-23
-1.365658346796663276e-22
-6.232002372913444802e-23
-7.863399196731024335e-23
-4.748652841119556424e-23
-2.526651000402187606e-22
-8.409958729687299546e-23
2.701142929539565212e-22
6.825903599729474160e-23
8.056384183207367052e-23
7.620080480104012181e-23
3.790066512872620526e-23
9.808343123595611636e-23
-1.196923703146400375e-22
-3.690647996839890036e-23
4.638323396735167811e-23
7.379870786462259221e-23
-1.738176614583066521e-22
1.788565320616222005e-23
5.001855061058949748e-23
-8.230278780828159946e-23
-2.026990476665542243e-23
1.104308368183193919e-23
1.019800491199215250e-22
-3.358603490205369215e-23
-1.178250245716125381e-22
1.757790891617031831e-22
-4.705883196826750521e-23
-3.440189475658159701e-23
3.029145585751369669e-22
1.697810541243125155e-22
-1.295500070542721910e-22
1.437145293892644737e-22
-1.025146916506533441e-22
7.311404244615391587e-23
1.049468156646513409e-23
-1.279759591773238605e-23
4.871930056688856511e-23
-1.471129447108684519e-22
-4.211851651992530848e-23
-9.235860724273497663e-23
-5.048071824956590581e-23
-1.341289838779752803e-22
1.092279607808467913e-22
2.018522395829889247e-22
3.236331060337626329e-23
5.566261728815622130e-23
3.512385011833295952e-23
-3.144051165358413991e-23
4.824090449105785735e-23
2.428985826674771637e-22
-1.617037690080633665e-22
5.018034697450144202e-23
-7.740781603275361275e-23
5.461775368250921896e-23
2.109968474855941241e-22
-8.577968141508880893e-23
-8.416383063377329149e-23
-2.354804494577843528e-22
-3.852297941210358968e-23
-9.248513720492407723e-23
-2.429196425453407763e-22
-2.938924585818369288e-22
-1.146180804797693486e-22
-5.358480338039091191e-23
-1.283744287451322906e-22
-2.050869538237006259e-23
1.144487158780984362e-22
4.659455810572066862e-23
2.716965690104416966e-23
2.782581431577743091e-23
-2.439620133903905213e-23
-2.775444784608941930e-23
2.766415535354918296e-22
4.853349852378640286e-23
3.524352046450654342e-22
1.110002606726466410e-22
-2.361784362598903106e-22
-2.402703305219341839e-22
-3.486829204534989245e-23
2.270155037707285331e-22
1.495700404018195783e-22
-1.246893949138694664e-22
-9.456755890759186036e-23
-1.134845646872335411e-23
-9.915286020852262815e-23
-9.750599851270922323e-25
-9.666087378369162809e-23
2.242922987078636777e-22
1.201733781922876419e-22
1.051047058418496411e-22
1.491262371813608945e-22
-8.707641101327980022e-23
1.678363261464821474e-22
-1.263901505867198329e-22
-2.805225794816848860e-23
1.158933183360373646e-22
-8.181329088766037791e-23
4.671029120541655159e-24
1.481504850829538898e-22
-4.439293501849742821e-24
6.170861435773214152e-23
-5.452946595223578942e-23
2.009161308517971665e-22
-1.940451686200917169e-22
1.653430849777630069e-23
-1.569755474532007354e-22
8.308583293736433195e-23
5.528249561808790124e-24
2.477616927384071832e-22
-7.087400423692498787e-23
-1.745427817512002334e-23
2.600024691582437321e-23
-3.229666752806344550e-23
-4.525727874598820455e-23
-7.660321724111629933e-23
-2.225807705525273301e-22
1.064742394011097524e-22
-9.590179205302076389e-23
-2.123179817028287507e-22
-1.380983740239562564e-22
-7.390240270511537118e-23
-2.452535751854415321e-22
-6.243574059825982575e-23
-4.909031158620498094e-23
5.974935107009078582e-23
5.447066502781764908e-23
4.362190603606272939e-23
-1.403825440101426931e-22
1.098711132748048947e-22
1.462225940902567395e-22
-6.302882476593227569e-23
1.511277813011560914e-23
-5.994987904329773735e-24
4.674021870138954778e-23
1.061753676628435223e-22
9.590329476342715649e-23
5.636921923004614896e-23
-2.193551372463675210e-22
-2.076375483354336242e-23
-2.350447402934828484e-23
9.245973334518127584e-23
3.897994048204205653e-23
2.435961711420069897e-22
4.950788186638070850e-23
2.478151287907783152e-22
1.959371566907881438e-22
2.271131225252089317e-23
1.509968155586384770e-22
-8.460252287446390501e-23
-3.994801999285415762e-23
-7.669104334666977242e-24
-6.823423501080049635e-23
-1.504080679649935695e-22
-1.863295860878501747e-22
1.112523710015179464e-22
4.999120166291788260e-23
-6.952207516780512487e-23
5.820001361357200887e-23
-7.761822498533131495e-23
2.987648868574912406e-23
-1.014907603251852878e-22
-5.870699321865254655e-23
-4.146228062592506186e-23
-1.410643193686858827e-22
2.174780261140309363e-22
-5.880381147869296351e-23
-2.429988448841703927e-23
-9.520301077333239637e-23
7.130580907749358294e-23
6.140694238816957336e-23
-1.939955549819625495e-22
8.529135459057871649e-23
-4.141640324464624545e-23
-9.595815365435444697e-23
8.770872251987995126e-23
-1.345354762299144977e-23
-1.424004694883214796e-22
1.757972073131224849e-22
-3.247245929898324272e-23
1.393410616052491913e-22
4.877710644352329012e-23
5.652728777120189195e-23
7.854656556271291061e-23
-1.270103817852449931e-22
-1.233628635030089512e-23
-9.463872706017539597e-23
-1.552010846438060313e-22
1.475333822239427878e-23
-2.243067024056411849e-22
1.534540648052739158e-22
8.571790761846621775e-23
1.812363141655220397e-22
8.239296483464995528e-23
-1.710957318988050282e-22
-6.759679416159284684e-23
2.553254472553141673e-22
4.880469331992060007e-23
1.167365910959273369e-22
-5.559655594574092386e-23
-1.477120905828225441e-23
2.845594588660784414e-23
4.650441211681685016e-23
-2.875902998235942652e-22
1.021191981466471365e-22
-1.048833619396409798e-22
-7.613070892636732724e-23
-3.679250950105696877e-23
1.515587726727275923e-22
-1.337206224470848290e-22
-1.327996160585216033e-22
-4.907154424663493565e-23
1.186826552770141072e-22
-2.766221037683917385e-22
2.037898725522937615e-22
-4.117900370907936968e-23
6.459008576961684126e-23
-7.989274638090421913e-23
1.798971214818987046e-22
6.572777503392833425e-24
-1.725034841800879989e-22
1.722743665077253096e-22
2.146168739057671943e-22
9.483332244815384215e-23
8.407279766984636193e-24
5.656282540043878291e-23
1.210346407357415398e-22
-1.435292616859660553e-22
2.155589298125236686e-23
2.689436312570224267e-23
1.376494168617236355e-22
-1.015964153338020736e-22
2.893712402070127098e-23
-2.877794807004305102e-22
-4.493285685250065486e-23
1.600022869597748468e-22
-2.067218242435639842e-22
1.199185712451996506e-22
3.997813506550203580e-24
2.322894515689733666e-23
-2.227911091672049743e-23
-1.495237408456389652e-22
1.444690311432041249e-22
-2.034565709842542065e-22
-2.058567785409843268e-24
-9.423027093791348292e-23
-1.630214009144854527e-22
5.449291183532896179e-23
-3.621398992058640431e-23
-1.597702648279143381e-22
1.860556600582661821e-22
-3.616124426106040203e-23
4.334213783407004458e-22
-1.176416421507798698e-22
2.758641785257336177e-22
-3.809646222009104116e-22
-1.550965248462668639e-23
-1.825206712630869548e-22
2.297229229114047372e-22
-1.340793041281858128e-22
1.086281283422692858e-22
1.297214457228369310e-22
1.853087772676766312e-22
1.272939515778805412e-22
-6.879585908618099605e-24
-1.365665485308286373e-23
-3.589056954057089175e-23
1.588254705002839179e-23
-1.075759105162574727e-22
2.064325745414228076e-22
-3.409038972019557685e-23
7.687971257042209361e-23
-5.263118359896258229e-23
1.899059863678180277e-22
-3.336269269372769394e-22
-1.189308378822936035e-22
1.205045651297760371e-22
-5.169967621656512998e-22
8.825699251306067657e-23
5.399526213828423378e-23
2.456353255456505810e-23
1.469051584067342154e-22
1.149248322921499304e-22
-1.094329097257357152e-22
-1.658982035857482056e-22
-9.413057412280681539e-23
2.874689795815626827e-23
2.497976211912071240e-22
-8.595628570676800312e-23
-1.606644309437731423e-22
2.210521510710667965e-22
-2.351229514162684246e-22
-2.621390015828636582e-22
6.752574466119877769e-23
-2.743835141884010177e-25
-8.510535227959295322e-23
2.318878331523054922e-22
3.281544688715928573e-23
1.104759498937514278e-22
7.119420097368294996e-23
3.076824892583254259e-24
-1.210148652732187830e-22
-3.638296510782554044e-23
-6.542593681071298970e-23
-1.373441197353639107e-22
2.206225322087266790e-22
5.055816481905524712e-24
1.744021250000571789e-22
1.397774739890193660e-23
4.545849045788911567e-23
2.313270617533766977e-22
1.525088094115606196e-22
8.688773588826832718e-23
-1.751301771432152431e-23
8.948438255156733637e-24
-7.873023006961537023e-24
1.983685920643241255e-22
-2.979005001640022778e-22
7.055777018316027444e-23
-1.333860960061352979e-22
2.337081732402524615e-22
-9.203702705346308108e-23
1.798745547093140288e-22
-2.454484913476371547e-22
-8.177132035476785734e-23
-8.610042409101581166e-23
-1.257438414320018801e-22
1.122121937802975388e-22
-2.501564240080491249e-22
6.871654841507458981e-23
-1.193476503820123028e-22
-6.820533051874108490e-23
-1.218811063590092740e-23
9.106958466022349402e-24
-2.335539089930582824e-22
1.173588347988811827e-22
-3.287174567119787644e-22
1.097802035578847598e-22
-4.568194037640996073e-23
1.329958799743812133e-23
-8.569727475906873017e-23
7.957502259412135674e-23
-5.266224068484224945e-23
-1.521518048386030049e-22
1.896470810321297125e-22
1.765376304465454489e-22
8.534138175339576374e-23
9.222185910896126417e-23
1.296593096982497487e-22
1.556442418232987574e-22
1.092809318393176170e-22
-5.038267051409365371e-23
-1.224502026244460359e-22
7.575233115722369387e-23
2.596927439456502293e-22
1.421354954510802514e-23
1.475498919028085906e-22
8.199491269331918038e-23
-8.865707177091661737e-23
-7.312850822217809548e-23
-2.140708761793100505e-22
-1.934765990970405270e-22
-1.478993432756111436e-22
7.334248619464819243e-23
6.980059570650472861e-23
-2.168255490561212449e-22
1.619638504373365161e-22
-2.481034925291746173e-22
-8.652248941302607360e-23
9.778050632654113715e-23
5.293508254449369386e-23
1.194286087180630706e-22
1.941468587250170649e-23
5.045609225645906648e-23
6.318220411460451061e-23
-1.063597937747558948e-22
7.063324111989955851e-24
5.929176075965755143e-23
-2.877139534669893349e-23
2.238301202103953075e-23
-5.465969082255302151e-23
-1.204766885652561836e-22
7.194752462918738851e-24
1.146804801827898857e-22
-3.728566148520010644e-23
1.171613766710658342e-22
8.002331153835853613e-23
6.257519183418345863e-23
1.543905594980819293e-22
3.521474009959108889e-24
3.660831663227592913e-23
-6.678323188425323528e-23
-5.812566767999180104e-23
-1.234241792636195964e-22
2.287974704015056283e-22
2.717123422172494623e-23
-2.811358304908872775e-22
-4.380495357580151350e-23
-6.803912595470750867e-23
5.376927294924565203e-23
-3.887852080649122672e-23
6.747595916361536597e-23
-1.225087966964859325e-23
5.508585831003346876e-23
-1.435634443904739222e-22
-2.600463019244627160e-22
-1.320462160702706842e-23
1.347294289679447177e-22
2.833075962326465593e-23
1.039181872427926645e-22
-9.125586193983933544e-23
3.581945312850229763e-23
2.050189802026945804e-22
-1.286285151868198685e-22
3.168545976627158331e-23
-6.516063800846807958e-23
-1.392486510448325062e-22
1.380086255036198393e-22
-1.191609850811834590e-22
-8.351521965315912355e-23
2.321257647396726250e-23
1.718797555827157790e-22
-1.237842025896265417e-23
-1.113798686520919597e-22
-1.058331325094685558e-22
-2.012473663217241169e-23
4.349040547622848257e-23
2.182309839438143937e-22
-7.449868626748686219e-23
-1.859132999466934799e-22
9.167353656997076978e-23
-1.428939328551200065e-23
1.026448341753966884e-23
6.307260063521135881e-23
1.244000936357593356e-22
-7.492291179353861885e-23
-7.642368217686587839e-24
7.495645723740746367e-23
-1.400750719204286434e-22
-8.195286027660483230e-23
2.342520265277528564e-22
2.983269282049031513e-23
2.762871196374743808e-23
-1.189295052722099744e-23
1.050569040596453129e-22
1.148835655302208921e-22
8.567488687712122385e-23
1.280974674652850249e-22
-1.065395099184211134e-22
-4.063877583194036634e-23
6.881109258347329737e-23
-1.008403035916808976e-22
7.996188372188746821e-23
6.790234024024481807e-23
5.746475653498584000e-23
-5.372125828306413898e-23
-2.948025284951918207e-23
-1.181151100418025542e-22
8.650570302536391432e-23
-3.416939384826518260e-22
1.370383052707436321e-22
1.409907948386329547e-22
1.267026032723734947e-22
6.636402994291269338e-23
4.794456051406572772e-23
-1.199038913022607777e-22
-2.023175191879857998e-22
-3.663490531829306778e-22
3.554929776171517610e-23
-6.403585211740962429e-23
-1.552249850874994702e-22
-4.371743439702849938e-23
-2.064542149250394848e-22
-9.011532324506829330e-23
1.829301072758454374e-22
-9.211345255577909829e-23
3.496585891214341098e-22
-3.143385947251729100e-23
-2.829233484816497549e-22
3.346413378887887022e-22
2.657820957452080403e-23
-1.546826863134430085e-22
5.120724791092987696e-23
1.513331383926850093e-24
-6.489234529711289016e-23
2.600673695036382236e-22
-1.207663994904637451e-23
-2.105859027790121286e-23
-9.771774740271309814e-25
6.286429684212124897e-23
9.689327443783051843e-23
-1.517192977951314674e-22
1.083228857996955857e-22
-1.264242701939585399e-22
-1.051251832869095874e-22
3.205414900013356928e-23
1.988927993693841983e-22
-7.420186319597298827e-24
-7.585398270443988191e-23
-3.727588557519775566e-23
1.151548456314695820e-22
-1.151564003376636261e-22
-4.214844361206883434e-23
4.881456066426302416e-24
2.262286766029875265e-22
-2.258356651291540613e-23
-2.468402558309951156e-23
3.708269081226777324e-23
-1.865776269228036546e-23
8.313939094871273184e-23
2.229795291812266963e-22
1.288816837963059777e-22
2.690435382394839035e-23
3.354764113905249770e-23
-2.570482185512560606e-22
8.255935596355764605e-23
1.195547587162776463e-22
7.360820666830108749e-24
2.961173495699687920e-23
-1.624358653743629011e-22
-6.247514217669415922e-23
6.499108820492117740e-23
-1.915385484342753850e-22
3.988261499732433924e-23
-5.543207069662717105e-23
-5.176868980204839165e-23
3.993277680566639144e-23
7.238768435636765613e-23
-1.160187331782334149e-22
-3.121512062862376704e-23
1.150910671638924288e-22
-2.433111098343726703e-23
-1.977352805465050239e-22
1.338266970827314608e-22
2.399330331641391641e-23
-1.188426421999015714e-22
1.029490277328011543e-22
-2.274737785031292040e-22
1.840043433440051101e-22
-2.566579195120992487e-22
-9.158737855127546728e-23
9.563293914615771764e-23
-1.857027605047319586e-22
6.528665635969325254e-24
-1.127404738856944741e-22
-8.219012587259729988e-23
2.967744245126358898e-22
-5.508194625740205723e-23
-4.439235187221989539e-23
7.671227462007218935e-24
3.226511776220179457e-23
6.901572635856022881e-23
-7.556424849402181804e-23
2.352458743024392454e-22
-1.316150778563394273e-22
-8.540418964330298801e-24
-1.482991022418533573e-22
6.835729964017725650e-23
-1.037750189659049728e-22
1.800264221463650673e-22
-9.424531766810420602e-23
1.198069184705005389e-22
8.069725824933305825e-23
3.124615334302587855e-24
4.510238188091113641e-24
2.049360550176365953e-22
-6.695266661914738796e-24
9.258208224163179657e-23
-3.056622102725232425e-23
1.431462615662219941e-22
1.007034679229711568e-22
-6.647778821815187409e-23
5.410850609825437600e-23
-1.853844240954571044e-22
6.021294057644970949e-23
-1.089125584907228361e-22
1.166426581420219514e-22
-9.402070483378130901e-23
8.063661261413672515e-23
-4.453849375103000783e-23
1.901327660018156998e-22
-6.793413700820454577e-23
2.252557113019097068e-22
1.319573053793643892e-23
3.769070777597671192e-23
-8.885382608787266376e-23
-1.369143675537360426e-22
-1.710694889214135996e-23
2.012013032290285091e-23
5.784019389889500388e-23
-2.526273768670246160e-22
2.001363633006106614e-22
-1.700996810008076797e-22
-7.399702352109922398e-25
4.917441697014145010e-23
2.472461363919054303e-23
-9.196103456152772293e-24
6.204663602214356990e-23
-5.448291180410485014e-23
-1.529145364482988512e-22
1.439418863402976702e-22
-1.959875912689645776e-22
2.003399121453912929e-22
-1.342268492735199204e-22
-2.971273031053119397e-22
-6.058650948271744722e-23
-3.376358199968653877e-22
-8.502310161397766771e-23
5.888735398707967930e-23
-3.875039961064432273e-22
2.453768376832581684e-22
4.807050903472816241e-23
-7.219545393142961039e-24
-8.307376318409508232e-23
2.004892626490682109e-22
-7.015984511152252905e-23
7.391699627568110604e-23
3.967583289847831672e-23
8.753619244877479613e-23
-1.925720456442448040e-23
8.042575364759910601e-23
-4.756951097760832441e-23
2.286205209664737923e-23
1.900828957897889955e-22
-1.492791557554914958e-23
1.080531593300271383e-22
2.180744511528482849e-22
-2.656894032348488174e-23
-2.269876562241999242e-23
1.671056106504957583e-23
2.832278313809379007e-22
-2.956871406460021470e-23
9.307556474854122889e-23
-8.151121097792646301e-25
2.091883787477607226e-22
1.322947668421368056e-23
-1.028630045894648288e-22
-6.954348133619486222e-23
-2.068511137893837411e-22
-4.783285298352133202e-23
-2.828138229586647239e-23
2.834525239991558425e-22
-1.240654058127985034e-22
2.158470557032621555e-22
-2.846872150142642468e-22
7.092901559520372373e-23
-1.226990123821704474e-22
5.101899843925438666e-23
-1.638530526794365519e-22
9.638770553527793023e-23
-2.878068544225267251e-23
-2.944670672428495797e-24
1.050296040250329453e-22
-1.310380122128986207e-22
1.890210969861267315e-22
-9.782330472954777813e-23
2.502969575534690872e-22
-1.137642081420671824e-22
-2.215928901956274049e-22
2.373827714742241189e-22
-2.005328006710782500e-22
1.338723482639612694e-22
1.384525368218104299e-23
6.852214150470895776e-24
-2.319928338173145419e-22
-1.332221833555156577e-22
-7.320053761239137901e-24
-2.929892937004824577e-22
1.276331354993000851e-22
-1.207103352804881382e-22
9.552830972638193430e-23
-5.131433701948971788e-23
6.112344253834442525e-23
-4.266078895784501089e-23
-2.134864337287069285e-22
-3.825436445948985900e-23
-1.657874358223522332e-22
1.563207354827300985e-22
1.387566289155259470e-23
2.726915231588541607e-24
6.599421765425687265e-23
-6.070279981578720071e-23
-1.336084438181539770e-22
-1.158802905253536156e-22
1.052327302229270944e-22
1.761240179669190660e-22
1.208134203015128276e-22
1.208707012098393666e-23
1.951014614877267188e-22
-5.327825734810962124e-23
8.214132759916969654e-23
4.251623271325774775e-23
-7.273558391489698032e-23
2.144604530602217333e-22
-1.325383944953961870e-22
2.281790387529849803e-22
-1.522535053438323240e-22
3.545490331814335573e-23
-2.361010246090528158e-22
2.135132266162115058e-22
6.185946240600231909e-23
8.754485430454094231e-23
-6.465209649119121735e-23
2.512537184658626083e-22
-4.439745586309034073e-23
1.180898749725453008e-22
7.183606233388662618e-23
9.963206178035296167e-23
4.923339771219622459e-23
1.408660753938607238e-22
2.626344494700506275e-23
-1.691550741898357492e-22
1.158338185213834711e-22
-4.317023747354756501e-24
-1.853373515913977870e-22
8.431095707170917209e-23
-1.907984872298976502e-22
4.145157035201521577e-22
-4.156199456453928790e-23
-2.644920943042286507e-22
-4.785973311640087433e-23
-3.131047961397494401e-22
-1.483445943741766424e-23
1.814561891271288974e-22
-1.392938780429371235e-22
-1.842559560220627212e-22
-8.390750914559843943e-23
-1.014281314155272580e-22
-9.398766756726262402e-23
-3.541962524907829031e-22
9.820823571747640399e-24
-1.181457480309815300e-24
-4.527716763570581500e-23
-1.288858147743988349e-22
-5.373163777606626864e-23
-8.875126121146699053e-23
5.288354193709176850e-23
-2.202057736655253924e-22
2.662290082852776514e-22
-1.100147792179773144e-22
2.054334243536192464e-22
7.946219934395983432e-23
2.097946756071868085e-24
-3.925185571684727356e-23
1.352570203935540740e-22
2.190881348556450960e-22
-1.941860307440714551e-23
6.813725093732217913e-23
1.177246633187417695e-22
-6.093663532870711464e-23
1.708765140881617758e-22
-4.676267815212374254e-23
1.636338061979125828e-22
7.077380899086570091e-23
2.111146873043326502e-22
-6.198863743294434332e-23
7.230680511686821291e-23
-1.069572324456559430e-24
1.771678920341136741e-23
4.476918229185520019e-23
1.882772241131870540e-23
2.177238481062199205e-23
2.879723717977226196e-23
4.779221070791142585e-24
-9.365305231695295636e-23
1.342927335347038710e-22
-7.054517337592785054e-23
-2.231410974887262085e-22
-9.454227621729114640e-24
-3.874609149563025559e-23
-8.618190641717352913e-23
-5.644449428882287176e-23
-2.653103568253645904e-22
2.046718460288427894e-22
-1.470950592018711137e-22
-2.073866459226435171e-22
-8.824052227701509810e-23
5.646042577070235325e-23
2.249088862706120595e-22
3.382159841684691331e-22
-1.794693460317321769e-22
1.423281721112665352e-22
-2.601707759115205088e-23
1.181694460669202585e-22
-2.741972379084622241e-24
2.025721012501146190e-22
-1.100358783482932268e-22
-1.132219001029194598e-23
-8.266479085660908601e-23
1.264187588950905744e-22
1.808083356873799130e-22
-2.001368623150368760e-22
6.180189248611709751e-23
-1.911913703830347328e-22
-1.396036988888325763e-22
-2.943344794669035090e-22
2.040312973722032087e-23
1.273030672293082883e-23
-9.494588631645115969e-23
-1.969453596387589803e-22
-4.501494139188321925e-23
8.556910666950578445e-24
2.746631268815842251e-23
-4.097095146184990060e-23
1.097725117917362537e-22
-1.106168908320259021e-22
2.069864814481434863e-22
-2.838994121155928710e-22
9.386906903841487864e-23
2.670067396859065081e-23
-6.730318296406174070e-23
1.466886355706537004e-22
-1.332156556439393594e-22
1.900331577017887425e-22
1.596171230113276337e-23
1.170208809854747797e-22
1.531534045623842727e-22
1.661155668428405635e-22
1.703155486443603614e-22
-1.856045362780360930e-22
2.050825591846885156e-22
1.757912936804696254e-22
-1.066358101756818184e-22
2.048457417136926025e-22
2.300727514971103550e-23
-2.347788841188287471e-22
-7.200001468169107861e-24
-2.235414375790639176e-23
-1.523867245233185080e-22
-7.406115857660688306e-23
-1.507084635481412256e-22
-8.577989137131384188e-23
3.609921404450802862e-23
-1.882171676206311874e-22
1.409263724750950952e-22
1.557201022177512435e-22
6.878907671750976771e-23
-1.316358120278484179e-22
-1.214385062556812969e-22
1.154184396971212299e-22
-1.186468080189492950e-22
-3.864170122015129944e-24
2.621458373081321980e-22
1.520282131670655862e-23
-1.224291129303511745e-23
6.052368188719709736e-23
2.122148262368956374e-23
1.293564406007558745e-22
-2.111073130764040458e-22
5.312204730294877337e-23
9.396145542677629559e-23
-1.562112559292449671e-23
1.952802461362802155e-22
-2.173323361176330963e-22
6.257088812414244949e-23
5.930663789381221131e-24
-7.071407147745009998e-23
6.216763079224700589e-23
-7.167755275066367884e-23
4.793194026259342685e-24
1.813000458530152995e-23
-3.466749269405094164e-23
-6.352527332251346929e-23
-1.738153404735584547e-22
-9.551086837165910513e-23
1.855532562882830469e-22
8.281047430428998791e-23
-1.451398912481028052e-22
-5.937769355419210331e-23
-1.722710001254677824e-22
2.183629309777002605e-23
-2.862738712386578530e-22
-5.205703373014954100e-23
-1.366616199978335453e-22
1.477695004495526968e-22
1.587396321903663002e-22
6.815290679547009713e-23
5.126645215158058566e-23
-1.285100229290110465e-22
2.458202510087473523e-22
6.759667428188959592e-24
3.612239262725593967e-23
1.107816135822639925e-22
5.782191994482151300e-23
-9.859334998517857889e-23
1.191907835851088414e-22
1.325895993125616922e-22
-2.053332222203948642e-23
-1.832049014186289970e-22
-2.088924599629672579e-22
-1.930047861400673604e-23
1.677927332843371673e-22
-5.408718994747848437e-23
1.483476890432679876e-23
1.036454998833702731e-22
-7.609649733343373036e-23
-7.014079555189293446e-24
-2.753906063460802378e-23
3.285284478905756638e-22
-1.223527510148428834e-22
6.645705356282623004e-23
-4.082919632857404274e-23
-1.438508964802559073e-22
7.348122157610455991e-23
-1.553544733369558211e-22
4.123371521323659560e-22
-8.731927093266512317e-24
-1.929091686023161326e-23
-5.471293838343304159e-24
2.323625436690331584e-22
-2.148483652541825121e-23
6.205576503279982220e-23
3.905866861446893120e-24
-2.204745296491431632e-23
-3.166242215599555103e-22
7.011982455693639004e-24
-1.044553652260820840e-22
-4.493811570534355804e-23
-7.093130647220331014e-23
-2.459357746864695938e-22
-1.565461903703621009e-23
1.116182830779300679e-22
1.117669811928846412e-23
-9.845222989689149709e-23
2.582889385897322395e-22
6.074983045181960586e-23
-1.083115503412894903e-22
2.139920096039003311e-23
1.269708657910156119e-22
-6.650907423958231019e-23
9.150413670634152385e-23
-3.275950473378377194e-23
1.642676952490639528e-22
-1.879794143667803667e-22
-1.154604007295141117e-22
-9.638362828395874462e-23
1.727418702427006677e-23
3.240699779347780028e-23
1.108310693357165540e-22
-7.496960832264179127e-23
3.515909191893591662e-23
-8.679260243601912088e-23
-1.101750564966964311e-23
9.072823731312540755e-23
-1.288340858874785857e-22
1.509213979461077912e-23
-2.066334623903527715e-22
-3.287128925905182338e-23
-3.320058771481705803e-24
-5.963494797480988081e-23
-1.216402239399656668e-23
3.186315816924251689e-23
-7.887584441388761544e-24
7.967344456845387157e-23
8.575945767023245873e-23
6.460858594938203800e-23
-6.327858261339988261e-23
7.647909087865883582e-23
2.034332353177977282e-22
-1.026885871417256642e-22
1.693869715336288179e-22
-3.902486017251621330e-23
1.299785257951780909e-22
5.683896441571318875e-23
2.249702555084255485e-23
-1.566745753644643851e-22
-5.539468823431170375e-23
-4.678569449494169322e-23
1.908391756496562235e-22
-4.047196302651591578e-23
1.566493649446079570e-23
4.970581258322668808e-23
-1.871811250462594888e-22
-3.100484266910948137e-22
2.977745215968125178e-22
2.283778578527763807e-23
-6.557604758671140630e-23
-2.494996711186058823e-23
-1.430258980167200943e-22
4.305447850225928053e-22
-5.275723523434447040e-23
1.528462634725490917e-22
1.082392354906401843e-22
5.549445575753515592e-23
-1.996207985075402013e-22
1.176961982448683575e-22
-6.279424906875486092e-23
-1.463101732376994871e-22
-4.637599031801680471e-23
1.532154535248464437e-22
-1.591078352485575896e-23
8.218104305715455288e-23
-3.229208551809220811e-23
5.629276121468888277e-23
-1.107695553779558470e-22
-1.296563898174286927e-23
1.671721322216971814e-23
-1.001093741417412820e-22
-9.368822635836706499e-24
-1.055952042359449060e-22
-5.874481686545851341e-23
-1.224907802457792745e-22
-1.135282209633853040e-22
-3.077106793017609846e-22
-7.812756763471407716e-23
-2.440569563103584676e-22
-2.890372476621526760e-23
8.538326171799409126e-23
-7.682118043320854343e-23
-5.058063597138352690e-23
2.629636500020734551e-22
8.685571472324792622e-23
3.613746028766852658e-23
2.016836548435807361e-22
1.154700746933979377e-22
8.879486365780005979e-23
4.428540949409498060e-24
7.813287654783189302e-24
-3.647448537165031198e-23
1.039733013867247402e-22
2.783786425109851996e-22
-7.697348836821084609e-23
8.267857062209330063e-23
1.381361539303143280e-22
1.162565883723418690e-22
-1.678451029414624348e-22
-2.768616184355089577e-23
2.851637800023993797e-23
-1.186368752419849649e-22
-3.311793379674308758e-23
-1.859327681170799260e-22
1.087637875976501132e-22
-1.917762023504954673e-23
-4.708955218220763802e-23
-8.194364966536165787e-23
1.393035119549690851e-22
-1.719633023821388045e-22
-6.053116694702427254e-23
4.125611363523757238e-23
8.692647026343767118e-23
3.588203000950545412e-24
7.506373687949453571e-23
5.060295234514453453e-23
1.606308015395267013e-22
1.824206683111675262e-23
-2.061670849014829103e-22
-5.933469947040775260e-23
-1.112570619024598306e-23
4.391725201648492537e-23
1.462761746655362696e-22
-2.631791441539721614e-22
1.549812659563761440e-22
-1.336432490799524520e-22
1.577616843733648096e-22
1.613178754541732664e-23
-8.148119598920607177e-23
-5.405389895181371037e-23
5.993127654822363102e-23
8.403370071116315439e-23
-7.780835922425542678e-23
9.372301125747339497e-23
-1.735533186295585867e-22
-9.502628703054677019e-23
1.798213742559196026e-22
-2.620072665251179033e-22
7.212842105915362872e-23
-9.836820708589806418e-23
2.823541406130813478e-23
-6.756753647881207213e-23
4.741474833784019981e-23
-7.077936179695917390e-23
6.809804092794577202e-23
1.921741535677295670e-22
2.360649506550242661e-24
2.888804671709174211e-22
9.132864234697989154e-24
4.215433505296900236e-23
1.272103247247705308e-22
-1.659805427538026405e-22
-2.871603548394434052e-22
5.396710677755632981e-23
7.044173464561509817e-23
7.921750870454976575e-23
-7.222728692943326177e-23
1.736631308444462359e-24
-2.224651185689868030e-22
6.787222974339703818e-23
-3.978303810939735505e-22
1.279472190581471761e-22
-2.727144450002014446e-22
-5.226770204546742451e-23
7.285247749744966600e-23
-3.915751455239081862e-24
1.303240249705282015e-22
1.446844659103587821e-23
1.001264892180228254e-22
7.259167781315247989e-23
1.156943864226149102e-22
-2.037049561159925364e-23
4.960682098350753946e-23
3.774391665658572325e-23
-9.768481411839886344e-23
-4.943255256296498478e-23
-8.810821611297208635e-24
-1.994487161478888560e-23
1.755296687124003146e-22
3.447502790342062208e-23
2.082761820129054027e-23
4.315293071919202034e-23
1.089783350925730766e-22
-5.254813478064116169e-23
3.430662674205842886e-23
-4.970959047950226761e-24
7.662480975070360668e-23
-5.701931985926495874e-23
9.335258046900175245e-23
1.132177171510621785e-22
3.470479815706845212e-23
-2.099419358790246220e-22
1.079647463425952563e-22
1.892101286244979115e-23
5.569380063801558502e-23
1.039898987679078334e-22
-1.255641974045155575e-22
2.994556244203738650e-23
2.108542425438701512e-22
-2.082354118689285467e-22
9.204217086508299578e-23
-3.326189998233755357e-22
3.290346817288419400e-23
-6.864930934654430648e-24
-1.643682681836251593e-22
1.432740851437706536e-22
3.322879471574472611e-23
-3.228612129759179193e-23
-1.310243699517747742e-22
4.121970061066059549e-23
-1.827097364960967740e-22
2.443290655766294918e-22
-2.107831500110104727e-22
-7.438321788162914565e-24
-1.208757049396559151e-22
-1.046505816722688419e-22
-6.056587094838759841e-23
2.487749202244498242e-23
1.435052704661765421e-26
-1.737298585564906852e-22
2.311086967594272044e-23
-1.379003138728186486e-22
3.175492802357767014e-23
-2.491093547363775342e-23
2.432411046055647764e-22
5.568916859519903139e-23
4.250463592990123354e-23
2.575630533986588931e-22
-4.231776434108664664e-23
-8.701466104756531450e-23
8.225284893165373045e-23
1.849238070775916765e-22
-4.392040009750314308e-23
7.556440460778877189e-23
-1.788082464453321048e-23
-6.446299774284042068e-23
3.583115792601071921e-23
5.111084796140383664e-23
-2.985627884919163761e-22
8.475706744746507533e-24
1.089277952283815131e-22
-1.991436104642203098e-22
4.554339397110129631e-23
-5.438753213254965356e-23
8.342505156863413014e-23
-9.752324287170973343e-23
2.131211673109540083e-22
4.795382261273944559e-24
7.744903291989263595e-23
3.152618947119912617e-23
-6.900045092936613337e-23
5.615839835499202715e-23
-1.256641828107507768e-22
1.141159465236838384e-22
1.185734260400077835e-22
1.413709750133220112e-22
-1.083355309409220770e-22
1.372258220630344808e-22
2.326224300271996132e-22
-1.893288026666319329e-24
-1.455385132223787149e-22
-6.376486282896696799e-23
-1.401295270808772343e-24
-1.435004430844764093e-22
1.274730523551875710e-22
2.489738058599025545e-23
2.345778731622934288e-22
-2.574754404578175629e-23
-5.735921935309062904e-23
-2.239794159833791822e-22
4.751888753282582010e-23
-7.373947099071155773e-23
-1.153282080943722404e-22
-9.297386386040511037e-23
-8.253836111454719502e-23
6.624789378744700067e-25
-1.790886665267682388e-23
7.312839339497368415e-23
-2.535301184396141241e-23
1.118828435639839943e-22
3.523157534372214615e-23
-1.317224580090288955e-22
1.312898170006184971e-22
-1.452978690671035940e-23
1.701832617445170357e-22
-1.985168064978558814e-22
-3.778942340262439364e-22
-2.526004291183441723e-23
-2.307168878079005006e-22
1.543861380016525079e-23
-1.127345785080672399e-22
1.009412495924285912e-22
-3.520436790356121926e-22
2.043750628991465270e-22
-1.173971836354632437e-22
9.370023314295360008e-23
-2.822927644162469333e-23
2.448463885078469308e-23
7.937600158899248708e-23
1.529855984019201221e-22
-8.302940162326465794e-23
3.322568713061006384e-22
-5.980695378778641698e-23
2.290172084321159444e-23
-8.397901835673687502e-23
-2.350021801032589898e-23
7.161676035104247149e-23
-5.669597868420469519e-23
2.192667998789453293e-23
1.816263382655215672e-22
1.016066663269099546e-22
2.804229825907043602e-22
1.911512183336387954e-22
-9.781367435363162202e-23
5.400337694166022408e-23
1.268235461631494541e-22
2.279984714127044893e-22
-1.135523969730487592e-23
-9.336368783372215292e-23
-1.052644198397624135e-22
2.036632734512431652e-22
2.610724591801895799e-23
-6.226217981771259868e-23
-1.187829348458863910e-23
-3.551399578954363826e-23
-6.832995063039180895e-23
7.574076852336912755e-24
-1.122853981679562965e-22
-2.577009563130411679e-22
1.747271526232250440e-23
-5.416278760069685659e-23
-1.218499924791652564e-22
-7.874862638910238744e-23
3.278324812732122546e-23
1.635642187161884132e-22
1.234237079742172006e-22
-3.344198523347251413e-23
7.477293456503428842e-24
-1.472527127292187013e-22
-4.338683899315780343e-23
1.054072100278697544e-23
-4.743607267938220494e-23
8.433548309825202573e-24
-1.519761871529914651e-22
-9.679525044681870698e-23
1.463121948185435390e-22
1.014881584317409246e-23
7.596205324947761589e-23
8.371403070597319519e-24
-4.194431231705461183e-22
2.058094108627028102e-22
-2.834453683864895249e-22
-7.902391050346267219e-23
-1.890302052631366658e-22
1.695695961581226006e-22
-9.295146395507232840e-23
7.295799454680398162e-23
2.000878148085675861e-23
-5.213928941311114817e-23
-4.470200389383473730e-23
1.264791231087869852e-22
-3.142969651853211689e-23
-1.182041576743813185e-22
6.603132895350610491e-23
5.630538509428033413e-24
-7.221307657431075996e-23
2.479931073301911883e-22
1.786169994975345121e-23
3.227365292847769508e-22
4.940431020600355903e-23
7.275769610650164323e-23
5.818477411184665247e-23
-2.136085481279561337e-22
1.134943732590840463e-22
-6.408668036109640504e-23
1.422854969739243586e-22
3.844526367184686011e-22
-2.499770661848403416e-23
-1.002806546427101897e-22
1.404153360296790113e-22
8.010434265115121999e-24
-3.752202619414135275e-23
-4.334727331526618901e-23
-1.999767488320308206e-22
1.360633394892696297e-22
7.571506731172824351e-23
4.709632659275416391e-23
-2.218675449363221956e-22
1.389562819554886227e-22
1.425506835953419710e-23
-1.703790621573515928e-22
1.518338284803715374e-22
1.440637189932397496e-23
-9.609832937301180105e-25
-1.886317983008275942e-22
2.007335006810676000e-22
-2.760794148550889290e-22
3.080446409768335561e-22
-1.231145910376451000e-22
1.696473255179745773e-22
-2.160899398950952362e-22
1.526349533908234568e-22
8.634909013242327877e-24
-5.412827099263243421e-23
-2.017283269414205982e-23
-3.515794182094488282e-23
1.638917796650336805e-22
-5.804965367766559240e-23
-1.860791953092060016e-22
-1.722619439635710950e-22
-1.385931435773166198e-22
-3.352726345732200389e-23
1.234491843228800692e-22
-8.733928679834788564e-23
-7.906938959263308355e-23
-1.532337432146429591e-22
2.827602540500455028e-23
-1.259721341602030131e-22
-1.208019102004863174e-22
-1.439065844858172733e-22
8.922031800047463356e-24
-6.027086193822990232e-23
-5.913308607612053153e-23
8.135160912647537572e-24
-8.242127727539350526e-24
-8.181024736222520711e-23
-5.726116478239765998e-23
1.851800577885902266e-22
-3.586468018556307598e-23
1.130126367822176831e-22
-1.876541258180458100e-22
2.151590362385475354e-22
1.585733701102372968e-22
-3.812999353156275616e-23
-5.473581165173470588e-23
9.926335495461143705e-23
2.226812354715196648e-22
-1.314570406842801221e-22
1.283680729130752317e-22
1.983943955073074173e-22
-3.520484905487243616e-23
5.919125376684741197e-23
-4.208829434006355440e-23
7.499798876095231884e-23
2.098420139002660695e-22
3.445362991977589283e-23
4.037722351255369671e-22
-5.054849843248568315e-23
1.136061552940566597e-22
2.226568826617031592e-22
-1.056367746829988335e-22
-5.027842240021400030e-23
9.508786341648186721e-23
-1.150415363076709779e-23
1.369402619389894497e-22
-3.769942156190445859e-23
-3.373510698954382609e-23
9.334845572340258331e-23
-8.998634832313763400e-23
2.914361839851642754e-24
-6.217565667776279149e-23
-2.076561361943894942e-22
1.032728945556006013e-22
-7.005909317210844356e-23
6.305029949804636676e-23
9.028390770005224651e-24
-2.093104299713071063e-22
2.991046126390063881e-23
-1.436888608825080793e-22
-2.103965510834890913e-22
-1.746975659897973673e-22
-2.059750977324449248e-22
-1.189936257035500958e-22
-2.506780734840269454e-22
-1.076134059343402687e-22
-8.444409779733125027e-23
-3.650920624317179839e-22
-1.787826216070012490e-23
-1.255111517391095158e-22
1.334268292911971843e-23
-8.528810223533300040e-23
1.493737033136277746e-22
-8.051648422810533982e-23
1.159217371285622880e-22
-1.515334003450156072e-22
1.393096710130126862e-22
-6.438899311477883522e-23
9.172934665804306896e-23
1.331254282606001413e-22
1.352290950632712745e-22
6.083868150446355524e-23
1.945595143768537797e-22
3.059157531345198662e-22
2.248690090878214015e-22
-3.345930132247638848e-23
1.530190497118537358e-22
3.032645775868975881e-22
4.435239135141697839e-24
3.083795325243476388e-23
-8.886120156332088502e-23
1.308826973394106053e-22
1.365057456353946251e-22
1.109412095695688590e-22
-1.285252077183117761e-22
-2.706337747410806334e-22
1.123224257135159036e-22
-1.323913376872440957e-22
2.944529757364418025e-23
2.322058689372457339e-24
2.016442344357279113e-23
1.837277287008611073e-22
7.560053555968386250e-23
-6.431714157098465240e-23
1.511473637189797226e-22
-1.874957489807481150e-22
7.460715212648856437e-23
-2.724550633681294921e-23
-7.370330720317696837e-23
9.749223974106905832e-23
-8.656971111176935706e-23
-7.575890433111723177e-23
-1.061805166389340027e-22
-4.313371571151168065e-23
-7.694214617170353791e-23
7.536295107926441193e-23
-4.203106591182574868e-22
-6.886269270099421371e-23
1.095397444248801658e-22
-1.211611276633626124e-22
-1.126510091238086453e-22
1.534764362314668479e-22
-3.194794526718104568e-24
-6.611924440236155127e-23
4.070477503110705133e-23
3.334572374104967994e-23
9.326226872403055274e-23
8.383586622331755557e-23
1.196734742293604439e-22
4.524582669588446404e-23
-1.115781328750161969e-22
-2.349862245192275625e-23
-3.039655256873116482e-22
-2.491385134881434326e-24
-1.820756583354364680e-23
4.565715735122418792e-23
-1.323253155317502619e-25
1.010830758027366117e-22
9.902553189894762519e-23
-2.781275329579903331e-22
7.520738710233402010e-24
-1.348242988906562773e-22
8.814455498801197640e-23
-1.540246399376205371e-22
1.170226893595418114e-22
1.849097293868100763e-22
1.693419690217892139e-22
-2.644426069462233958e-23
-1.425557924576241824e-22
-9.173895847736474402e-23
7.197153605578049899e-23
5.385132409015387044e-23
1.160170443737408168e-22
-1.630953018545188537e-22
-5.283577673809822092e-23
-7.965754790784998899e-23
7.013706405041001743e-23
9.994980413163170777e-23
2.846623680028541832e-23
1.246286226417131817e-22
-7.015531152706860866e-23
1.805906227822951876e-23
8.938904452918474971e-23
1.704866683249235361e-22
-2.642355255370263328e-23
-1.558484498302674670e-22
1.128187851776547990e-22
-1.634390345461914963e-22
7.649870265816030654e-23
1.228524621126399783e-22
-7.590411975416897326e-24
5.347794977116126878e-23
-6.029617861269333573e-23
8.033184485235843880e-23
6.989248309952204813e-23
2.701198660841080010e-24
2.028683968669088022e-22
1.364025979863495395e-22
9.047620074037986062e-23
-7.349095639130085143e-23
5.837331575928164399e-23
-4.700250602482005877e-23
-5.284564366979078228e-23
-3.663383830843248938e-23
6.835736026672772597e-23
2.465548652261344076e-22
-2.286532794958724135e-22
-8.929816481974438047e-23
5.415055930523380432e-23
-8.080479733775623889e-23
-1.264136097958808845e-22
1.532451155389630468e-22
-1.138052713940344127e-22
-3.271925155162957680e-22
-7.402079034306234687e-23
-8.684138982457388900e-23
8.843953545912626605e-23
1.593524710022611639e-23
-2.650198154668495116e-22
7.479035228668224284e-23
-2.921172015989606503e-22
3.719576408415451707e-23
-3.155125720905361304e-22
-1.670982299822886644e-22
4.536878585415294211e-23
-8.457847607608014633e-23
4.468866852924935367e-23
-1.660889021459080535e-22
2.233464862164791171e-22
-2.202408627798367848e-22
-7.703120725108165715e-23
-3.754522607051838000e-23
7.401268663478725810e-23
-2.341720727260509619e-23
3.400789931408108247e-22
-5.449588370635300154e-23
2.671534163902603851e-23
3.012051530426659757e-22
2.314336147497381702e-22
1.559260935575098446e-22
9.831029275246432855e-23
-6.870682614992639700e-23
2.467335104712572146e-23
1.371934248167170736e-22
4.850767291076167092e-23
2.093648935800672098e-22
1.081257200973280451e-22
2.381999891330591372e-22
1.436511039025138937e-22
-6.963679509217759738e-23
8.618644041667525020e-23
-1.672975134130783464e-23
-2.506734529492289924e-22
2.131736989194574404e-22
-5.030738373375962516e-23
7.766929436878551440e-23
-1.726700765508885789e-23
-7.474247871304269848e-23
-6.953165281311825161e-23
-1.119094721421553848e-23
5.146601137389171252e-23
-2.613757222761722655e-22
2.980805326602193434e-23
1.494261032285626993e-24
7.110580549820184553e-23
-4.503964518310220745e-23
-3.000546029857581952e-22
2.883811012793215729e-23
-1.456440925907820012e-22
1.321903191117321038e-22
-8.296729288038765070e-23
-1.120956173464383705e-22
6.634359432467619607e-23
-5.664677696894058935e-23
-2.315576773312757689e-22
-4.949994987688680941e-23
-9.303174123647991554e-23
5.022890893868081833e-23
-1.466778759279350677e-22
-1.617948653991139502e-22
-6.198488042126380262e-23
3.032842606819900241e-23
3.940496349192248613e-23
-2.139525262021576201e-23
1.269398284954261938e-22
-4.131192452466087445e-23
8.194688522517151369e-23
9.516948833261075200e-23
3.334792820448911020e-23
2.646029189005782757e-24
6.458728915734622923e-24
3.007633440477045703e-23
-1.433402506976344280e-22
1.656404439662940396e-22
-2.733872730450687205e-22
-7.462145640893395749e-23
1.855532292563044368e-24
-1.958024233014792695e-23
3.188577314896964443e-23
1.210444912192438918e-22
2.599630613706549393e-22
-1.894294710321424826e-22
2.149364525860622516e-22
-5.474153745693552809e-23
3.840838179152510033e-23
1.258434540287153958e-22
2.064487027920238478e-22
2.146427966995547945e-22
-1.625445676498266020e-23
1.175410860429905581e-22
8.577781943091834143e-24
-2.234248559170222782e-22
3.185726124089606801e-22
2.758542319610432575e-22
1.385778730124976108e-22
-1.015778729330428300e-22
2.610564243827017990e-23
-6.368975305337727869e-23
-1.855636402927892485e-22
6.716904924358698916e-23
-4.541965813709832329e-24
-1.351273797436986744e-23
1.609496172454869636e-23
-2.179140525789340234e-22
8.155942026714859746e-23
-8.165755459501339291e-23
-2.934705797347325345e-22
-3.389627915553250490e-23
-1.175334571411110694e-22
-7.908069080144569738e-23
1.132773411602000542e-23
-3.989538075679544719e-23
-6.765141973992287762e-23
-2.179719559817581666e-22
-2.358367726072694728e-24
-1.320514521251540686e-22
-6.806107704662499109e-23
2.201022305394596851e-22
-2.203196244781733284e-22
1.621913506787545104e-22
-2.135646406981300346e-22
1.815697774851124907e-22
-1.032454257870584814e-22
-4.172081546838928559e-23
1.202311996179762303e-22
-3.730418742525438698e-23
3.405096094218939441e-23
-1.292512926620629678e-22
1.711070173170237519e-22
-3.321917091605213471e-23
1.463740749634148139e-22
3.539745527794276570e-23
-2.265283931169738302e-23
-8.157036348108996865e-23
2.799939347239487807e-22
1.923541089094800243e-23
1.383930073965370642e-22
-1.577502500914933660e-22
1.067982922776560006e-22
7.386893931038362574e-23
1.952589352031107960e-22
-2.167068465484923122e-22
9.866155733655704329e-23
3.413723344030208573e-22
-1.981042845041426350e-22
1.955918112272701251e-22
2.269443761764140164e-24
8.526567636664852336e-23
-1.049994478406600177e-22
1.429781822265747046e-22
1.664359977505230405e-23
-2.241441995031183288e-22
-1.850308613674238143e-22
-2.956348000158487129e-22
2.146983856979147681e-23
2.383144065722830803e-23
1.345598978368856600e-23
2.076529479144222396e-22
-2.308213885553180122e-23
-1.066964938731754994e-22
3.334537301614007060e-23
9.907867580415943312e-23
-4.832699030876744228e-23
-5.059343931327168372e-23
-3.453542411998155548e-23
-2.087631538430292855e-22
6.309560733074288173e-23
-2.460828180918267731e-22
-9.584341092753021591e-24
5.696217790561565392e-23
-1.216599626795112295e-22
-1.368828134509151265e-22
-5.081981804083699377e-23
6.244895391475189266e-23
3.625509671656509799e-23
-6.092669881720252177e-23
9.418415997518972355e-23
2.123006795843331428e-22
1.552665187148432688e-22
-2.607749529066209548e-23
-7.072622321158798064e-23
8.758747279183427151e-23
-7.166860878687451452e-23
1.306329167135571239e-23
1.453645934110620669e-22
-1.229570124808272840e-22
2.242330265186698188e-22
1.281858780009817567e-22
3.897758244310473002e-22
-2.840544246793641096e-22
-1.228233899426167737e-22
-1.359002872245432263e-22
-2.086970043305132994e-23
9.062778454593668646e-23
-7.840737221105676429e-23
2.105258558531924684e-23
-4.294460317090390497e-23
-1.153278534416544167e-22
1.321913316720578290e-22
-1.633107374113886948e-23
1.724927908498829770e-22
-6.099084975897960148e-23
7.682799764976400186e-23
-1.139855334356645269e-22
2.531409158165145529e-23
1.584334592017884980e-22
-6.218334927270485085e-23
2.498806249800769905e-23
1.777456327310229708e-22
-2.046315028441624218e-23
-5.204994047182159242e-23
1.697045521757214727e-22
-1.985636434110674525e-23
2.285363547311225367e-23
-4.400328248797859551e-22
-6.100734949255008206e-23
9.875883441408195328e-24
-1.793772045375564389e-22
-2.853545107936026732e-22
-2.823882065275524709e-23
3.745500541312858059e-23
-4.442771385623294234e-23
2.814033342255652641e-23
-7.248891503744175203e-23
-5.846378713203237135e-24
1.162840554115096422e-22
-5.956834571650769357e-23
5.915250670422402484e-23
-9.252371711930705843e-23
-2.366728579219197091e-23
-1.079420155364834805e-22
2.613717709983736825e-22
-1.864770509238241022e-22
-3.340423991272758642e-23
1.501590119404560337e-22
-2.065168378156220434e-22
2.716804853716448864e-22
1.647397295501941308e-22
-2.653517954963062799e-23
7.210542089286447619e-23
2.202228814754605530e-23
-7.310285306128637541e-23
-1.201236216622966482e-23
1.342448968139713446e-22
5.134128322208390757e-23
8.015963058560792121e-23
2.720865376228197088e-22
2.223875151472870607e-22
-1.879545406631737659e-22
9.433824132443794337e-23
4.618241911261847140e-23
6.299377283737810744e-23
1.415960256508719518e-22
1.167385127127390359e-22
-1.634628707403683063e-22
-2.225413086313979525e-22
9.448562462378128063e-23
3.378969669478902308e-23
-6.991609185312105711e-23
1.305937197794411138e-23
3.967243421271472937e-23
-8.827932811249285604e-23
3.100748023275102889e-23
-5.881273006187886546e-23
-1.969894903331945960e-22
-5.496896013985382455e-23
-1.159326579667538697e-22
-4.449153151038879674e-23
-7.982610683750504963e-23
2.209112011073022159e-22
-1.419743514999707004e-22
-5.765322761775885014e-24
-6.246624103500988342e-23
-9.618937156898815011e-23
-1.425140807228305374e-22
-1.521460678011785133e-22
-8.993335994707601650e-23
-3.468542585547036901e-23
-4.033857399444099212e-23
8.586567862755025590e-24
-7.294204188994656285e-24
8.125828757140835650e-23
-1.257619311272458015e-22
1.011421356844632289e-22
1.648622951616137264e-23
2.439318728791243323e-22
-3.276902490248871890e-23
1.925816930545559669e-22
-3.281713492717499144e-22
1.363173307039156267e-22
-1.083005241471571104e-22
-2.362595051625754781e-22
1.671630590898537164e-22
-1.523880709389348847e-22
3.243317397726835657e-23
2.725364532240550177e-22
-9.449069380697186534e-23
2.238762176376652210e-22
4.705212095793505803e-23
1.335642565359269567e-23
1.612668887673875150e-22
1.631609391411017502e-22
2.756088665141005101e-23
-9.869346766452069848e-23
1.053594242910679118e-22
2.692654447646431818e-22
8.448410000854837935e-23
-2.845605138473222489e-23
1.102649165136487302e-22
-1.405534546220267772e-23
-1.077912551361294082e-22
-2.229251778320664823e-22
-1.764922302497424996e-22
3.000335856807253380e-22
-2.293798018084201218e-22
3.955649346249309813e-23
1.155529032027752589e-22
2.882786001353971688e-23
-1.292136870958639377e-22
6.925022683926260963e-23
-2.101903128723472736e-23
2.325667791937849748e-22
-1.306085400169118251e-22
1.742385838946869268e-22
-1.450193803122074646e-23
1.615084334239032283e-23
2.179227334550001239e-22
-2.122503974944514082e-22
-2.171954396945026928e-22
-2.369726039812325926e-22
-2.009013958556565849e-23
-2.502260020203510698e-22
-8.129517421892865047e-23
1.507176149750501948e-23
-8.995603854862686619e-23
-1.418705276244319233e-22
4.259115888036557141e-23
-8.396577455207356998e-23
4.611822363981650458e-23
8.736176792551568094e-23
-2.188475084534478164e-22
1.812195648056225765e-22
-2.445051774717160205e-22
7.163587720854609702e-23
7.720063410520844518e-23
-2.025657610349800121e-22
2.313218055181021395e-24
-9.624173013435275376e-23
1.474838426735756520e-22
2.657646925572843125e-22
4.043226377546494761e-23
1.106427997615858296e-22
9.064259399340266949e-23
-1.968977894672641259e-22
-1.227872977778672629e-23
2.014653537699404813e-23
3.471499737646482585e-23
1.084109788677443006e-22
1.054146544254143987e-22
8.281456521233700826e-23
-3.127664786811820619e-22
5.138101403300911539e-23
5.483714695125247291e-23
3.415558451056145907e-22
1.111190479410742628e-22
4.535678813275260120e-23
-1.559297605585476207e-23
1.356851513307433075e-22
3.951957076118266213e-23
-8.635114389836121634e-23
-5.378559807648824785e-23
-5.519920999375424692e-23
-2.329542366207916024e-22
7.109701968005868379e-23
6.111833972142578240e-23
3.753202806090745163e-23
-4.598123361464818711e-23
1.817750081809196874e-22
-5.507759872383863953e-23
2.066223919576261317e-23
-6.195620921149010668e-23
1.403803906874380752e-22
-1.076830483264622268e-22
4.595781720207391658e-23
-4.509656936338286393e-23
5.612857291990689373e-23
-3.278908998760362401e-23
-1.150174200319116916e-22
-3.929171682134694774e-23
8.812112567916726522e-23
3.156904297585987182e-23
7.002190841739242889e-23
-1.585733976628022705e-22
-9.289670497390589808e-23
1.208260198952145727e-22
-1.444964594354328096e-22
3.038417590224458393e-23
-2.632462885366844062e-22
-1.880601499600677352e-23
1.023289732060305842e-22
2.771667834151327382e-22
7.100792893283982584e-23
-1.046728623352116900e-22
-1.433718808341643433e-22
-1.337701855857699862e-22
-6.375603658169098787e-23
-1.110139219798998379e-22
-1.810681019441931481e-22
4.535924864670315372e-23
5.187558082224768093e-23
-9.133804446986120248e-23
-3.844863073708259654e-22
-5.805360448211672153e-23
-9.154360297015430691e-24
7.394966782409675187e-23
1.925895391402721754e-22
1.070805460388483324e-22
2.097635248679829672e-23
-1.353484735433672421e-22
9.751664629618267553e-23
-1.029806335335930678e-22
2.119032916431314463e-22
1.803402364412291519e-22
9.067122314803142950e-23
4.310077234821532580e-23
-1.560255588816785808e-23
2.010602055654222741e-22
1.113626282285641339e-23
5.070026552478657495e-23
3.368532985910869704e-23
1.143765653266777558e-22
5.307137641370328356e-23
3.166696208424422615e-23
-1.594973678803367998e-22
-4.009227577042096021e-23
1.121862076652183801e-22
1.175727132720010008e-22
1.494229769189732542e-22
-3.810418448277691501e-23
4.771667547673285017e-23
-4.794889956344588867e-23
-4.072962600420234768e-23
-1.154119176978969220e-22
2.169153902957460974e-22
-1.967197021810028785e-23
-5.759134837151475584e-23
-8.741538516038788066e-23
1.603876826256886847e-22
6.983844024559476041e-23
-2.320338569691634162e-23
2.149804199726137509e-22
-2.649891540885809393e-22
-1.689846708189526839e-23
-1.063861416973187207e-22
-1.112551907559916507e-22
-4.227878997297228186e-23
-6.269388403486218492e-23
4.557391038265001660e-24
-2.253954172870481180e-22
-2.528347674940162186e-22
-6.290097251096973690e-23
6.583179133353906221e-23
-3.052057166334422286e-23
-1.532904247187320891e-22
-1.201117897528404540e-22
-2.595489388609560187e-23
2.190900195977157217e-23
-1.157001007002503769e-22
-3.997525115471402249e-23
4.117896147926762237e-23
-1.021033648462413831e-22
3.277677965767755625e-23
-9.548928653653690412e-23
1.908620011280751291e-22
8.261099692450829917e-23
-1.151740755669495839e-22
3.178910797297493973e-22
1.853297727147418385e-22
-2.391968343293312676e-22
1.454607863869997157e-22
1.507965037346482408e-22
-6.398725647874271080e-23
-9.388392091900676430e-24
2.233805911842549184e-22
-1.077121107183068730e-22
6.667222030116067748e-25
1.110771271313367829e-22
2.015214710273080155e-22
2.256658855755339320e-22
5.913741418887228686e-23
-9.659654586526220837e-23
1.635020928638972783e-22
-1.222703118431349066e-22
-7.194248143151378492e-23
-3.021207991405456945e-23
3.899759441592970269e-23
-1.614084772297002454e-23
-1.474538706850486014e-23
-9.585597707991923318e-23
5.050324249169508084e-23
-4.167503941679380246e-23
1.528000045518019426e-22
-9.848736301554877291e-23
-8.394407300060931866e-23
-2.370822629956114300e-23
-8.930284461030204398e-23
5.493026490303083834e-23
2.039443641760469910e-23
-1.390124986128222558e-22
-1.850659263912359364e-22
1.030489181605335013e-23
-1.876190462973274959e-22
2.042402250355975748e-22
-1.566387044521172284e-22
7.430216607238391350e-23
4.083945268960522389e-23
-1.133828948351305723e-22
1.164925640343644169e-22
1.203954112000392139e-22
4.056398860084395518e-23
1.878899751325809431e-22
1.037857992898627473e-23
9.909029849913864992e-23
5.873406205299215282e-23
-2.654332555994718382e-22
1.517172251073382387e-22
-2.419326673707012988e-22
-1.088551964717680334e-22
-1.770528163329295629e-22
-6.549254842869974955e-23
1.774375546682004293e-22
1.249958498338828822e-23
-6.742058109211642675e-23
7.616794089866459182e-23
-1.262770580123914626e-22
3.308019199741586025e-23
-1.292384998579101643e-22
-2.216497127792219891e-22
-5.414416067121891314e-24
9.423024339307015527e-23
1.101173676659292789e-22
1.868695336445931812e-22
2.084381783634628198e-22
-5.868445128656789580e-23
2.161562909726043621e-22
2.749607468202161034e-23
4.462848913896978072e-23
-7.685707854940719489e-23
-7.195480989769330549e-23
-2.723020149793456906e-22
1.170377145506193730e-22
-1.794692707796801834e-22
4.232827912259502646e-23
-8.146431484428283028e-23
1.567748053682962215e-22
1.882937955914355233e-22
-1.245718379548716167e-22
4.277508529652605234e-23
4.403067499148286111e-23
1.003542749502945334e-22
2.016570525722736272e-22
-5.387648219168703933e-23
7.905959451996435954e-23
-1.887356771579586568e-22
-8.453482920005523968e-23
-9.759139234689197231e-23
1.488286421334107539e-22
-1.323695301860725638e-22
-1.201439113496685482e-22
1.246961107393881333e-22
-1.150891045547150360e-22
2.068923933354429456e-23
2.877052822810825390e-22
-6.327036659041303895e-23
4.803087656515082635e-23
-2.027420111896741477e-23
1.027153770739932215e-22
-2.820231428434369596e-22
5.959493958546215089e-23
-1.602536002376102194e-22
-1.153572137696120310e-22
1.167991014827547747e-22
-6.756970141022632659e-23
5.222847273911840782e-23
6.528852992743356430e-23
-4.635559437121890162e-24
7.888713681097272445e-23
6.568790557281502261e-23
1.251518948720148438e-22
-1.552434276221274079e-22
-7.981730430337178982e-23
6.956643648762984348e-23
-1.517620659397745817e-22
-2.640334814148486064e-24
2.877138481621054285e-22
-3.961198207610387925e-23
1.884231374073718688e-23
-1.465643989315023619e-22
5.214213359982439878e-23
-2.911218251168068865e-23
9.242538677308968258e-23
-7.464957412727527557e-24
-3.499747409237710538e-23
-7.719893781118435279e-23
-2.258413446971125475e-22
-1.412331591453977589e-22
6.097839444932776538e-23
3.351881770325234405e-23
3.362901536873263382e-22
2.301587711378593123e-22
-2.057866114620329701e-22
-5.555283689268392988e-23
-2.406236458282239090e-22
1.306683844696005281e-22
-1.443635328545553544e-22
1.612198980687406493e-22
-5.304352026860622553e-23
-8.027324041312818813e-23
1.423751329829730401e-22
-6.183502665783659669e-23
7.930974504556453349e-23
9.860223808014626996e-23
-1.047029371992317636e-23
1.107824850859196283e-22
-1.704080557589818891e-22
-1.526901376204649384e-22
-1.354712823837205756e-22
8.278370895485913682e-23
1.014330602666166760e-23
-1.516727119526164741e-22
3.299040537668097783e-22
-1.061917622158748058e-23
1.074838866272633904e-22
4.199196090215451261e-23
-2.368003227124221966e-22
7.174713401616966729e-23
-2.808895611887353079e-22
-2.099387829017809869e-23
-3.208791638960319085e-23
1.600891850800977676e-22
-1.721681481805510491e-22
1.547383666449990488e-22
3.096457686991424691e-23
-1.801752854093549870e-22
3.058668549167496285e-22
1.828204678908364685e-22
-3.923490182631739959e-23
1.552963590345902841e-22
1.957404056975756996e-22
9.037571945150793913e-23
-1.289560509591396122e-22
3.452463815303566564e-22
-2.260494999366422439e-22
3.092205045818545403e-23
-1.229296356539034357e-22
-7.775433752395895788e-23
1.909494137953992840e-22
-2.116732343880495317e-23
-3.290428988667911117e-23
-1.216061168916688018e-22
-2.020263390164985034e-23
-1.001210060987046813e-22
-9.603313753617783966e-23
1.557332522944024961e-22
-7.809645581990347973e-23
-5.440552819149762366e-23
-3.235854480199884901e-22
2.694274513366999010e-22
-5.141679784973245188e-23
5.412344856205472147e-23
1.596636367354539780e-23
-1.604401200090532179e-22
-8.939054668257788971e-23
-1.797115886127426471e-22
1.085709299055069302e-22
-2.107122452056249446e-22
-2.392485156571630856e-23
-2.481386288297925154e-22
-4.810270169169667703e-23
4.525152945900151050e-23
1.609147960502559306e-22
1.418927985096950224e-22
2.002733164179362727e-23
-2.090380247859205806e-22
5.090890841545516968e-23
1.478084175956000935e-22
3.863992358358459323e-23
2.382273396122052352e-23
2.022108424257086466e-23
-1.352386632278602215e-23
-5.700525462489559743e-23
-1.281347693750757169e-22
1.694553775011421456e-22
-1.553104085212954674e-22
1.779005668991874979e-22
1.826134287770056163e-22
2.510585327269122275e-22
-1.275722714667873807e-22
7.329704899042124424e-23
3.552134142949820210e-24
-4.996454727385064263e-23
2.193979597858197449e-22
1.179124212319550992e-24
2.086329791626602265e-22
1.056034952645973883e-22
-3.361291707326954403e-23
-4.450290729648816105e-23
2.434879018426131485e-22
1.508515298802677535e-22
-1.017081421416239825e-22
-2.543542844914115240e-22
6.650322592232956704e-23
-5.443955574525204512e-23
1.253064108963041432e-22
-1.379757731541081487e-22
1.260648760872454693e-22
-1.110222888276851111e-22
-3.257433113459462644e-22
-1.057441664237096725e-22
-1.729981672989180921e-22
4.199892071060784999e-23
1.519703119905649603e-23
2.816807781105252954e-23
3.375103908510412181e-23
-1.199807104393552644e-22
-1.030990697659389882e-22
-1.266980211953317588e-23
-2.806769437664953778e-22
1.405790801780379707e-22
1.773762492432596921e-22
-9.815342845465762518e-23
1.591846236963244732e-23
-1.470595427968247835e-22
-3.021307443102112690e-22
3.333571728768200625e-22
4.086218047372275618e-23
-1.869381521102793832e-22
-1.917848206252202677e-23
5.976376447589995472e-23
8.786132489971987102e-23
1.291234206320963320e-22
-7.260798950001267393e-24
-1.570368070329292239e-22
7.008953459536459114e-23
-4.239947578001309631e-23
1.289732767080600960e-22
4.489520231670036455e-25
1.201716507637995928e-22
-1.780808914261765109e-23
6.876338522790885281e-24
9.573556621624056402e-23
-6.627716916098484419e-23
6.954888666074104817e-23
3.127212373456310815e-23
8.223901139886028418e-23
1.660024803055506522e-22
1.186024721505170254e-23
-9.796131594951651480e-23
-1.607260731390614792e-23
-2.202068938894382834e-22
2.679625064271112687e-22
-7.862010758129057715e-23
1.203085038250312605e-22
-1.343677044407689017e-22
3.537733797935675785e-23
2.652739580321873884e-23
-1.491246601263197654e-22
-1.122972152980767246e-22
1.602594624626641772e-22
-1.080418686455318919e-23
1.137630416857731593e-23
7.076149711947536997e-23
8.706830887372539725e-23
-1.556429789514487921e-24
1.495575723860089743e-22
1.922484384539412145e-22
-2.227739933423276035e-22
-2.495020324848031578e-22
8.907409467338379832e-23
3.319476448131147238e-23
-1.948702812495767195e-23
9.652362083268913483e-23
-6.143072873089712522e-23
2.432972415290187450e-22
-2.893647620272335260e-23
-2.872207500090594874e-22
1.183486680965426209e-22
-1.805102169001076189e-22
1.070801883531957571e-22
-2.757767367880995272e-22
-1.397754621422044793e-22
-1.782794618742595504e-22
-6.851498092857550761e-23
-3.856407160996312441e-23
7.143385693369974263e-24
4.291460984448987624e-23
1.391204674022648664e-22
-2.191461005536412865e-23
1.914191511013208046e-22
-1.105073085125076422e-22
1.345569728312870265e-22
-1.131091778633909215e-23
1.176000321755414122e-22
-4.306333882382034722e-23
1.041386650767699017e-22
9.255082220155345931e-23
-8.163852427248028156e-23
-2.100521534898874322e-22
6.778770734674890839e-23
-3.806327794832025851e-24
1.182746263785065234e-22
-2.340843929700432106e-22
-9.288237131650452812e-23
9.123135249725588899e-23
-1.607075914003488671e-22
9.877350471180699484e-23
-4.076657089749127005e-23
2.102053291235282148e-23
-6.082124711774133525e-23
-5.344800348770417857e-23
1.469720373794401492e-22
-1.016365739649558030e-22
1.015939075431689072e-22
6.419595875790991879e-23
1.089733392173032805e-22
1.717109598859217184e-22
-3.649851636818847209e-23
1.583379497011837866e-23
6.432089666646579111e-24
1.035107128535621360e-22
-8.153178302946565563e-23
2.855970187379984551e-22
-3.198767962757297707e-22
2.635115016489333172e-22
4.318841574454485474e-23
2.095497932034585637e-22
2.559795436840732216e-24
9.795722907768644105e-23
-1.673968776688991774e-22
9.499993439153754559e-23
-3.373631780193766056e-22
1.683641442095373456e-22
1.141378466559111290e-23
-7.369873320886435202e-23
-5.844497333192980110e-23
-1.427738671033867156e-22
-1.066036455986252148e-22
1.977315082944032679e-22
-1.459890529813822967e-22
-1.715112452118983661e-23
-6.647470361589705355e-23
-4.363966503234683615e-23
5.605855554801623775e-23
-2.149731152437774856e-23
-4.955425462257489091e-24
-2.194984994390336089e-22
-1.114360480633198640e-22
-1.255042480209987921e-22
1.124414594184218148e-22
-1.471468833563603215e-22
-6.119732235646345536e-23
-1.374200760872048194e-22
1.368880477307595647e-22
1.511658742404664838e-22
2.830491230103476346e-22
-1.200873538350402820e-22
-8.433257395306471133e-23
-4.513929722242675653e-24
-1.210849711174560916e-23
-2.338892199208370298e-22
-4.268910988864566885e-23
6.606830529083707042e-23
1.471662593519779254e-22
1.853661533444163356e-22
1.680830244614150288e-22
5.847075318953552357e-23
1.908859692127984111e-22
-2.570834890419614239e-23
-1.119128588619240990e-22
-1.627225639030253717e-22
6.036030670399801996e-23
1.706019906575632569e-22
-2.577675138773177974e-22
1.124943774733790609e-22
-4.433103599851677246e-23
-5.115029562237080291e-23
-1.132624512208438218e-22
2.030163681317354008e-22
1.557873046420585398e-22
1.678830959082177759e-22
1.083030361536959582e-22
-4.562163645869548297e-23
-1.106481275028390847e-22
-5.619967622593496523e-23
1.295666137234656522e-22
-4.731716462394696385e-24
-1.802567160566872539e-22
1.444389094677176091e-22
-1.682047330906562686e-22
1.327798511649533549e-22
-7.785462694340095040e-23
-2.305203475781912757e-22
6.866983385086731390e-23
-3.073144295368446494e-23
1.860979189260213046e-22
3.021880844104233420e-24
9.834538885521003077e-23
3.526388536192927376e-23
2.076960824868521836e-22
-1.567757178854805872e-22
4.586348057549589469e-23
2.360777973411457826e-23
-7.204689690171970143e-23
-7.081326009360628772e-23
-1.849747016676688397e-22
-1.183262446356674565e-22
-1.214567080850964986e-22
-2.119241598156118907e-22
-1.319978442990305883e-22
-1.522368598848883641e-23
-3.739267483233622954e-23
-1.138946122599166093e-22
1.177763078451421018e-22
-1.380650494671519284e-22
-7.985908143708784559e-23
3.402970354078864348e-24
3.685889907067089725e-22
8.159390037385956921e-24
-3.370245389491050469e-23
-3.868840060822957776e-23
1.029886362136328734e-22
-5.632790984738057586e-23
4.168864272866677265e-24
-8.202172187835417097e-23
-8.812885231318032555e-23
6.851005842619810649e-23
1.913428622229412572e-22
4.173411526175067801e-23
-2.500546779499195944e-23
3.548205502225565097e-22
-8.626201094078965052e-23
1.443601955650949932e-22
2.518413401049630389e-22
-2.377809732696263310e-22
1.953301022365200663e-22
2.529520674760116827e-22
-5.331513762203928921e-23
-1.340643983333605098e-22
2.270202763025377329e-22
-3.256379450394897373e-23
2.200351642753408206e-22
3.714891698298177895e-23
-3.134000655252943939e-22
-2.100914525924794483e-22
-2.052988747546100750e-22
-9.701752720588665346e-23
3.650765718219199842e-23
1.386408194727025048e-22
8.721977224015756658e-23
-9.317315613971649871e-23
-1.750895843825355652e-22
2.633593775173777049e-22
-1.963706243067786504e-23
-1.724529869538709014e-22
5.718205396159632641e-23
-1.669523243409273784e-22
-1.419031843146608763e-22
-1.485940365636281496e-23
-9.223331823920979091e-23
4.087455666006765862e-23
-1.898900168484916308e-22
-1.337068352812901053e-22
6.075616655539219251e-23
1.423006558431292107e-23
8.536812652255687188e-23
2.032862093462129469e-22
1.028403458556252366e-22
-1.103995315152468673e-22
1.178524434586074314e-22
-9.890384970142576423e-23
-1.600900512987384663e-22
-1.241261804191803290e-22
2.143230927962301174e-22
-5.055497813550129164e-23
2.245301730546152586e-23
-2.564230709185690894e-22
3.663170698469160184e-23
1.376449789447681358e-23
1.545272622611005489e-22
9.668585673993914705e-23
4.929341267952434617e-23
5.882685389329768433e-23
4.198215008972311896e-23
4.139502525307677286e-23
-6.014556636559514967e-23
-6.611935460666600385e-23
2.168976819023236429e-22
1.277445387058356260e-22
5.757223359815645472e-23
-2.051803447377947307e-22
6.149745312833875738e-23
7.439540993948129972e-23
3.463163895343783884e-23
1.118761331523516615e-22
-1.840339892951199378e-22
1.596991982605399004e-22
3.651818890311425430e-23
-5.969468409310362370e-23
1.246844134261659150e-22
6.240029255899260572e-23
-7.351578379083793909e-23
1.175971923077846838e-23
-1.230452225970530655e-22
2.337803690216264517e-22
-4.514861935533998804e-23
-3.913247840496640800e-24
-1.514433098952680930e-22
-2.374630712476801811e-23
-4.199030297581737073e-22
1.245200099357270056e-23
-1.148207471569159641e-23
7.043096190800465446e-24
-1.074057893274729300e-22
5.743154977349929675e-23
1.906162917664446625e-22
-1.211337681425672399e-22
-2.965506782422846855e-23
-1.076161096826211009e-22
1.907633013023150850e-23
5.634665133225895550e-23
-1.261772821185747594e-22
6.016215997496906094e-23
-1.421648020634223686e-22
1.292172095166888478e-22
-1.684128522075516504e-22
1.030931885844888045e-22
-2.037394158856027685e-23
-6.373510573353574736e-23
6.326529984754835038e-24
-1.788304721238717018e-22
-7.327750300747665829e-23
1.922974413692598629e-22
-2.395763019868667792e-23
1.274589897307466407e-22
1.051161218704724071e-22
-7.702641771426969925e-23
4.343466123962800887e-23
2.381511316627970746e-22
-2.292984710947661577e-23
1.542136622618668016e-22
3.797544816879543242e-23
1.161691749437930572e-23
5.287243156044320004e-24
4.456433587084189075e-23
1.230945345995676204e-22
-2.851660683402253033e-23
1.662763316689891201e-22
-4.159665343808533498e-22
3.663229126949833059e-22
-1.235776632078467232e-22
2.521622314544232775e-22
-1.191492881360898897e-22
-7.783459319877213189e-24
-1.914523575912023134e-22
-1.437538394335979902e-22
8.901590427385077572e-23
9.024449954291849862e-23
-1.732369440721819211e-22
4.575447772527054072e-23
3.031673743848550297e-23
-7.707600798842535271e-24
1.133629701343674343e-22
1.047434686762053221e-22
-1.479253031588278148e-22
2.297129715522621849e-23
-1.533717736595134243e-22
-2.393905107909798148e-22
-2.165030064265771384e-23
-3.665135939748941734e-23
7.336144013733228845e-23
-2.628236529083316087e-22
-3.664640619395916328e-23
-5.081218407714361922e-23
-7.510213978630726572e-23
1.217521652018563550e-22
1.953933234704894843e-23
-6.126502457013886640e-23
7.087347311710783323e-23
1.603072879419093159e-22
3.528543378570749924e-23
2.965472485085399007e-22
-7.455284771492018772e-23
-1.010564554604775705e-22
-1.216867813508501659e-22
2.634419546653890465e-22
8.282652884781559262e-23
1.872087116118490865e-22
-1.419205805124053200e-22
-1.921164387178006812e-23
-2.015600396716316906e-22
-1.255871636787928248e-22
1.445269490653914802e-22
2.217349223519043632e-23
-9.773922548234282544e-23
7.663253085193612056e-23
-6.905290410522758795e-23
1.816189450529245697e-23
-3.924201425994575248e-23
8.171174939018999024e-25
-4.898113947599217255e-23
-6.046263557028292586e-24
9.092359916494887746e-23
-6.043722960881420058e-24
1.172606981341173372e-23
-7.216693596060788200e-23
1.555872058729377875e-22
7.358008450842436552e-23
1.194059583201488737e-22
-7.905742068869651760e-23
-1.264536398643222647e-23
1.236927824598718788e-22
1.160165595740932396e-22
-1.766056577379525359e-22
3.771327365263469371e-23
-6.703691626491372562e-25
-9.055632852387328808e-23
-1.680269828373389428e-22
-1.765739287809124888e-23
-1.293366117820970231e-22
6.896210876115974085e-23
-3.365658150454838304e-23
-6.346228712928487985e-23
2.551926354457916941e-22
1.446380058187107973e-23
-6.566211854521744286e-23
-5.185672266921209048e-23
1.152951858698126622e-22
-6.608320271185992880e-23
2.974861235142961552e-22
-9.332740235277565185e-23
-8.638207900177152551e-23
-1.071234496874065077e-22
1.900941166745843312e-22
3.190349516173860207e-24
-5.216163079111374783e-23
4.061036021685556066e-23
-1.102104582832400016e-22
-1.974013924251780504e-22
-1.803529532119419564e-22
1.049602806576951108e-22
-7.309854081714465962e-23
2.633638866038203900e-23
-2.215671085156778519e-23
-1.310532230007224946e-22
1.850750938520865564e-22
4.429901530568931365e-23
-4.314606316689391681e-23
7.804443992616069154e-23
-4.697164891456482297e-23
2.155772905851653484e-22
-6.200389714597179636e-23
1.267336211659331111e-22
-2.165278163635082445e-22
2.941861326066837535e-23
-1.169950760826840566e-22
9.024379436014846178e-23
2.221872865301937325e-22
-4.155016096662265068e-23
-5.440555911329056642e-23
1.329943299915917656e-22
-2.048615260414053339e-22
1.332177923886617474e-22
1.523053282069539068e-22
2.088500600610811158e-23
-1.155126641983969058e-22
1.049926344313630539e-22
-1.892438758539011268e-23
-1.134652632736959716e-22
-8.011778456105753829e-24
2.827746525016501326e-23
-3.164800591230350051e-22
2.200548859732273974e-23
5.764131305004655377e-24
-2.171430838107917177e-22
-1.073202290928849399e-22
2.173485209718728565e-22
1.460804021964107857e-22
-2.137225980250712109e-23
1.696934142665295086e-22
-5.127786270808982182e-23
-7.588577409164992055e-23
1.115221198826092042e-22
-1.145022655830596860e-23
2.136910914093724816e-22
-2.016375647415131437e-23
4.510517058301896699e-23
-8.517501844550489986e-23
-1.098720297152740668e-22
2.010308525971510011e-22
7.673333828043994894e-24
-1.422002426842188790e-22
1.132873507702930961e-22
2.990992173968532542e-23
2.882038940880280250e-23
-2.416614194593521302e-22
-1.071395896833405669e-22
3.246742810884839870e-23
-1.008550467715661769e-22
-2.062036442545337559e-23
-9.664822818664259916e-23
-4.567053069410324847e-23
1.105290366538901249e-22
-3.617513836734504090e-23
5.279341054307127867e-23
1.404921271847364675e-22
1.818762670883346040e-22
-9.826201469291367032e-23
1.663681839613451797e-23
4.253960498631017967e-23
1.760041512454140142e-22
-1.437439138631467869e-22
-1.359162998730341132e-22
-1.913213818178567519e-22
3.181215760963315405e-22
-2.712807454204254567e-22
2.082393776922781755e-23
1.268225017612431909e-23
1.849608835748629539e-22
-6.983418130750634421e-23
5.191242933015440800e-23
8.339001284256437110e-23
-3.316997708988600445e-22
1.390618301754076901e-22
5.209113296582460593e-23
-1.083300976752885934e-22
1.380212799182984361e-22
-4.853367156609531474e-23
4.287907060986294717e-23
-1.835816511038968041e-22
4.494211432084203356e-23
2.130050396742038818e-23
-2.391573369799391884e-22
1.694004144543356167e-22
-2.059602340674255289e-22
-5.084014122600839815e-23
-3.281070594508957564e-23
2.234095662407739146e-22
-5.510513703689799714e-24
-6.037746484496259291e-23
2.274869769454059015e-22
-1.062371735415074569e-22
2.217296494903947074e-22
1.704348719972183186e-22
4.327652674591319244e-23
6.942567985044284391e-23
-1.041784265760726252e-22
5.234989013172654565e-23
1.111123453110689357e-22
-2.184492926956786825e-22
1.679370426695326491e-22
1.558095772638671712e-23
-5.128617323227661590e-23
2.407349591984512256e-23
9.882068647399648338e-23
-2.371702214380778717e-22
-1.874905509192295792e-22
4.150376566667051392e-23
-3.018737882781574443e-22
-9.424962656900497079e-24
1.573421200356368209e-22
1.422004433652491008e-22
-3.074267346905151333e-22
-4.823619738549272488e-23
4.729346754966962544e-23
1.430463739299306394e-22
1.748033875586104184e-22
-2.422714233844279771e-22
2.499794717767673726e-22
-1.524580206565073687e-22
-1.724877861305130906e-22
2.489944877844194812e-22
-1.645899696194878529e-22
2.939526206703477699e-22
-1.571214817012150200e-22
5.113111270502977410e-24
6.074410923437375352e-23
2.080541345943662122e-23
7.028909699554292806e-23
-1.415004724214464653e-23
-7.660511091365565168e-23
2.051161366880836260e-23
5.719188804625476978e-23
-8.669207964037547976e-23
7.100931034940764117e-23
3.051040369998963654e-22
-1.963373221447350587e-22
1.197589670901692533e-22
-6.584811981401898950e-23
-1.512460370836265168e-22
-7.620176618853491378e-24
8.959540008977670594e-24
-2.179399007879119150e-22
1.521317992011341975e-22
-1.993596772327519234e-22
1.341718015648438604e-22
1.140948026243371888e-22
-2.775180742380521097e-22
-1.227471591860970069e-22
-2.771833883369134099e-22
-3.177606264601098869e-23
2.361516282668259169e-23
1.830051281841803652e-22
1.359114239037874037e-22
-5.849995569613976614e-23
1.841635991228362918e-22
-8.969204946569237673e-23
3.512665750012548701e-23
1.219815613005633103e-22
6.461591702498529312e-24
-4.681086442457495562e-24
2.704422668451515184e-23
-1.394759102800334634e-23
2.144126211904976883e-22
-1.937609822478797468e-23
-8.680591050444940823e-25
-4.147686336054253892e-24
1.356910277009667714e-23
3.050143236053912282e-23
-5.992067340353890423e-23
1.647634818794820657e-22
5.588415658587718501e-24
-1.110742500668226188e-22
2.100105555732714802e-22
-9.519774775616188250e-23
4.438012992216475696e-23
4.450654099028491687e-24
-8.990839965834625873e-23
1.572554362270732189e-22
-4.395909045949294586e-23
1.298193035996499743e-22
4.393954900615513897e-24
-6.403384785381019288e-23
2.252099710595659115e-23
-2.708539101121098241e-23
-3.455354189922258333e-24
6.032778666328134337e-25
2.389669262937213916e-23
-1.612591605016534665e-22
-3.479220495931972515e-22
1.096589874799643322e-23
-1.407331089652331701e-22
-2.157070148488881060e-22
-1.622274614374877449e-23
-2.188338352927622937e-22
2.571851390547173791e-23
-2.016088219799558149e-22
5.711969735533646103e-23
1.449432177566076279e-22
2.419234777694560291e-22
-7.318199106470895290e-23
4.321713531815347083e-23
-6.035797535700050621e-23
1.046035816280073304e-22
1.231802320157067040e-22
2.451542849732990204e-22
-3.759346143950860911e-24
-4.221890730890594070e-23
4.635775646843895222e-23
-1.288737911123007791e-22
4.834266476642819802e-23
-3.125396093473506776e-22
3.015771032028635124e-22
9.780055028202898853e-24
1.511499070113470555e-22
3.034646808620601959e-23
8.012664663127798156e-23
3.749251197803438815e-23
-3.976328526982236030e-23
1.129622742308802941e-22
-6.555528064501983794e-23
1.419799811428235289e-22
9.535446010461876836e-23
-6.135667578034689368e-24
-2.960310861662521365e-23
1.298010884519331955e-23
3.454102338359362118e-24
-4.597789723171790210e-23
-2.628250774148265475e-22
4.577930698579709348e-23
-9.398291388677284468e-23
-1.273942469453019201e-22
6.474411220312044260e-23
3.112254282211398293e-24
-1.807860491103905094e-22
-1.303919651666981531e-22
2.458700598025362646e-22
1.162588036248786516e-22
-4.751764004688993960e-23
-4.753204960379085666e-23
1.643599770547396725e-22
-1.480012686221710915e-23
-8.040868178558519881e-23
-6.717604612959459467e-23
7.143006450526444896e-24
-2.496281690751510807e-22
1.934791980459825668e-23
8.376433466286923120e-23
-1.388342596355296479e-22
2.066878516832241829e-23
5.680872253935741811e-23
1.748928404598032219e-22
-4.032980337756734313e-23
7.682003872643404499e-23
1.979401892818336705e-22
-3.038529686201001493e-23
-9.658544942979041297e-23
3.385857803813104193e-23
5.879195421362589216e-23
1.449123094564993133e-23
5.905032729297727498e-23
-3.092211914265020454e-22
2.717423943904706977e-23
-2.118966311616276410e-23
-9.609443864576220599e-23
1.750316724534839766e-22
2.517229594550424764e-23
1.114199285944939450e-22
5.269107526846130517e-23
1.407547876295343678e-22
-2.241678524073860778e-22
-4.303577720969630693e-23
-1.433605102313105698e-22
-1.560992734987543108e-22
1.001290387101814760e-22
-1.416865250547615780e-22
-1.082210597916502540e-22
5.733040239922524608e-23
1.937563809036997006e-22
-4.741099596801821409e-23
-8.280932305405578750e-23
3.416515125283770861e-22
-2.477491583104099577e-22
-1.152956838470402844e-22
-1.192555354347532850e-22
1.082739583537729462e-22
-6.499075057314507455e-23
6.119210710893894191e-23
1.145581490046183418e-22
6.349387128740962068e-23
1.461513498011665303e-22
3.474258823877386044e-23
-6.266661063541716379e-23
2.459219959471157048e-22
-1.226786421606858340e-22
-4.898274007877649063e-24
4.029886687950560288e-23
2.230157773031011331e-22
1.026608017171895384e-23
-1.181167746036519068e-22
1.487654705092264586e-22
2.286603311739465393e-23
8.920217779975566362e-23
-1.718092886480579652e-22
9.006747308214659508e-23
-6.119701357917411549e-24
-3.990004506855563536e-23
-1.588919787673590327e-23
-2.196614166612968962e-22
-4.592216938105874664e-23
-5.146160481147775003e-23
-9.521133803451050604e-23
6.130250925912383399e-23
-1.714813865164900240e-22
-3.040560784277601453e-23
-9.215306995131548296e-23
-4.444869463499547743e-23
4.358973164319863556e-23
6.421559120187908917e-23
9.972735217540784797e-23
1.248916013448342385e-22
-6.064006154041656952e-23
1.539489577709779160e-22
-2.710868867656350874e-22
1.048446208722843662e-22
-9.608661476827539349e-23
-1.710522777715975389e-23
-2.401034308212665341e-22
8.995642937622966966e-23
-6.342005154706166342e-23
1.574211592230741675e-22
1.915936124665810421e-23
9.081252576518267202e-23
8.204778948718694056e-23
5.535874448768098348e-23
8.702918813808882826e-23
3.131843940119132867e-23
1.140612816760256643e-23
-2.534571298522976776e-22
6.729590791704948344e-23
-1.993885654401127589e-24
-2.467619323347650322e-22
2.092115839286075593e-23
-3.228948253034088511e-22
1.182712046306007480e-22
2.499930199845862489e-22
-4.929033671168394029e-23
1.359838269279460910e-22
1.387401593373647897e-22
-1.902805263689264239e-22
9.993887019887614875e-23
-2.585424044498901401e-23
-9.388037573006831340e-23
3.828491348830093828e-23
-1.314158332384507532e-23
1.563560155160624319e-22
-3.198684372488105742e-23
1.021563284784497114e-22
4.311870438001851745e-22
-1.244220679190646157e-22
1.681746485451479245e-22
1.041816610415781497e-22
2.734951702242224864e-24
1.398829934722523674e-23
-8.487535650922905476e-23
-2.298919526796165757e-23
-6.972800966572240748e-23
-1.124969434089473969e-22
-1.065978583474488599e-22
-2.546614647870738677e-23
4.526501838740092549e-23
-1.773539126092306300e-22
2.571700966219602880e-22
-1.051808459920547552e-22
-4.139854667383735670e-23
3.145034211577543297e-23
-4.420450503006339582e-22
-4.755672969705103210e-23
-1.378746881464038267e-22
-7.165867093857601099e-23
1.343261700967034398e-22
2.535716808860631168e-22
-1.499132711667732274e-22
1.241337612512722585e-24
-7.224932104534741977e-23
-1.535180761982424525e-22
6.633134437032631199e-23
-2.380488953291150447e-22
-5.580006573615588767e-23
2.066597828386868132e-22
4.606450321657176672e-23
-1.229005877106965031e-22
-4.891017470917376558e-23
3.483593352371630597e-22
1.424376669226458943e-23
-2.651227502214353999e-23
8.457379718005527555e-25
5.225845052571540798e-23
6.699832349890316356e-23
1.216729971223163324e-22
3.336569432036383790e-24
1.854965033477038162e-22
1.307815038210810454e-22
5.444655481953755271e-23
8.992633542515329410e-25
-2.099885037905696529e-23
-9.305614120374988901e-24
-1.661050452052350515e-22
1.541066087457093575e-22
3.113444067446608751e-24
1.023812646024862643e-22
-4.064893932163627979e-25
-2.562781822074959848e-22
1.872845910624334394e-22
-6.183425614436062537e-23
1.510265870132105024e-22
-8.884576910607642217e-23
-2.077993890678610302e-22
1.029957899002223568e-22
-1.750368602964448379e-22
-1.569562171956883082e-23
-1.892734498512868572e-22
-1.356855975527904090e-22
3.101068038590416893e-23
1.683692834693779306e-23
-1.981306568775667479e-22
9.936553284266324533e-23
1.545598260888627160e-23
-4.590608318195103384e-23
-5.409453105203869921e-23
1.263567922508345610e-22
7.557402122324546496e-23
2.217193651671252237e-22
1.054131338509795788e-22
-1.991447677317311812e-22
1.653426685528732243e-22
6.459602621822354106e-23
-5.285572624346868062e-23
-2.126543988422362876e-23
3.504306983758780233e-23
-3.040135877217239451e-23
3.477412722636936380e-23
-7.398824568833627630e-23
-1.598808401740634445e-22
7.959213894582694260e-23
-1.121979954824202628e-22
8.927407183114719927e-23
-6.236932121579127951e-24
1.427052720151234932e-22
-4.598684661526242044e-23
1.180091686296894079e-22
-2.527030038278285274e-22
-2.623700689885693807e-22
1.765430800471316551e-22
-6.013037044977837327e-23
1.319090089200989040e-22
7.802342384522408055e-23
-9.796761347348694695e-24
-9.101001819460933713e-24
8.869757208010761938e-23
4.582750028696592612e-23
1.323466500506737850e-22
3.543118686274721980e-23
1.398852223936477456e-22
-9.196736119316727595e-23
2.634129894284185336e-24
-4.909025964509527864e-23
-1.099903941013397546e-22
-1.932551587182956964e-22
-1.948916546201674966e-22
8.125172547716700896e-23
-1.147695702521147050e-23
1.104891752399545404e-22
-7.835899358984109345e-23
6.176710764076975648e-23
-1.659157754659168576e-22
-6.956288487515929547e-23
5.845009584390622976e-24
1.311738567786937684e-22
-4.462045181041976084e-23
-4.738093412954831555e-23
2.076655659612400155e-22
5.299725701150514382e-23
1.801526692476913059e-22
-1.996467935344793175e-22
1.631298535820155996e-24
-1.230363820793476067e-23
-3.425940743623629899e-23
5.361736202781429173e-23
-5.609827645271605841e-23
4.136118116317496562e-23
1.151965422858035063e-22
-7.566322971330233870e-23
2.638153350890154521e-22
1.431796657147597318e-22
-1.089757221351272311e-22
3.321235996016874483e-23
-1.304713718458480193e-22
-3.693024690138417917e-23
1.509180234559664116e-22
-4.148831577173609467e-23
4.318466642949079428e-23
-1.015662411319935102e-22
-2.789303000812341185e-23
6.301272886271233433e-23
-2.602888231761823683e-22
7.576058091440400712e-23
-2.641971585269942398e-22
-6.342761687789469517e-23
3.654349005131160521e-23
4.523205978777889525e-23
3.638812383284588173e-23
-5.842828126235266752e-23
-1.089104632514497249e-24
-2.655022982962329625e-24
-1.792726732967710108e-22
-3.815796352621188634e-23
1.534076733432099300e-22
-1.774569071468080382e-22
1.280171974696516565e-22
8.686706550262347174e-23
1.309563534853953409e-22
1.447427196408621603e-22
-5.842284424065000063e-23
5.255117521145789097e-24
-1.376625261812770065e-22
-4.419032955817048068e-23
1.193367096724185642e-22
1.053091944386312992e-22
-4.837836147433373059e-23
1.006066967230002841e-22
-1.269797105777596493e-23
2.714507033550449874e-23
7.236538964888409542e-24
2.526200326944996475e-23
1.854469751635351555e-22
-9.784685293689410165e-23
-1.513623366615116878e-22
6.280505387227073115e-23
-1.775131583778238355e-22
1.282211997748227403e-22
1.584963777566536063e-22
-7.854849331485499093e-23
-7.911634942176404383e-24
-9.786217133468191032e-23
1.235439559192526922e-22
-9.271738349414784341e-23
-1.020502757326284015e-23
4.106685284874556103e-23
4.967534570729980011e-23
1.988118198517626744e-22
-7.534341072017392491e-23
-7.155407534585281388e-23
8.068522437111499761e-24
1.279360255875830285e-23
-1.157315190954620100e-22
2.339914997895912353e-23
-4.415534056742683076e-23
-1.211365404018236009e-23
-7.058229246189683550e-23
-9.820190938122332341e-23
6.525577314892996995e-23
5.861617312822918242e-23
-1.889711010714247019e-22
-6.461359964667132596e-23
-1.513480494410006774e-22
-2.318242734466074032e-22
-4.190983846986375943e-23
1.404713574557836121e-22
-7.360369721101928680e-23
-1.055862253140203213e-22
-8.804892584681425872e-23
1.478091631899245004e-23
4.898358713497886790e-23
-5.819049780160497757e-23
1.574132755704963797e-22
-8.253735863012524359e-24
2.274159606914795890e-22
6.400196508153415337e-23
2.911575936042865681e-22
1.872354698199741979e-22
-2.816152939839170034e-24
6.618093596573105561e-23
-8.781337684889546011e-23
2.651016496443108372e-22
1.141889086244322221e-22
-6.642522668072743389e-23
-1.476616016168406196e-22
-1.370844071735520279e-22
2.784050600471993891e-22
1.390610457737250075e-22
6.768944658562079314e-23
1.795918548012710162e-22
6.598708795854111525e-23
7.866686095977745124e-24
-5.479670966890923285e-23
5.693172468648307490e-23
-2.000209815171126223e-22
-3.253068745658199484e-22
1.421007364268230289e-22
-1.918418955207802555e-22
1.920457224215168748e-22
-2.449463255568078286e-22
-1.791349987863862727e-22
-2.440392261630054671e-22
-1.399691614481749299e-22
-6.173620037718753397e-23
6.105914705120367870e-23
7.234480097073854880e-23
-2.922941438653092011e-22
-5.655644372948678631e-23
4.512429209294362252e-23
-1.643978411193548854e-22
9.965597103127534726e-23
-1.208528741413826533e-22
1.829267610781919558e-22
-8.062729998405277998e-23
-6.898970208979417336e-23
1.349078542318500043e-22
-7.370846694956763555e-24
5.933599288547903738e-23
2.145323007883551643e-22
-2.128774441512207826e-22
-3.787039550792524509e-23
9.814685766307483506e-23
-4.124933361411772387e-23
1.576521748970173796e-22
-2.115522706121293895e-23
5.036874148990385416e-23
1.738080700301773705e-22
-2.743415001324501206e-23
-6.608721186167405646e-23
8.484673261971485302e-23
1.330678206284465230e-22
1.150510722588433463e-22
1.123153867623281316e-22
5.448805697105052025e-23
-1.625707494258919542e-22
8.320501874663191299e-23
-3.556770242648914337e-23
9.337733198145075600e-23
-8.354368582325030133e-23
2.529241961063262016e-22
1.298932108647849297e-22
1.094099556662921626e-22
-1.010573757464932980e-23
-3.629547824939931807e-23
1.640668429614093777e-22
-1.966090192062884150e-22
5.706319923286740336e-23
-1.461081866019440194e-23
5.725330459436027795e-23
-3.476511907826407159e-22
3.063077076081400304e-23
-9.972081934595058580e-23
-1.957233068989274821e-22
-4.025784593373177387e-23
-5.371223475091067475e-23
3.903502275020594552e-24
-2.779031300899154509e-22
-8.069240265335944763e-23
1.924865915192541895e-22
2.457608388730939724e-24
7.855549149818184338e-23
8.061179137177269044e-23
-9.672344800493898180e-23
-1.026696788591472169e-22
-2.492704513002231729e-22
7.454318014957631455e-23
6.524792286479067849e-23
4.353185267393369566e-23
-8.935716088397419206e-23
-4.712367506692914287e-23
7.609693100598880074e-23
-3.103362774724869095e-23
-1.706939617152620985e-22
-1.054438872228279867e-22
6.405100957996676694e-23
1.359692732340275383e-22
5.391888316801454996e-23
1.920206881461198565e-22
-7.151690233351721157e-23
-4.185161259268175597e-23
-9.458789689841044413e-25
1.241035558170998905e-22
-9.697901489365954108e-23
-3.885905421475646587e-25
1.192191692269937769e-22
8.444272060551720342e-23
2.369862784425894725e-23
-2.615448464199255362e-22
3.223536114554226897e-22
-9.848500634425269508e-23
1.151942989309128859e-22
2.984808367753058259e-22
-2.121168058628019847e-22
-8.072713571680322592e-23
-2.436389159025293457e-23
-1.257854052979012087e-22
-6.277595986599518348e-24
5.289003587644452792e-23
5.744622682454115808e-23
1.628750244170196150e-23
2.805395598255758009e-22
-7.529736948371662681e-23
9.327453162800286913e-23
9.565329575776736188e-24
9.774009210458528950e-23
1.371925832140078902e-22
1.400097620557922677e-22
-1.390269974204756135e-22
-7.580449026851898993e-23
6.496659320755301635e-23
1.409475382282872416e-22
1.020027912091513617e-23
-3.965845590297485635e-23
3.407354442073117111e-23
-2.395631370511143697e-22
-9.108252358612447370e-23
-9.477083327727881856e-23
9.212090111602316434e-23
-1.601340440615576051e-22
3.936124221174111055e-23
-2.940370280085569383e-22
2.093229606415134255e-22
-1.979082679597152437e-22
-1.588876296970925330e-22
-2.678019909243157842e-22
3.888940543276573643e-23
9.831633671382399502e-24
-2.234452507215864431e-22
-3.695066349278415661e-23
-2.584289931755816583e-23
8.751016036479847262e-23
3.628385626016136601e-23
-8.153878372979079909e-23
9.303465180879868078e-23
-5.041705603422764459e-23
-1.969428704859688658e-22
1.163132434867513242e-23
1.246530009567052582e-22
7.173762241927108335e-23
2.118364952404459759e-22
-1.450495945824174070e-22
2.423611909463737101e-22
2.316070644607888554e-24
2.043063651400698031e-22
4.431401140427020079e-23
1.409554685878747162e-23
2.267537971513105868e-22
-1.508598912627005407e-22
-4.927681185951862284e-23
2.662912402669008665e-22
1.314209089345243299e-22
-1.626443810465124767e-22
-6.096041831397431281e-23
1.330124111391363561e-22
1.384307888492404394e-22
3.857758560785142062e-23
1.222938926942280940e-22
-7.971226014729922743e-23
-1.674650306112493294e-22
1.312372830316330709e-22
1.636196141047066659e-22
-1.364463197236624127e-22
-1.305629862253096127e-23
-8.336518128095403582e-23
-2.258087269676043394e-22
-1.901604890674905069e-22
2.003183273242723939e-22
1.307491265908365650e-22
-2.060069338171824599e-22
-1.833620210343516834e-22
6.649959813984055309e-23
-1.236222938043296510e-22
-2.393663972101012309e-22
-9.256831986875995136e-23
2.084056473462001006e-22
2.530170322515192665e-23
1.877070891731697719e-22
-3.738253603345169378e-22
2.071571968065260528e-22
2.223937009652181822e-22
-3.614931190435218215e-23
1.271748934885567035e-22
3.937605851920931210e-23
2.755425920117148495e-23
-5.923817707707842911e-23
6.977883292161589363e-23
-1.372754458582574738e-22
-1.293282297871240580e-22
1.881564837357027222e-22
-1.564138607580131243e-22
-2.903029898342763803e-22
2.983069730434995818e-22
-1.455340847754421209e-23
-9.107656891946326881e-23
7.836047874998739460e-23
-1.976951958953068113e-24
2.265780224884110748e-22
-1.240905808232583265e-23
-1.081655633512825295e-22
-1.205153921692035135e-22
-2.169036557471344271e-23
-2.725509402096194309e-23
-5.319655591812790420e-23
-5.574459503964485276e-23
-1.388692283189523675e-22
1.654830444307635599e-22
2.776200904380385685e-23
1.316362684899116317e-23
5.812495910019154351e-23
-1.168803394884635537e-22
1.989673807909460288e-23
9.842843654408723280e-23
-1.137929925818597848e-22
1.398596550650687087e-24
2.015847509680833511e-22
-2.084090955501709418e-22
-1.017920868562098688e-22
1.912291749878242043e-22
-3.912443630826731510e-22
3.118144709941768190e-22
-9.928227924617546095e-23
-1.363252088630716280e-22
1.248298665425341450e-22
3.058204300203269983e-22
-9.051309523490204353e-23
3.998122936569625257e-23
8.173685299422449706e-23
1.783719745924289353e-22
2.048203997816589289e-22
-1.068006712396916681e-23
-2.218479493106822363e-23
7.491546832033000416e-23
-6.511264301344269656e-23
1.254560008820961334e-22
-5.411320288851777314e-23
-3.783473030905814733e-23
-2.144150701324836644e-22
8.158804190028351353e-23
1.237656377102931739e-22
-1.301290568460551092e-22
1.680680781774828330e-22
1.585254107380108548e-22
1.123613056306745200e-22
3.849112885827000783e-23
-1.699125534625654098e-22
-1.511814759858385016e-22
-2.013628580568030460e-22
-1.371932069387317085e-22
-2.077811134178991240e-23
4.193466401825072814e-23
-3.221535116308536070e-22
-5.087258749628600337e-23
1.492117024568795787e-22
-9.939150839095521330e-23
-6.544891878458704880e-23
2.817971232563661859e-23
-1.333377168810812133e-22
2.966534610531659504e-22
-1.313003991135673136e-22
-1.478317466943579273e-22
-4.363628106278055668e-23
-3.964170658604071669e-23
-1.666289294335589572e-22
-9.691437538286867339e-23
1.304180456003215796e-22
-1.418570065250415779e-23
-5.403681500679763881e-23
5.106174117768447201e-23
-3.701979254204410092e-23
3.025911824469199717e-22
1.331728347470358608e-22
1.873325355082748854e-22
7.422649040989538075e-23
2.208183010112349729e-22
-1.646956900724898223e-22
1.615654416616239538e-23
1.306801948624131235e-22
7.474558268125211618e-23
-2.306132520659182027e-22
-1.269148099063517443e-23
2.007433803490697833e-22
-1.189257998656210607e-22
-3.364952934491284849e-23
7.551430650991427100e-23
1.569371734891182242e-22
-2.222968780812431481e-22
2.653737515069404009e-23
-2.017933328254826997e-22
-2.480823677078648192e-22
-8.957568165680489412e-23
-1.010542517637749488e-22
1.244210932123514552e-22
-1.657551930548465835e-22
3.624409523588024724e-22
-2.177243939145077627e-22
3.767069291427224751e-22
-2.110822587846078069e-23
1.788081296989422125e-22
3.892828794275798093e-23
9.594986696940562869e-24
1.679446426102363203e-22
5.403383121560568468e-23
-2.095945107994867335e-22
8.604439798593431765e-23
5.220784664791952789e-24
8.626827084561218550e-23
5.062933982382609147e-23
1.118467893572153829e-23
1.528073207306188204e-23
3.071598832000931518e-23
-1.372970038862813955e-23
1.916270561416227879e-23
6.919277686609022341e-23
-2.600015896829485413e-22
7.760463909589134253e-23
-1.735817949415938188e-22
-1.262603493151337143e-22
-2.639409318055257786e-23
5.644114138298098579e-23
-2.803240733392150760e-22
5.851120478796296182e-23
2.320308639645063849e-23
-1.804902434841536528e-22
-1.763801450375900708e-22
1.552383924163934414e-22
-1.753301514681183559e-22
-5.536622636338996351e-23
5.640613412885696670e-23
5.522359859323411418e-23
-7.261458347740187356e-23
-2.115757327332246708e-22
-1.449178600295725246e-22
7.095737734960212993e-23
2.286007665896107742e-22
-1.235755061337326991e-22
-2.202748445423202539e-24
2.202445058178147357e-22
-4.583570783531727781e-23
-1.495107513377083971e-23
1.614163146051124708e-23
1.471830919972175972e-22
2.084067034261721654e-23
2.654719729851893915e-22
1.247321657779028106e-22
9.452202046032739679e-23
4.895726798325609634e-23
-1.692033813047404813e-23
1.182114499816924421e-22
-1.178063502170821536e-22
-1.349127061222347435e-22
-1.224017722357290414e-22
-5.704840568308276347e-24
-1.687939415478728828e-23
4.644404673609408535e-23
7.804279226819538102e-23
3.079945306584207193e-24
1.049140064451946244e-22
8.746939446253041001e-23
1.339030592211217504e-22
-8.737616756791238044e-23
1.706414044162223770e-22
5.104777457411671142e-23
-5.211624248982667447e-23
1.529465407126209526e-22
-1.937811869092120145e-22
2.004969170414073273e-22
-1.518570461125283150e-22
-1.059687433750089192e-22
4.502978695311986044e-24
-1.514422387786099304e-23
-4.444795805122134307e-23
-7.954495759115831756e-23
-2.366137586242107906e-22
1.005429071524901810e-22
-9.172609258736425158e-23
-7.475883554586132407e-23
-4.656066176820845219e-24
-1.540377594706935313e-23
8.195467891688678315e-23
-1.332688704500396333e-23
6.548840115442377189e-24
-5.809789943360690564e-23
-1.173980790856096770e-22
-1.869194732133885408e-22
1.666290555783754648e-22
-4.659502066261154792e-23
9.826979400493085470e-24
-1.169670823890037101e-22
1.054925362238211362e-22
-1.932469783125330236e-24
-2.124092678960354214e-22
-2.052915355911455507e-22
-8.672639386631962025e-24
1.202741380531884280e-22
4.470596402129749558e-23
-8.717039438998919777e-24
-3.998168700445866361e-23
3.911532328487278202e-23
3.434490304718624697e-23
1.623820256091997281e-22
8.974029202333692882e-23
2.558129363509812538e-22
1.222697075691386823e-22
2.732571303360394475e-23
9.046217462206741534e-23
1.617857756910526075e-23
2.765025027927110685e-23
-2.429607140842486480e-22
8.947266055678571797e-23
2.084275674302901030e-23
-2.034051515177053997e-22
-3.539451871476114140e-23
1.082873430848563356e-22
2.711660822820290042e-22
-3.976870157567724528e-23
-1.248188893303606213e-22
1.194404583980058249e-22
7.260807994832727364e-23
-1.721472793309570120e-22
4.031347532447307004e-23
4.825828865797752151e-23
1.857319055093068923e-23
-2.538549343835429509e-23
6.678418070265434571e-23
-2.078207656901071840e-22
1.458878031811753616e-22
-2.658584451516416576e-22
-2.309499799011778600e-22
-1.309793218662272748e-22
-4.907455030491500417e-24
1.288839886228819320e-22
-1.549144066817135636e-22
-1.047233009899914828e-22
2.606513231959440734e-23
3.251920416324353312e-22
2.423914363320251366e-22
1.992189841650051029e-22
-1.651694358539783561e-22
1.178471870222457095e-22
-1.530596669385177882e-22
2.016368422721892215e-22
-1.173740526023772867e-22
2.705718447751816003e-22
-9.763673493255353512e-23
-6.492658509471253202e-23
-4.609157928911659733e-23
-6.216263888287222871e-23
-5.878898454070304339e-23
1.306669732189658469e-22
-1.333405051564684667e-23
-1.240640445879314751e-22
1.792315669754644533e-22
-5.637712432651667218e-23
-9.229226816538786017e-23
1.376686413835313845e-23
-3.333735618497850229e-22
1.878380054373324649e-24
-1.417445630824922966e-22
-3.125376450056211888e-24
-8.707767149971719371e-23
1.920366298345025178e-22
-1.401512574501334351e-22
6.455887147353857326e-23
-5.596090799715319769e-23
5.895270600850353942e-24
6.233144569854727698e-23
-9.628794425658788492e-23
-1.073972748372459557e-23
-2.150520951743740430e-22
2.608485986176712442e-22
-6.425540151091452463e-24
9.650370846518369103e-23
-8.282938592141220918e-23
2.403759226799281133e-22
1.631252777866603917e-22
-1.115922056909841210e-22
2.163665466314546461e-22
-2.288501344675681161e-23
-5.217196968504970487e-23
-2.721687443559272030e-22
3.827643540762850811e-22
1.937043337753875806e-23
1.909178981855864379e-22
-1.290522750286315457e-22
8.185069738529717557e-23
-2.830376959940720853e-22
-7.970522442536704675e-23
-1.045131045836688877e-22
1.244181926379809550e-22
1.075825818420698720e-22
-4.744614222035374788e-23
-1.323314201600530109e-22
-1.333940346771177636e-22
1.022170041602630718e-22
2.117510178570453544e-23
-8.310766463389303879e-23
1.858037827536795186e-22
-6.110414356307280382e-24
-1.604539953298992405e-22
-4.977827399533234947e-23
7.630006615386408332e-23
-5.250789169832911912e-23
8.497246398129263502e-23
-6.784762284532066075e-23
2.070412202059855925e-22
-1.347810965735157725e-22
3.450833354115750192e-22
-1.106981081863082565e-22
5.957920874301081780e-23
2.676882023057733361e-22
-1.313488088369090446e-22
-9.837362559246129258e-23
2.493823413261347365e-22
-1.120208856173733367e-22
-4.610456885013970193e-23
2.042157938759701599e-22
-6.237168987742282173e-23
5.679020062728495280e-23
-5.499621665853282781e-23
4.398457320975726004e-24
-1.477478823771315973e-22
-1.286234273038294394e-22
-9.652618779521077189e-23
-6.133530691721456025e-24
-1.695483317814267338e-22
-1.328098212006441948e-22
-2.250540230708667219e-23
-2.112852457909197046e-22
-2.720119107079386679e-22
-8.240506658777006563e-24
4.704550481394719432e-23
-1.167101855722393003e-22
1.314112781757505336e-22
-7.090634895757458070e-23
-6.621825206263504319e-23
7.985803505628268701e-23
-4.461206833405151043e-23
2.215174268560674146e-23
8.572831789472784682e-23
7.846466197682091691e-23
3.896217051366225823e-23
1.801982003008991018e-22
1.727697329734506301e-22
9.922194372772300402e-23
-3.785301922562293527e-22
6.635262884570244214e-23
-4.285003506711044364e-23
1.194686594949251419e-22
-1.067035366105552262e-22
2.161251690627487964e-22
9.528308267492000525e-23
7.344988809414662680e-23
2.439927530715741435e-22
2.091304791623308328e-22
1.223294492917191040e-22
-5.753345423090950609e-23
1.136470204204466817e-22
2.703607102304220576e-23
1.758342407827038456e-22
1.909306064995459701e-23
-4.550184370257263926e-23
-1.091395509539921491e-22
-2.093023959968679571e-22
-4.558961622648915895e-23
-4.268625497082719219e-23
-8.644982547862909404e-23
-1.854934299799524422e-22
1.329696732840444203e-22
-2.426350092963087231e-23
6.300394521270910495e-23
-2.212105474968084426e-22
7.521700842310127771e-23
-1.445858685929442031e-22
1.506876382647119303e-22
-8.572980084192016268e-23
1.991110169000282490e-22
1.575340675120838496e-22
-2.250106184657047047e-23
-1.437478008870670692e-22
-1.353530316606713702e-22
-3.110739877404594034e-23
-3.649461500310881386e-22
1.186965665468023882e-23
-2.306202461640763861e-22
6.378312211113154635e-23
-1.701821798054181298e-22
-8.662205389627690194e-23
6.817245553393756393e-23
2.596600805442341976e-22
-2.289616856710918044e-22
-2.010719020144870849e-23
1.166137203241048923e-22
9.982024010312678223e-23
9.754174219998567253e-23
5.794741337945231685e-23
-4.054760812689945877e-23
5.837489398035699221e-23
9.165241118277159644e-23
5.608334968086147056e-24
-4.105716542781139343e-23
-2.698925243398807017e-24
-2.776062100985556314e-23
8.713982576319450757e-25
-8.872975492350198317e-23
1.242071179093894853e-23
-3.771376341681789255e-23
1.412645643704927723e-22
2.921060722429255316e-22
8.701293424637738070e-24
1.119148546245813565e-23
-5.330171690179516013e-23
6.424874598485429184e-23
-3.112090589292500907e-23
-7.095866557294175966e-23
7.923134924832362005e-23
1.346712776524485565e-23
-8.326313024742383732e-23
2.873625286921295074e-23
4.217277515450618223e-23
8.090886032994536804e-23
-7.966991974318239144e-24
5.045611907426665544e-23
-1.785691620335696570e-22
6.993862011474537195e-23
1.442440770126972473e-23
-2.642960172359523326e-22
1.330268566730219427e-22
-1.399385810934510845e-22
1.455624478184983672e-23
-7.152448741067654521e-24
-1.730284887898626795e-23
-8.626378595772695876e-23
5.731940740306282289e-23
5.880308296024861638e-23
1.439600900685471308e-22
4.959703912392242799e-23
-7.404423108255352732e-23
4.246501127054964632e-23
1.812627353365266745e-22
-8.259371616097599941e-23
2.829181053586289298e-22
4.134650031217914340e-24
-6.565786217920963113e-23
-8.668963091084795299e-23
3.460629741432628934e-22
-8.849911452955088906e-23
1.906377824069167710e-22
-3.050287521478654162e-22
-1.874680403397972464e-23
-1.787373935845488138e-22
3.877435943025622728e-25
-1.121955367296135669e-22
-2.390522585263969992e-22
6.216470113424805462e-23
-3.656959024542240825e-25
-2.637827311555566676e-22
2.496867359385152537e-23
-1.538726150528124350e-23
1.179361059501151811e-22
-4.465921619093249769e-23
-2.001695459527493174e-22
-1.163508036576200533e-22
-6.970040675605009311e-23
1.668145208070939871e-23
-1.199458536950127172e-22
-1.587459939812142138e-22
-7.557221775170101498e-23
-4.269064723716188375e-23
5.193100167781976427e-23
1.022758204226462534e-22
1.403997167112444158e-22
2.719267792848441923e-22
1.562698776442256047e-22
1.098452255712675829e-22
-1.125054190793217425e-22
3.573924406599824066e-23
2.284217495129035543e-22
-2.326814329004643124e-23
6.755580458926931619e-23
-4.883452436819829848e-23
-1.471677072508808811e-22
1.904986793924158824e-22
-1.458128623551454870e-22
9.829856463317112038e-23
2.211852914239035636e-22
9.110530054753867704e-23
8.811674162493789456e-23
1.941138987985277271e-22
-2.200083729100448158e-22
7.165886019391651755e-23
6.746535544786549185e-24
-2.420741192486916956e-23
-1.878268593756735215e-22
3.394800859385073492e-23
-3.433224472059429403e-23
1.343930954931654999e-22
8.332850556534847334e-23
-4.361601614134720432e-23
2.246528614766865320e-22
3.166492273770131453e-23
-9.334614841847505405e-23
-1.521150265952931958e-22
8.449692901241159240e-23
1.258061586204777640e-23
-5.685949178545068363e-23
-1.283501130035350822e-22
-1.403962860237301044e-22
2.114110789875956069e-22
-1.783228106128324757e-22
-2.181948104884366723e-23
-1.239912111903888563e-22
-3.541067761612248625e-22
-8.461210359658906134e-23
3.928248096238840758e-23
1.279718569826699826e-22
4.768363434107463288e-23
3.477020176143657064e-23
-1.477206038511853008e-22
-1.399807932405644298e-22
-9.220113769283538461e-23
2.850391652914771760e-22
-1.536474916612663352e-22
1.283800638906779355e-22
1.493536866458118059e-24
-2.085727698918494583e-22
8.453481400302584673e-23
-1.055852649102903803e-22
-1.278193130242048166e-22
-1.466557579469086906e-23
-5.999907766800876659e-23
6.170108464423444709e-23
1.366438484845886141e-22
-1.353927635482861677e-22
2.008274166438995887e-22
-2.688248834753746154e-22
-3.376282111501352204e-23
9.415330561361308801e-23
-5.219303551110296463e-23
2.709692103055452242e-22
-7.932462024514521601e-23
1.140535631946932412e-22
1.585257550701838917e-22
2.720054015677073417e-23
2.756407205648844770e-22
-3.468671447401334476e-23
6.358513852215556839e-23
1.172199872772849741e-22
2.211168912300463961e-22
4.745999877770768071e-23
-2.239154716609241796e-23
1.643032454554185790e-22
-3.695856039669825317e-23
-1.033438632578831704e-22
-2.564618744278372962e-22
-9.982321114282579460e-23
2.147353361271242645e-22
9.838039101139560628e-23
6.599835215092115287e-23
2.875349447137821118e-23
-6.712513285917012604e-23
-3.086466447202416985e-23
-1.610098536371496629e-23
4.738631757926326837e-24
-8.265384326696057057e-23
-4.869501243356006309e-23
-8.257421637860593707e-23
4.918577721481699086e-23
-7.759393949018517343e-23
6.451927642193252150e-23
1.856978599662213063e-22
7.130370323550461355e-23
-3.377637025240966815e-22
9.401364184112086824e-23
-2.438538636825452820e-22
1.216380316802794242e-23
-2.293487879574537801e-22
-1.862787025399804170e-22
-1.412053679742331678e-22
1.043619705416823604e-22
1.551351582096357052e-22
-1.588762843327947909e-22
2.268714316294043763e-22
1.252977230286739322e-22
2.377510529150544070e-24
-1.197674660382134931e-23
-1.963274220006009176e-22
-2.489327362203215326e-22
3.572806956530109031e-23
-2.338946431270405201e-23
-2.296335069592977702e-23
-1.161289577053862383e-22
-2.297335238788725523e-22
6.737929541714760267e-23
-2.123682614997219444e-22
1.139714719061005700e-22
7.560432387255604700e-23
2.033843941845776649e-22
-1.599762131527190335e-22
2.501686006463111089e-23
-8.901879291099465800e-23
8.926110347132621184e-23
2.282746322224396634e-22
2.902283586032933760e-22
1.785714950340772985e-22
1.488122587323234114e-22
5.055149229024569073e-23
7.112871469918087609e-23
2.085865858065121546e-22
-1.959722936396262656e-24
6.357876301679729616e-24
2.557396738828161365e-22
-1.467925521724025763e-22
9.379427466268724842e-23
-2.303186305937667491e-23
-1.145222247155586732e-22
-5.987906715560178014e-23
1.279385646663667986e-22
-8.405037875523627144e-23
-5.282168200147061790e-23
1.553875537220741701e-22
-1.433766808102939424e-22
-3.404276060640786880e-23
2.818070867860613574e-22
-4.160646180848843220e-22
6.057862009023973548e-23
-5.350018155460017286e-23
3.992100020250368605e-23
-1.709468197756498803e-22
8.231125018047736195e-23
-3.601403539939581111e-22
3.209377866203089934e-23
-3.171310940104116285e-23
1.258936875880959074e-22
1.033145615039020226e-22
-9.929109423015903282e-23
1.066315040244614337e-22
-6.643239654167634066e-23
1.557189401703154918e-23
-1.694799918805304084e-22
1.178304084772904296e-22
-5.197643554513545763e-23
-1.635508805840073398e-22
8.228092859292238508e-23
-2.861367511494446705e-22
3.765123245913656258e-23
-1.560191176973842761e-22
1.594700945581991050e-23
4.807741691605198707e-23
4.912702213029194620e-23
-1.469355022692402119e-22
-4.922262586999637402e-23
3.843793721496053417e-23
1.197722783694760074e-22
-6.511538909645354240e-23
8.286063560406738669e-23
1.227891117913831129e-23
-1.623271762017971268e-23
-5.664357458794318320e-23
8.904451120415726941e-24
9.623956034837734486e-23
1.664631866771725475e-22
1.560144832632619626e-22
-6.257149503390923145e-23
-3.514767849243850319e-23
-4.684107593115503230e-23
1.941161759566950324e-22
-1.205306582038829506e-23
-1.600733558746022402e-23
-4.205493432809493102e-24
1.054416882600111392e-22
1.336230532190974559e-22
8.352631280959760878e-23
4.814292095480508193e-24
1.611368075724683424e-22
-7.553002135825761299e-23
3.519030643453372857e-23
5.980643568167209998e-23
-7.136907555302617480e-23
2.759205269998874224e-24
-5.814291768853246637e-23
-1.715070110786978739e-22
7.610662339071129885e-23
2.291602434491617162e-22
-3.136644038222247987e-22
5.624637842803127411e-23
-5.434367822671454117e-23
1.955119276888048255e-22
-1.938267065351334448e-23
-5.351957086035900152e-23
-8.917225866281681233e-23
-7.218667719133798554e-23
1.678248914436946707e-22
7.356456069795792623e-23
-1.456564673832466674e-22
-2.531633399448557928e-22
9.251070565020034240e-23
-1.635089182663514572e-22
-9.215985658556120208e-23
-9.105726542247875958e-23
6.679173462944738823e-23
1.035118685253767362e-22
-1.449884382393270255e-22
2.558981564212421311e-23
3.467338208300653106e-23
-9.729428431574803173e-23
-1.768099848041648690e-22
-2.500993242454074409e-22
9.829217275678003676e-23
